[ 1005409.  1005413.  1005427.  1005437.  1005439.  1005457.  1005467.
  1005481.  1005493.  1005503.  1005527.  1005541.  1005551.  1005553.
  1005581.  1005593.  1005617.  1005619.  1005637.  1005643.  1005647.
  1005661.  1005677.  1005679.  1005701.  1005709.  1005751.  1005761.
  1005821.  1005827.  1005833.  1005883.  1005911.  1005913.  1005931.
  1005937.  1005959.  1005971.  1005989.  1006003.  1006007.  1006021.
  1006037.  1006063.  1006087.  1006091.  1006123.  1006133.  1006147.
  1006151.  1006153.  1006163.  1006169.  1006171.  1006177.  1006189.
  1006193.  1006217.  1006219.  1006231.  1006237.  1006241.  1006249.
  1006253.  1006267.  1006279.  1006301.  1006303.  1006307.  1006309.
  1006331.  1006333.  1006337.  1006339.  1006351.  1006361.  1006367.
  1006391.  1006393.  1006433.  1006441.  1006463.  1006469.  1006471.
  1006493.  1006507.  1006513.  1006531.  1006543.  1006547.  1006559.
  1006583.  1006589.  1006609.  1006613.  1006633.  1006637.  1006651.
  1006711.  1006721.]