[ 1009319.  1009321.  1009343.  1009357.  1009361.  1009369.  1009373.
  1009387.  1009399.  1009417.  1009433.  1009439.  1009457.  1009483.
  1009487.  1009499.  1009501.  1009507.  1009531.  1009537.  1009559.
  1009573.  1009601.  1009609.  1009621.  1009627.  1009637.  1009643.
  1009649.  1009651.  1009669.  1009727.  1009741.  1009747.  1009781.
  1009787.  1009807.  1009819.  1009837.  1009843.  1009859.  1009873.
  1009901.  1009909.  1009927.  1009937.  1009951.  1009963.  1009991.
  1009993.  1009997.  1010003.  1010033.  1010069.  1010081.  1010083.
  1010129.  1010131.  1010143.  1010167.  1010179.  1010201.  1010203.
  1010237.  1010263.  1010291.  1010297.  1010329.  1010353.  1010357.
  1010381.  1010407.  1010411.  1010419.  1010423.  1010431.  1010461.
  1010467.  1010473.  1010491.  1010501.  1010509.  1010519.  1010549.
  1010567.  1010579.  1010617.  1010623.  1010627.  1010671.  1010683.
  1010687.  1010717.  1010719.  1010747.  1010749.  1010753.  1010759.
  1010767.  1010771.]