[ 1012171.  1012183.  1012189.  1012201.  1012213.  1012217.  1012229.
  1012241.  1012259.  1012261.  1012267.  1012279.  1012289.  1012307.
  1012321.  1012369.  1012373.  1012379.  1012397.  1012399.  1012411.
  1012421.  1012423.  1012433.  1012439.  1012447.  1012457.  1012463.
  1012481.  1012489.  1012507.  1012513.  1012519.  1012523.  1012547.
  1012549.  1012559.  1012573.  1012591.  1012597.  1012601.  1012619.
  1012631.  1012633.  1012637.  1012657.  1012663.  1012679.  1012691.
  1012699.  1012703.  1012717.  1012721.  1012733.  1012751.  1012763.
  1012769.  1012771.  1012789.  1012811.  1012829.  1012831.  1012861.
  1012903.  1012919.  1012931.  1012967.  1012981.  1012993.  1012997.
  1013003.  1013009.  1013029.  1013041.  1013053.  1013063.  1013143.
  1013153.  1013197.  1013203.  1013227.  1013237.  1013239.  1013249.
  1013263.  1013267.  1013279.  1013291.  1013321.  1013329.  1013377.
  1013399.  1013401.  1013429.  1013431.  1013471.  1013477.  1013501.
  1013503.  1013527.]