[ 1013531.  1013533.  1013563.  1013569.  1013581.  1013603.  1013609.
  1013627.  1013629.  1013641.  1013671.  1013681.  1013687.  1013699.
  1013711.  1013713.  1013717.  1013729.  1013741.  1013767.  1013773.
  1013791.  1013813.  1013819.  1013827.  1013833.  1013839.  1013843.
  1013851.  1013879.  1013891.  1013893.  1013899.  1013921.  1013923.
  1013933.  1013993.  1014007.  1014029.  1014037.  1014061.  1014089.
  1014113.  1014121.  1014127.  1014131.  1014137.  1014149.  1014157.
  1014161.  1014173.  1014193.  1014197.  1014199.  1014229.  1014257.
  1014259.  1014263.  1014287.  1014301.  1014317.  1014319.  1014331.
  1014337.  1014341.  1014359.  1014361.  1014371.  1014389.  1014397.
  1014451.  1014457.  1014469.  1014487.  1014493.  1014521.  1014539.
  1014547.  1014557.  1014571.  1014593.  1014617.  1014631.  1014641.
  1014649.  1014677.  1014697.  1014719.  1014721.  1014731.  1014743.
  1014749.  1014763.  1014779.  1014787.  1014817.  1014821.  1014833.
  1014863.  1014869.]