[ 1017617.  1017623.  1017647.  1017649.  1017673.  1017683.  1017703.
  1017713.  1017719.  1017721.  1017749.  1017781.  1017787.  1017799.
  1017817.  1017827.  1017847.  1017851.  1017857.  1017859.  1017881.
  1017889.  1017923.  1017953.  1017959.  1017997.  1018007.  1018019.
  1018021.  1018057.  1018091.  1018097.  1018109.  1018123.  1018177.
  1018201.  1018207.  1018217.  1018223.  1018247.  1018253.  1018271.
  1018291.  1018301.  1018309.  1018313.  1018337.  1018357.  1018411.
  1018421.  1018429.  1018439.  1018447.  1018471.  1018477.  1018489.
  1018513.  1018543.  1018559.  1018583.  1018613.  1018621.  1018643.
  1018649.  1018651.  1018669.  1018673.  1018679.  1018697.  1018709.
  1018711.  1018729.  1018733.  1018763.  1018769.  1018777.  1018789.
  1018807.  1018811.  1018813.  1018817.  1018859.  1018873.  1018879.
  1018889.  1018903.  1018907.  1018931.  1018937.  1018949.  1018957.
  1018967.  1018981.  1018987.  1018993.  1018999.  1019023.  1019033.
  1019059.  1019069.]