[ 1019071.  1019077.  1019093.  1019119.  1019129.  1019173.  1019177.
  1019197.  1019209.  1019237.  1019251.  1019257.  1019261.  1019267.
  1019273.  1019281.  1019297.  1019329.  1019339.  1019351.  1019353.
  1019357.  1019377.  1019399.  1019411.  1019413.  1019423.  1019443.
  1019449.  1019453.  1019467.  1019471.  1019479.  1019503.  1019509.
  1019531.  1019533.  1019537.  1019549.  1019563.  1019617.  1019639.
  1019647.  1019657.  1019663.  1019687.  1019693.  1019699.  1019701.
  1019713.  1019717.  1019723.  1019729.  1019731.  1019741.  1019747.
  1019771.  1019783.  1019801.  1019819.  1019827.  1019839.  1019849.
  1019857.  1019861.  1019873.  1019899.  1019903.  1019927.  1019971.
  1020001.  1020007.  1020011.  1020013.  1020023.  1020037.  1020043.
  1020049.  1020059.  1020077.  1020079.  1020101.  1020109.  1020113.
  1020137.  1020143.  1020157.  1020163.  1020223.  1020233.  1020247.
  1020259.  1020269.  1020293.  1020301.  1020329.  1020337.  1020353.
  1020361.  1020379.]