[ 102329.  102337.  102359.  102367.  102397.  102407.  102409.  102433.
  102437.  102451.  102461.  102481.  102497.  102499.  102503.  102523.
  102533.  102539.  102547.  102551.  102559.  102563.  102587.  102593.
  102607.  102611.  102643.  102647.  102653.  102667.  102673.  102677.
  102679.  102701.  102761.  102763.  102769.  102793.  102797.  102811.
  102829.  102841.  102859.  102871.  102877.  102881.  102911.  102913.
  102929.  102931.  102953.  102967.  102983.  103001.  103007.  103043.
  103049.  103067.  103069.  103079.  103087.  103091.  103093.  103099.
  103123.  103141.  103171.  103177.  103183.  103217.  103231.  103237.
  103289.  103291.  103307.  103319.  103333.  103349.  103357.  103387.
  103391.  103393.  103399.  103409.  103421.  103423.  103451.  103457.
  103471.  103483.  103511.  103529.  103549.  103553.  103561.  103567.
  103573.  103577.  103583.  103591.]