[ 1023079.  1023083.  1023101.  1023107.  1023133.  1023163.  1023167.
  1023173.  1023199.  1023203.  1023221.  1023227.  1023229.  1023257.
  1023259.  1023263.  1023277.  1023289.  1023299.  1023301.  1023311.
  1023313.  1023317.  1023329.  1023353.  1023361.  1023367.  1023389.
  1023391.  1023409.  1023413.  1023419.  1023461.  1023467.  1023487.
  1023499.  1023521.  1023541.  1023551.  1023557.  1023571.  1023577.
  1023601.  1023643.  1023653.  1023697.  1023719.  1023721.  1023731.
  1023733.  1023751.  1023769.  1023821.  1023833.  1023839.  1023851.
  1023857.  1023871.  1023941.  1023943.  1023947.  1023949.  1023973.
  1023977.  1023991.  1024021.  1024031.  1024061.  1024073.  1024087.
  1024091.  1024099.  1024103.  1024151.  1024159.  1024171.  1024183.
  1024189.  1024207.  1024249.  1024277.  1024307.  1024313.  1024319.
  1024321.  1024327.  1024337.  1024339.  1024357.  1024379.  1024391.
  1024399.  1024411.  1024421.  1024427.  1024433.  1024477.  1024481.
  1024511.  1024523.]