[ 1024547.  1024559.  1024577.  1024579.  1024589.  1024591.  1024609.
  1024633.  1024663.  1024669.  1024693.  1024697.  1024703.  1024711.
  1024721.  1024729.  1024757.  1024783.  1024799.  1024823.  1024843.
  1024853.  1024871.  1024883.  1024901.  1024909.  1024921.  1024931.
  1024939.  1024943.  1024951.  1024957.  1024963.  1024987.  1024997.
  1025009.  1025021.  1025029.  1025039.  1025047.  1025081.  1025093.
  1025099.  1025111.  1025113.  1025119.  1025137.  1025147.  1025149.
  1025153.  1025161.  1025197.  1025203.  1025209.  1025231.  1025239.
  1025257.  1025261.  1025267.  1025273.  1025279.  1025281.  1025303.
  1025327.  1025333.  1025347.  1025351.  1025383.  1025393.  1025407.
  1025413.  1025417.  1025419.  1025443.  1025459.  1025477.  1025483.
  1025503.  1025509.  1025513.  1025537.  1025543.  1025551.  1025561.
  1025579.  1025611.  1025621.  1025623.  1025641.  1025653.  1025659.
  1025669.  1025693.  1025707.  1025741.  1025747.  1025749.  1025767.
  1025789.  1025803.]