[ 1027199.  1027207.  1027211.  1027223.  1027241.  1027261.  1027277.
  1027289.  1027319.  1027321.  1027331.  1027357.  1027391.  1027409.
  1027417.  1027421.  1027427.  1027459.  1027471.  1027483.  1027487.
  1027489.  1027493.  1027519.  1027547.  1027549.  1027567.  1027591.
  1027597.  1027613.  1027643.  1027679.  1027687.  1027693.  1027703.
  1027717.  1027727.  1027739.  1027751.  1027753.  1027757.  1027759.
  1027777.  1027783.  1027787.  1027799.  1027841.  1027853.  1027883.
  1027891.  1027931.  1027969.  1027987.  1028003.  1028011.  1028017.
  1028023.  1028029.  1028047.  1028051.  1028063.  1028081.  1028089.
  1028099.  1028101.  1028107.  1028113.  1028117.  1028129.  1028141.
  1028149.  1028189.  1028191.  1028201.  1028207.  1028213.  1028221.
  1028231.  1028243.  1028263.  1028273.  1028303.  1028309.  1028317.
  1028327.  1028329.  1028333.  1028389.  1028393.  1028411.  1028437.
  1028471.  1028473.  1028479.  1028509.  1028557.  1028561.  1028569.
  1028579.  1028581.]