[ 1028597.  1028617.  1028647.  1028663.  1028669.  1028681.  1028683.
  1028737.  1028747.  1028749.  1028761.  1028773.  1028777.  1028803.
  1028809.  1028837.  1028843.  1028873.  1028893.  1028903.  1028939.
  1028941.  1028953.  1028957.  1028969.  1028981.  1028999.  1029001.
  1029013.  1029023.  1029037.  1029103.  1029109.  1029113.  1029139.
  1029151.  1029157.  1029167.  1029179.  1029191.  1029199.  1029209.
  1029247.  1029251.  1029263.  1029277.  1029289.  1029307.  1029323.
  1029331.  1029337.  1029341.  1029349.  1029359.  1029361.  1029383.
  1029403.  1029407.  1029409.  1029433.  1029467.  1029473.  1029481.
  1029487.  1029499.  1029517.  1029521.  1029527.  1029533.  1029547.
  1029563.  1029569.  1029577.  1029583.  1029593.  1029601.  1029617.
  1029643.  1029647.  1029653.  1029689.  1029697.  1029731.  1029751.
  1029757.  1029767.  1029803.  1029823.  1029827.  1029839.  1029841.
  1029859.  1029881.  1029883.  1029907.  1029929.  1029937.  1029943.
  1029953.  1029967.]