[ 1031461.  1031477.  1031479.  1031483.  1031489.  1031507.  1031521.
  1031531.  1031533.  1031549.  1031561.  1031593.  1031609.  1031623.
  1031629.  1031633.  1031669.  1031677.  1031707.  1031717.  1031729.
  1031731.  1031741.  1031753.  1031759.  1031761.  1031809.  1031813.
  1031831.  1031837.  1031869.  1031911.  1031923.  1031981.  1031999.
  1032007.  1032047.  1032049.  1032067.  1032071.  1032107.  1032131.
  1032151.  1032191.  1032193.  1032211.  1032221.  1032233.  1032259.
  1032287.  1032299.  1032307.  1032319.  1032329.  1032341.  1032347.
  1032349.  1032373.  1032377.  1032391.  1032397.  1032407.  1032419.
  1032433.  1032457.  1032463.  1032467.  1032491.  1032497.  1032509.
  1032511.  1032527.  1032541.  1032571.  1032583.  1032601.  1032607.
  1032613.  1032617.  1032643.  1032649.  1032679.  1032683.  1032697.
  1032701.  1032709.  1032721.  1032727.  1032739.  1032751.  1032763.
  1032793.  1032799.  1032803.  1032833.  1032839.  1032841.  1032847.
  1032851.  1032853.]