[ 1034233.  1034237.  1034239.  1034249.  1034251.  1034281.  1034309.
  1034317.  1034323.  1034339.  1034353.  1034357.  1034359.  1034381.
  1034387.  1034419.  1034443.  1034461.  1034477.  1034479.  1034489.
  1034491.  1034503.  1034513.  1034549.  1034567.  1034581.  1034591.
  1034597.  1034599.  1034617.  1034639.  1034651.  1034653.  1034659.
  1034707.  1034729.  1034731.  1034767.  1034771.  1034783.  1034791.
  1034809.  1034827.  1034833.  1034837.  1034849.  1034857.  1034861.
  1034863.  1034867.  1034879.  1034903.  1034941.  1034951.  1034953.
  1034959.  1034983.  1034989.  1034993.  1035007.  1035019.  1035043.
  1035061.  1035077.  1035107.  1035131.  1035163.  1035187.  1035191.
  1035197.  1035211.  1035241.  1035247.  1035257.  1035263.  1035277.
  1035301.  1035313.  1035323.  1035341.  1035343.  1035361.  1035379.
  1035383.  1035403.  1035409.  1035413.  1035427.  1035449.  1035451.
  1035467.  1035469.  1035473.  1035479.  1035499.  1035527.  1035533.
  1035547.  1035563.]