[ 103613.  103619.  103643.  103651.  103657.  103669.  103681.  103687.
  103699.  103703.  103723.  103769.  103787.  103801.  103811.  103813.
  103837.  103841.  103843.  103867.  103889.  103903.  103913.  103919.
  103951.  103963.  103967.  103969.  103979.  103981.  103991.  103993.
  103997.  104003.  104009.  104021.  104033.  104047.  104053.  104059.
  104087.  104089.  104107.  104113.  104119.  104123.  104147.  104149.
  104161.  104173.  104179.  104183.  104207.  104231.  104233.  104239.
  104243.  104281.  104287.  104297.  104309.  104311.  104323.  104327.
  104347.  104369.  104381.  104383.  104393.  104399.  104417.  104459.
  104471.  104473.  104479.  104491.  104513.  104527.  104537.  104543.
  104549.  104551.  104561.  104579.  104593.  104597.  104623.  104639.
  104651.  104659.  104677.  104681.  104683.  104693.  104701.  104707.
  104711.  104717.  104723.  104729.]