[ 1035571.  1035581.  1035599.  1035607.  1035613.  1035631.  1035637.
  1035641.  1035649.  1035659.  1035707.  1035733.  1035743.  1035761.
  1035763.  1035781.  1035791.  1035829.  1035869.  1035893.  1035917.
  1035949.  1035953.  1035959.  1035973.  1035977.  1036001.  1036003.
  1036027.  1036039.  1036067.  1036069.  1036073.  1036093.  1036109.
  1036117.  1036121.  1036129.  1036153.  1036163.  1036183.  1036213.
  1036223.  1036229.  1036247.  1036249.  1036253.  1036261.  1036267.
  1036271.  1036291.  1036297.  1036307.  1036319.  1036327.  1036331.
  1036339.  1036349.  1036351.  1036363.  1036367.  1036369.  1036391.
  1036411.  1036459.  1036471.  1036493.  1036499.  1036513.  1036531.
  1036537.  1036561.  1036579.  1036613.  1036619.  1036631.  1036649.
  1036661.  1036667.  1036669.  1036681.  1036729.  1036747.  1036751.
  1036757.  1036759.  1036769.  1036787.  1036793.  1036799.  1036829.
  1036831.  1036853.  1036873.  1036877.  1036883.  1036913.  1036921.
  1036943.  1036951.]