[ 1036957.  1036979.  1036991.  1036993.  1037041.  1037053.  1037059.
  1037081.  1037087.  1037089.  1037123.  1037129.  1037137.  1037143.
  1037213.  1037233.  1037249.  1037261.  1037273.  1037293.  1037297.
  1037303.  1037317.  1037327.  1037329.  1037339.  1037347.  1037401.
  1037411.  1037437.  1037441.  1037447.  1037471.  1037479.  1037489.
  1037497.  1037503.  1037537.  1037557.  1037563.  1037567.  1037593.
  1037611.  1037627.  1037653.  1037657.  1037677.  1037681.  1037683.
  1037741.  1037747.  1037753.  1037759.  1037767.  1037791.  1037801.
  1037819.  1037831.  1037857.  1037873.  1037879.  1037893.  1037903.
  1037917.  1037929.  1037941.  1037957.  1037963.  1037983.  1038001.
  1038017.  1038019.  1038029.  1038041.  1038043.  1038047.  1038073.
  1038077.  1038119.  1038127.  1038143.  1038157.  1038187.  1038199.
  1038203.  1038209.  1038211.  1038227.  1038251.  1038253.  1038259.
  1038263.  1038269.  1038307.  1038311.  1038319.  1038329.  1038337.
  1038383.  1038391.]