[ 1038409.  1038421.  1038449.  1038463.  1038487.  1038497.  1038503.
  1038523.  1038529.  1038539.  1038563.  1038589.  1038599.  1038601.
  1038617.  1038619.  1038623.  1038629.  1038637.  1038643.  1038671.
  1038689.  1038691.  1038707.  1038721.  1038727.  1038731.  1038757.
  1038797.  1038803.  1038811.  1038823.  1038827.  1038833.  1038881.
  1038913.  1038937.  1038941.  1038953.  1039001.  1039007.  1039021.
  1039033.  1039037.  1039039.  1039043.  1039067.  1039069.  1039081.
  1039109.  1039111.  1039127.  1039139.  1039153.  1039169.  1039187.
  1039229.  1039249.  1039279.  1039289.  1039307.  1039321.  1039327.
  1039343.  1039349.  1039351.  1039387.  1039421.  1039427.  1039429.
  1039463.  1039469.  1039477.  1039481.  1039513.  1039517.  1039537.
  1039543.  1039553.  1039603.  1039607.  1039631.  1039651.  1039657.
  1039667.  1039681.  1039733.  1039763.  1039769.  1039789.  1039799.
  1039817.  1039823.  1039837.  1039891.  1039897.  1039901.  1039921.
  1039931.  1039943.]