[ 1039949.  1039979.  1039999.  1040021.  1040029.  1040051.  1040057.
  1040059.  1040069.  1040071.  1040089.  1040093.  1040101.  1040113.
  1040119.  1040141.  1040153.  1040159.  1040161.  1040167.  1040183.
  1040189.  1040191.  1040203.  1040219.  1040227.  1040311.  1040327.
  1040339.  1040353.  1040371.  1040381.  1040387.  1040407.  1040411.
  1040419.  1040447.  1040449.  1040483.  1040489.  1040503.  1040521.
  1040531.  1040563.  1040579.  1040581.  1040597.  1040629.  1040651.
  1040657.  1040659.  1040671.  1040717.  1040731.  1040747.  1040749.
  1040771.  1040777.  1040779.  1040783.  1040797.  1040803.  1040807.
  1040813.  1040821.  1040827.  1040833.  1040857.  1040861.  1040873.
  1040881.  1040891.  1040899.  1040929.  1040939.  1040947.  1040951.
  1040959.  1040981.  1040989.  1041041.  1041077.  1041083.  1041091.
  1041109.  1041119.  1041121.  1041127.  1041137.  1041149.  1041151.
  1041163.  1041167.  1041169.  1041203.  1041221.  1041223.  1041239.
  1041241.  1041253.]