[ 1041269.  1041281.  1041283.  1041289.  1041307.  1041311.  1041317.
  1041329.  1041343.  1041349.  1041373.  1041421.  1041427.  1041449.
  1041451.  1041461.  1041497.  1041511.  1041517.  1041529.  1041553.
  1041559.  1041563.  1041571.  1041577.  1041583.  1041617.  1041619.
  1041643.  1041653.  1041671.  1041673.  1041701.  1041731.  1041737.
  1041757.  1041779.  1041787.  1041793.  1041823.  1041829.  1041841.
  1041853.  1041857.  1041863.  1041869.  1041889.  1041893.  1041907.
  1041919.  1041949.  1041961.  1041983.  1041991.  1042001.  1042021.
  1042039.  1042043.  1042081.  1042087.  1042091.  1042099.  1042103.
  1042109.  1042121.  1042123.  1042133.  1042141.  1042183.  1042187.
  1042193.  1042211.  1042241.  1042243.  1042259.  1042267.  1042271.
  1042273.  1042309.  1042331.  1042333.  1042357.  1042369.  1042373.
  1042381.  1042399.  1042427.  1042439.  1042451.  1042469.  1042487.
  1042519.  1042523.  1042529.  1042571.  1042577.  1042583.  1042597.
  1042607.  1042609.]