[ 1042619.  1042631.  1042633.  1042681.  1042687.  1042693.  1042703.
  1042709.  1042733.  1042759.  1042781.  1042799.  1042819.  1042829.
  1042837.  1042849.  1042861.  1042897.  1042901.  1042903.  1042931.
  1042949.  1042961.  1042997.  1043011.  1043023.  1043047.  1043083.
  1043089.  1043111.  1043113.  1043117.  1043131.  1043167.  1043173.
  1043177.  1043183.  1043191.  1043201.  1043209.  1043213.  1043221.
  1043279.  1043291.  1043293.  1043299.  1043311.  1043323.  1043351.
  1043369.  1043377.  1043401.  1043453.  1043467.  1043479.  1043489.
  1043501.  1043513.  1043521.  1043531.  1043543.  1043557.  1043587.
  1043591.  1043593.  1043597.  1043599.  1043617.  1043639.  1043657.
  1043663.  1043683.  1043701.  1043723.  1043743.  1043747.  1043753.
  1043759.  1043761.  1043767.  1043773.  1043831.  1043837.  1043839.
  1043843.  1043849.  1043857.  1043869.  1043873.  1043897.  1043899.
  1043921.  1043923.  1043929.  1043951.  1043969.  1043981.  1044019.
  1044023.  1044041.]