[ 1044053.  1044079.  1044091.  1044097.  1044133.  1044139.  1044149.
  1044161.  1044167.  1044179.  1044181.  1044187.  1044193.  1044209.
  1044217.  1044227.  1044247.  1044257.  1044271.  1044283.  1044287.
  1044289.  1044299.  1044343.  1044347.  1044353.  1044367.  1044371.
  1044383.  1044391.  1044397.  1044409.  1044437.  1044443.  1044451.
  1044457.  1044479.  1044509.  1044517.  1044529.  1044559.  1044569.
  1044583.  1044587.  1044613.  1044619.  1044629.  1044653.  1044689.
  1044697.  1044727.  1044733.  1044737.  1044739.  1044749.  1044751.
  1044761.  1044767.  1044779.  1044781.  1044809.  1044811.  1044833.
  1044839.  1044847.  1044851.  1044859.  1044877.  1044889.  1044893.
  1044931.  1044941.  1044971.  1044997.  1045003.  1045013.  1045021.
  1045027.  1045043.  1045061.  1045063.  1045081.  1045111.  1045117.
  1045123.  1045129.  1045151.  1045153.  1045157.  1045183.  1045193.
  1045199.  1045223.  1045229.  1045237.  1045241.  1045273.  1045277.
  1045307.  1045309.]