[ 1045321.  1045349.  1045367.  1045391.  1045393.  1045397.  1045409.
  1045411.  1045423.  1045427.  1045469.  1045487.  1045493.  1045507.
  1045523.  1045529.  1045543.  1045547.  1045549.  1045559.  1045571.
  1045573.  1045607.  1045621.  1045633.  1045643.  1045651.  1045663.
  1045679.  1045691.  1045727.  1045729.  1045739.  1045763.  1045799.
  1045801.  1045819.  1045829.  1045841.  1045859.  1045903.  1045907.
  1045963.  1045981.  1045987.  1045997.  1046029.  1046047.  1046051.
  1046053.  1046069.  1046077.  1046081.  1046113.  1046119.  1046179.
  1046183.  1046189.  1046191.  1046203.  1046207.  1046237.  1046239.
  1046257.  1046263.  1046329.  1046347.  1046351.  1046369.  1046371.
  1046389.  1046393.  1046399.  1046413.  1046447.  1046449.  1046459.
  1046497.  1046519.  1046527.  1046557.  1046579.  1046587.  1046597.
  1046599.  1046627.  1046641.  1046657.  1046659.  1046677.  1046681.
  1046687.  1046701.  1046711.  1046779.  1046791.  1046797.  1046807.
  1046827.  1046833.]