[ 1046849.  1046863.  1046867.  1046897.  1046917.  1046933.  1046951.
  1046959.  1046977.  1046993.  1046999.  1047031.  1047041.  1047043.
  1047061.  1047077.  1047089.  1047097.  1047107.  1047119.  1047127.
  1047131.  1047133.  1047139.  1047157.  1047173.  1047197.  1047199.
  1047229.  1047239.  1047247.  1047271.  1047281.  1047283.  1047289.
  1047307.  1047311.  1047313.  1047317.  1047323.  1047341.  1047367.
  1047373.  1047379.  1047391.  1047419.  1047467.  1047469.  1047479.
  1047491.  1047499.  1047511.  1047533.  1047539.  1047551.  1047559.
  1047587.  1047589.  1047647.  1047649.  1047653.  1047667.  1047671.
  1047689.  1047691.  1047701.  1047703.  1047713.  1047721.  1047737.
  1047751.  1047763.  1047773.  1047779.  1047821.  1047833.  1047841.
  1047859.  1047881.  1047883.  1047887.  1047923.  1047929.  1047941.
  1047961.  1047971.  1047979.  1047989.  1047997.  1048007.  1048009.
  1048013.  1048027.  1048043.  1048049.  1048051.  1048063.  1048123.
  1048127.  1048129.]