[ 1048139.  1048189.  1048193.  1048213.  1048217.  1048219.  1048261.
  1048273.  1048291.  1048309.  1048343.  1048357.  1048361.  1048367.
  1048387.  1048391.  1048423.  1048433.  1048447.  1048507.  1048517.
  1048549.  1048559.  1048571.  1048573.  1048583.  1048589.  1048601.
  1048609.  1048613.  1048627.  1048633.  1048661.  1048681.  1048703.
  1048709.  1048717.  1048721.  1048759.  1048783.  1048793.  1048799.
  1048807.  1048829.  1048837.  1048847.  1048867.  1048877.  1048889.
  1048891.  1048897.  1048909.  1048919.  1048963.  1048991.  1049011.
  1049023.  1049039.  1049051.  1049057.  1049063.  1049077.  1049089.
  1049093.  1049101.  1049117.  1049129.  1049131.  1049137.  1049141.
  1049143.  1049171.  1049173.  1049177.  1049183.  1049201.  1049219.
  1049227.  1049239.  1049263.  1049281.  1049297.  1049333.  1049339.
  1049387.  1049413.  1049429.  1049437.  1049459.  1049471.  1049473.
  1049479.  1049483.  1049497.  1049509.  1049519.  1049527.  1049533.
  1049537.  1049549.]