[ 1055371.  1055387.  1055399.  1055407.  1055413.  1055423.  1055429.
  1055437.  1055471.  1055489.  1055501.  1055503.  1055531.  1055543.
  1055567.  1055591.  1055597.  1055603.  1055609.  1055611.  1055671.
  1055689.  1055713.  1055731.  1055737.  1055741.  1055771.  1055783.
  1055801.  1055809.  1055827.  1055839.  1055851.  1055863.  1055867.
  1055881.  1055893.  1055897.  1055911.  1055917.  1055933.  1055939.
  1055947.  1055959.  1055969.  1055981.  1056007.  1056019.  1056047.
  1056049.  1056053.  1056061.  1056071.  1056073.  1056089.  1056109.
  1056113.  1056149.  1056161.  1056169.  1056173.  1056179.  1056203.
  1056217.  1056241.  1056247.  1056269.  1056271.  1056281.  1056287.
  1056311.  1056317.  1056323.  1056347.  1056353.  1056361.  1056371.
  1056373.  1056379.  1056401.  1056443.  1056463.  1056469.  1056479.
  1056481.  1056493.  1056509.  1056521.  1056541.  1056563.  1056569.
  1056577.  1056589.  1056599.  1056613.  1056617.  1056623.  1056641.
  1056659.  1056667.]