[ 1059511.  1059517.  1059547.  1059557.  1059571.  1059599.  1059613.
  1059637.  1059647.  1059671.  1059683.  1059697.  1059701.  1059703.
  1059713.  1059733.  1059743.  1059749.  1059757.  1059769.  1059787.
  1059823.  1059833.  1059847.  1059857.  1059871.  1059889.  1059893.
  1059923.  1059931.  1059937.  1059941.  1060009.  1060019.  1060021.
  1060039.  1060043.  1060051.  1060061.  1060091.  1060097.  1060123.
  1060133.  1060151.  1060177.  1060187.  1060201.  1060207.  1060223.
  1060229.  1060237.  1060249.  1060253.  1060271.  1060303.  1060313.
  1060321.  1060343.  1060349.  1060351.  1060357.  1060361.  1060373.
  1060379.  1060391.  1060393.  1060403.  1060421.  1060427.  1060441.
  1060453.  1060463.  1060469.  1060481.  1060487.  1060513.  1060519.
  1060529.  1060567.  1060571.  1060573.  1060589.  1060597.  1060621.
  1060673.  1060687.  1060721.  1060723.  1060739.  1060747.  1060769.
  1060777.  1060781.  1060861.  1060867.  1060883.  1060937.  1060949.
  1060963.  1060981.]