[ 1066643.  1066651.  1066669.  1066687.  1066693.  1066721.  1066729.
  1066753.  1066757.  1066777.  1066789.  1066811.  1066817.  1066847.
  1066859.  1066867.  1066883.  1066889.  1066909.  1066913.  1066931.
  1066973.  1066979.  1066981.  1066987.  1066999.  1067009.  1067023.
  1067029.  1067047.  1067057.  1067063.  1067069.  1067083.  1067137.
  1067147.  1067159.  1067167.  1067179.  1067203.  1067207.  1067221.
  1067239.  1067263.  1067293.  1067327.  1067329.  1067347.  1067351.
  1067359.  1067371.  1067383.  1067387.  1067411.  1067441.  1067459.
  1067467.  1067471.  1067489.  1067491.  1067497.  1067509.  1067537.
  1067551.  1067557.  1067567.  1067569.  1067593.  1067597.  1067611.
  1067621.  1067639.  1067653.  1067669.  1067687.  1067701.  1067707.
  1067711.  1067741.  1067747.  1067749.  1067761.  1067767.  1067777.
  1067789.  1067797.  1067831.  1067837.  1067849.  1067851.  1067879.
  1067893.  1067903.  1067909.  1067921.  1067939.  1067951.  1067987.
  1067999.  1068019.]