[ 1070621.  1070659.  1070681.  1070683.  1070689.  1070753.  1070761.
  1070777.  1070789.  1070803.  1070827.  1070843.  1070851.  1070869.
  1070873.  1070899.  1070921.  1070933.  1070939.  1070947.  1070981.
  1070987.  1071023.  1071047.  1071053.  1071061.  1071067.  1071121.
  1071131.  1071139.  1071149.  1071151.  1071157.  1071181.  1071193.
  1071197.  1071223.  1071227.  1071229.  1071233.  1071241.  1071253.
  1071269.  1071283.  1071311.  1071313.  1071337.  1071341.  1071349.
  1071359.  1071373.  1071377.  1071379.  1071401.  1071407.  1071419.
  1071439.  1071443.  1071451.  1071457.  1071479.  1071487.  1071529.
  1071533.  1071541.  1071563.  1071569.  1071571.  1071589.  1071601.
  1071641.  1071643.  1071659.  1071661.  1071671.  1071683.  1071703.
  1071739.  1071743.  1071761.  1071773.  1071787.  1071803.  1071817.
  1071821.  1071841.  1071857.  1071871.  1071899.  1071907.  1071911.
  1071919.  1071937.  1071943.  1071977.  1071979.  1071991.  1072009.
  1072039.  1072103.]