[ 1073563.  1073573.  1073587.  1073593.  1073599.  1073603.  1073627.
  1073647.  1073651.  1073687.  1073711.  1073713.  1073717.  1073729.
  1073773.  1073789.  1073791.  1073803.  1073819.  1073837.  1073857.
  1073869.  1073879.  1073881.  1073909.  1073911.  1073921.  1073951.
  1073953.  1073983.  1074001.  1074023.  1074041.  1074061.  1074067.
  1074071.  1074079.  1074083.  1074107.  1074109.  1074113.  1074121.
  1074133.  1074167.  1074223.  1074251.  1074253.  1074259.  1074277.
  1074287.  1074289.  1074299.  1074329.  1074343.  1074361.  1074371.
  1074377.  1074379.  1074389.  1074427.  1074433.  1074461.  1074473.
  1074481.  1074509.  1074511.  1074523.  1074533.  1074559.  1074581.
  1074607.  1074617.  1074641.  1074643.  1074649.  1074673.  1074683.
  1074691.  1074701.  1074707.  1074709.  1074713.  1074719.  1074751.
  1074761.  1074763.  1074833.  1074839.  1074847.  1074851.  1074877.
  1074883.  1074889.  1074901.  1074907.  1074917.  1074919.  1074923.
  1074929.  1074949.]