[ 1077719.  1077721.  1077733.  1077743.  1077751.  1077761.  1077763.
  1077793.  1077799.  1077821.  1077823.  1077827.  1077841.  1077859.
  1077863.  1077893.  1077911.  1077913.  1077917.  1077943.  1077971.
  1077977.  1077997.  1078001.  1078009.  1078019.  1078027.  1078031.
  1078043.  1078081.  1078109.  1078111.  1078127.  1078151.  1078153.
  1078159.  1078163.  1078169.  1078183.  1078199.  1078219.  1078241.
  1078247.  1078331.  1078333.  1078367.  1078369.  1078373.  1078387.
  1078393.  1078403.  1078409.  1078411.  1078417.  1078471.  1078489.
  1078507.  1078537.  1078559.  1078589.  1078643.  1078657.  1078673.
  1078681.  1078691.  1078699.  1078711.  1078717.  1078733.  1078739.
  1078757.  1078787.  1078789.  1078807.  1078813.  1078817.  1078841.
  1078849.  1078853.  1078873.  1078879.  1078919.  1078927.  1078937.
  1078943.  1078951.  1078967.  1078981.  1078993.  1079009.  1079011.
  1079021.  1079033.  1079053.  1079059.  1079069.  1079077.  1079081.
  1079087.  1079093.]