[ 1079101.  1079107.  1079123.  1079147.  1079153.  1079173.  1079189.
  1079213.  1079227.  1079233.  1079251.  1079269.  1079291.  1079297.
  1079311.  1079317.  1079329.  1079339.  1079357.  1079359.  1079369.
  1079383.  1079399.  1079417.  1079431.  1079453.  1079461.  1079471.
  1079473.  1079503.  1079509.  1079527.  1079531.  1079539.  1079569.
  1079593.  1079609.  1079621.  1079629.  1079633.  1079647.  1079651.
  1079669.  1079671.  1079681.  1079711.  1079717.  1079753.  1079777.
  1079779.  1079783.  1079797.  1079809.  1079821.  1079831.  1079849.
  1079861.  1079867.  1079879.  1079887.  1079917.  1079927.  1079929.
  1079933.  1079957.  1079963.  1079977.  1079983.  1079987.  1079999.
  1080007.  1080029.  1080043.  1080049.  1080059.  1080073.  1080077.
  1080083.  1080089.  1080091.  1080097.  1080119.  1080137.  1080143.
  1080173.  1080199.  1080217.  1080223.  1080229.  1080251.  1080259.
  1080263.  1080269.  1080271.  1080281.  1080301.  1080307.  1080311.
  1080329.  1080341.]