[ 1080347.  1080353.  1080383.  1080413.  1080419.  1080433.  1080439.
  1080449.  1080451.  1080463.  1080479.  1080481.  1080491.  1080523.
  1080539.  1080553.  1080557.  1080559.  1080589.  1080613.  1080647.
  1080649.  1080661.  1080679.  1080683.  1080713.  1080749.  1080757.
  1080763.  1080767.  1080773.  1080787.  1080791.  1080797.  1080803.
  1080811.  1080817.  1080823.  1080841.  1080847.  1080851.  1080857.
  1080899.  1080901.  1080907.  1080913.  1080923.  1080941.  1080943.
  1080971.  1080973.  1080983.  1081027.  1081037.  1081051.  1081061.
  1081079.  1081097.  1081099.  1081121.  1081123.  1081127.  1081133.
  1081139.  1081153.  1081163.  1081219.  1081229.  1081231.  1081237.
  1081243.  1081247.  1081277.  1081279.  1081291.  1081303.  1081307.
  1081331.  1081337.  1081351.  1081361.  1081369.  1081403.  1081417.
  1081429.  1081441.  1081477.  1081501.  1081513.  1081541.  1081583.
  1081631.  1081637.  1081657.  1081679.  1081681.  1081687.  1081699.
  1081709.  1081711.]