[ 1081721.  1081723.  1081733.  1081741.  1081757.  1081763.  1081771.
  1081777.  1081781.  1081789.  1081793.  1081813.  1081823.  1081853.
  1081859.  1081891.  1081901.  1081907.  1081919.  1081937.  1081939.
  1081979.  1081981.  1082017.  1082023.  1082027.  1082047.  1082083.
  1082089.  1082093.  1082099.  1082129.  1082141.  1082143.  1082149.
  1082153.  1082161.  1082171.  1082177.  1082189.  1082197.  1082209.
  1082231.  1082233.  1082243.  1082273.  1082317.  1082321.  1082351.
  1082369.  1082377.  1082381.  1082383.  1082387.  1082399.  1082429.
  1082443.  1082447.  1082467.  1082491.  1082527.  1082531.  1082533.
  1082573.  1082579.  1082581.  1082593.  1082597.  1082603.  1082621.
  1082629.  1082647.  1082659.  1082681.  1082699.  1082707.  1082717.
  1082723.  1082729.  1082743.  1082761.  1082777.  1082801.  1082881.
  1082891.  1082911.  1082969.  1082971.  1082989.  1082993.  1082999.
  1083007.  1083031.  1083037.  1083059.  1083073.  1083077.  1083079.
  1083083.  1083107.]