[ 108271.  108287.  108289.  108293.  108301.  108343.  108347.  108359.
  108377.  108379.  108401.  108413.  108421.  108439.  108457.  108461.
  108463.  108497.  108499.  108503.  108517.  108529.  108533.  108541.
  108553.  108557.  108571.  108587.  108631.  108637.  108643.  108649.
  108677.  108707.  108709.  108727.  108739.  108751.  108761.  108769.
  108791.  108793.  108799.  108803.  108821.  108827.  108863.  108869.
  108877.  108881.  108883.  108887.  108893.  108907.  108917.  108923.
  108929.  108943.  108947.  108949.  108959.  108961.  108967.  108971.
  108991.  109001.  109013.  109037.  109049.  109063.  109073.  109097.
  109103.  109111.  109121.  109133.  109139.  109141.  109147.  109159.
  109169.  109171.  109199.  109201.  109211.  109229.  109253.  109267.
  109279.  109297.  109303.  109313.  109321.  109331.  109357.  109363.
  109367.  109379.  109387.  109391.]