[ 1084543.  1084547.  1084553.  1084579.  1084609.  1084613.  1084621.
  1084627.  1084637.  1084649.  1084661.  1084669.  1084673.  1084697.
  1084711.  1084723.  1084747.  1084757.  1084771.  1084777.  1084793.
  1084799.  1084817.  1084823.  1084829.  1084859.  1084871.  1084891.
  1084927.  1084939.  1084943.  1084949.  1084981.  1084987.  1084997.
  1085003.  1085011.  1085017.  1085023.  1085047.  1085053.  1085101.
  1085111.  1085113.  1085131.  1085137.  1085141.  1085143.  1085153.
  1085159.  1085179.  1085197.  1085221.  1085269.  1085309.  1085317.
  1085327.  1085351.  1085353.  1085369.  1085389.  1085407.  1085419.
  1085429.  1085431.  1085443.  1085459.  1085473.  1085509.  1085521.
  1085551.  1085587.  1085611.  1085627.  1085633.  1085657.  1085663.
  1085677.  1085681.  1085687.  1085719.  1085737.  1085753.  1085767.
  1085771.  1085779.  1085801.  1085809.  1085813.  1085827.  1085857.
  1085863.  1085867.  1085873.  1085881.  1085891.  1085911.  1085933.
  1085957.  1085971.]