[ 1085989.  1086031.  1086047.  1086073.  1086089.  1086091.  1086101.
  1086103.  1086119.  1086133.  1086139.  1086149.  1086161.  1086179.
  1086191.  1086193.  1086199.  1086203.  1086247.  1086251.  1086257.
  1086259.  1086263.  1086277.  1086299.  1086301.  1086307.  1086331.
  1086343.  1086347.  1086353.  1086361.  1086373.  1086389.  1086391.
  1086413.  1086433.  1086443.  1086461.  1086469.  1086493.  1086509.
  1086511.  1086523.  1086529.  1086557.  1086559.  1086587.  1086607.
  1086611.  1086619.  1086637.  1086641.  1086647.  1086677.  1086689.
  1086703.  1086731.  1086749.  1086763.  1086769.  1086791.  1086809.
  1086817.  1086859.  1086863.  1086881.  1086893.  1086901.  1086913.
  1086919.  1086923.  1086931.  1086937.  1086989.  1086991.  1087001.
  1087019.  1087027.  1087061.  1087091.  1087109.  1087117.  1087129.
  1087147.  1087159.  1087231.  1087241.  1087249.  1087259.  1087271.
  1087291.  1087301.  1087309.  1087349.  1087357.  1087379.  1087381.
  1087391.  1087409.]