[ 1087423.  1087433.  1087451.  1087453.  1087459.  1087483.  1087487.
  1087517.  1087519.  1087543.  1087553.  1087561.  1087589.  1087591.
  1087621.  1087631.  1087657.  1087663.  1087673.  1087679.  1087687.
  1087717.  1087729.  1087741.  1087747.  1087753.  1087781.  1087787.
  1087789.  1087799.  1087811.  1087817.  1087829.  1087841.  1087843.
  1087861.  1087873.  1087897.  1087903.  1087907.  1087937.  1087963.
  1087967.  1087973.  1087981.  1087987.  1088023.  1088027.  1088039.
  1088053.  1088063.  1088071.  1088081.  1088089.  1088093.  1088123.
  1088159.  1088161.  1088209.  1088233.  1088237.  1088239.  1088251.
  1088267.  1088273.  1088293.  1088309.  1088371.  1088387.  1088389.
  1088393.  1088407.  1088413.  1088419.  1088431.  1088443.  1088447.
  1088449.  1088467.  1088471.  1088489.  1088519.  1088533.  1088537.
  1088543.  1088569.  1088579.  1088603.  1088611.  1088617.  1088621.
  1088623.  1088639.  1088641.  1088657.  1088669.  1088671.  1088687.
  1088693.  1088707.]