[ 1091561.  1091581.  1091591.  1091609.  1091617.  1091627.  1091633.
  1091639.  1091659.  1091663.  1091681.  1091687.  1091711.  1091729.
  1091731.  1091737.  1091749.  1091777.  1091807.  1091809.  1091837.
  1091843.  1091863.  1091869.  1091887.  1091917.  1091939.  1091957.
  1091983.  1092019.  1092023.  1092041.  1092043.  1092059.  1092061.
  1092067.  1092089.  1092103.  1092107.  1092127.  1092137.  1092151.
  1092163.  1092173.  1092181.  1092191.  1092209.  1092229.  1092241.
  1092251.  1092257.  1092269.  1092283.  1092307.  1092331.  1092337.
  1092349.  1092353.  1092361.  1092373.  1092379.  1092389.  1092391.
  1092397.  1092419.  1092433.  1092451.  1092461.  1092463.  1092473.
  1092479.  1092493.  1092541.  1092583.  1092593.  1092601.  1092629.
  1092643.  1092659.  1092667.  1092677.  1092713.  1092731.  1092733.
  1092757.  1092779.  1092803.  1092821.  1092827.  1092829.  1092851.
  1092853.  1092863.  1092887.  1092893.  1092901.  1092907.  1092911.
  1092919.  1092929.]