[ 109397.  109423.  109433.  109441.  109451.  109453.  109469.  109471.
  109481.  109507.  109517.  109519.  109537.  109541.  109547.  109567.
  109579.  109583.  109589.  109597.  109609.  109619.  109621.  109639.
  109661.  109663.  109673.  109717.  109721.  109741.  109751.  109789.
  109793.  109807.  109819.  109829.  109831.  109841.  109843.  109847.
  109849.  109859.  109873.  109883.  109891.  109897.  109903.  109913.
  109919.  109937.  109943.  109961.  109987.  110017.  110023.  110039.
  110051.  110059.  110063.  110069.  110083.  110119.  110129.  110161.
  110183.  110221.  110233.  110237.  110251.  110261.  110269.  110273.
  110281.  110291.  110311.  110321.  110323.  110339.  110359.  110419.
  110431.  110437.  110441.  110459.  110477.  110479.  110491.  110501.
  110503.  110527.  110533.  110543.  110557.  110563.  110567.  110569.
  110573.  110581.  110587.  110597.]