[ 1094161.  1094183.  1094209.  1094237.  1094263.  1094293.  1094299.
  1094321.  1094333.  1094339.  1094371.  1094377.  1094407.  1094411.
  1094417.  1094437.  1094441.  1094449.  1094453.  1094461.  1094473.
  1094491.  1094519.  1094531.  1094539.  1094543.  1094549.  1094551.
  1094557.  1094567.  1094573.  1094603.  1094623.  1094629.  1094633.
  1094657.  1094669.  1094671.  1094683.  1094689.  1094693.  1094701.
  1094711.  1094747.  1094759.  1094773.  1094791.  1094801.  1094803.
  1094809.  1094831.  1094833.  1094843.  1094881.  1094887.  1094897.
  1094911.  1094921.  1094923.  1094939.  1094957.  1094963.  1094969.
  1094983.  1094999.  1095023.  1095043.  1095047.  1095049.  1095067.
  1095071.  1095091.  1095119.  1095161.  1095169.  1095173.  1095209.
  1095221.  1095223.  1095229.  1095239.  1095247.  1095251.  1095257.
  1095287.  1095313.  1095319.  1095343.  1095349.  1095401.  1095403.
  1095427.  1095433.  1095439.  1095443.  1095449.  1095461.  1095481.
  1095487.  1095491.]