[ 1096957.  1096967.  1096969.  1096981.  1096999.  1097009.  1097017.
  1097029.  1097039.  1097051.  1097069.  1097081.  1097101.  1097111.
  1097113.  1097141.  1097143.  1097147.  1097179.  1097189.  1097203.
  1097209.  1097221.  1097237.  1097267.  1097293.  1097297.  1097321.
  1097323.  1097351.  1097359.  1097377.  1097381.  1097413.  1097419.
  1097423.  1097441.  1097443.  1097461.  1097483.  1097501.  1097513.
  1097533.  1097539.  1097543.  1097549.  1097557.  1097599.  1097627.
  1097633.  1097651.  1097653.  1097659.  1097669.  1097699.  1097711.
  1097717.  1097729.  1097743.  1097783.  1097791.  1097797.  1097819.
  1097849.  1097851.  1097861.  1097869.  1097879.  1097891.  1097893.
  1097897.  1097903.  1097909.  1097923.  1097933.  1097947.  1097983.
  1098017.  1098023.  1098037.  1098073.  1098077.  1098101.  1098109.
  1098121.  1098133.  1098151.  1098187.  1098191.  1098193.  1098203.
  1098211.  1098221.  1098233.  1098269.  1098287.  1098301.  1098311.
  1098313.  1098341.]