[ 1098373.  1098379.  1098397.  1098401.  1098439.  1098443.  1098451.
  1098463.  1098469.  1098479.  1098481.  1098509.  1098511.  1098533.
  1098541.  1098593.  1098613.  1098623.  1098631.  1098649.  1098667.
  1098673.  1098689.  1098707.  1098709.  1098731.  1098737.  1098787.
  1098791.  1098803.  1098821.  1098833.  1098847.  1098953.  1098967.
  1098973.  1098989.  1099031.  1099051.  1099057.  1099079.  1099081.
  1099097.  1099103.  1099117.  1099121.  1099139.  1099171.  1099177.
  1099181.  1099199.  1099223.  1099247.  1099249.  1099261.  1099279.
  1099289.  1099309.  1099313.  1099327.  1099337.  1099363.  1099369.
  1099391.  1099393.  1099409.  1099411.  1099421.  1099433.  1099459.
  1099463.  1099487.  1099489.  1099493.  1099499.  1099507.  1099513.
  1099519.  1099523.  1099541.  1099547.  1099559.  1099573.  1099589.
  1099619.  1099621.  1099627.  1099633.  1099649.  1099669.  1099687.
  1099711.  1099717.  1099723.  1099727.  1099729.  1099741.  1099757.
  1099771.  1099783.]