[ 1101283.  1101299.  1101307.  1101319.  1101323.  1101341.  1101349.
  1101371.  1101377.  1101389.  1101403.  1101407.  1101409.  1101421.
  1101431.  1101433.  1101439.  1101467.  1101473.  1101509.  1101511.
  1101517.  1101521.  1101533.  1101559.  1101571.  1101577.  1101587.
  1101593.  1101613.  1101619.  1101641.  1101649.  1101671.  1101673.
  1101689.  1101691.  1101697.  1101733.  1101743.  1101761.  1101767.
  1101773.  1101781.  1101803.  1101811.  1101839.  1101851.  1101871.
  1101883.  1101901.  1101917.  1101929.  1101931.  1101937.  1101941.
  1101959.  1101967.  1102001.  1102007.  1102021.  1102027.  1102063.
  1102069.  1102111.  1102117.  1102147.  1102151.  1102159.  1102163.
  1102169.  1102181.  1102187.  1102201.  1102237.  1102243.  1102249.
  1102253.  1102259.  1102271.  1102279.  1102301.  1102307.  1102313.
  1102333.  1102337.  1102393.  1102397.  1102411.  1102427.  1102429.
  1102441.  1102447.  1102457.  1102463.  1102481.  1102483.  1102523.
  1102537.  1102547.]