[ 1102553.  1102567.  1102571.  1102583.  1102663.  1102669.  1102679.
  1102681.  1102691.  1102693.  1102709.  1102721.  1102727.  1102729.
  1102733.  1102747.  1102757.  1102813.  1102823.  1102831.  1102847.
  1102853.  1102861.  1102879.  1102883.  1102891.  1102901.  1102903.
  1102921.  1102939.  1102951.  1102963.  1102967.  1102979.  1102991.
  1102999.  1103009.  1103017.  1103029.  1103041.  1103059.  1103087.
  1103101.  1103107.  1103111.  1103119.  1103129.  1103143.  1103171.
  1103183.  1103191.  1103203.  1103213.  1103237.  1103257.  1103279.
  1103281.  1103293.  1103309.  1103339.  1103341.  1103353.  1103371.
  1103437.  1103449.  1103461.  1103467.  1103483.  1103489.  1103497.
  1103519.  1103533.  1103549.  1103561.  1103579.  1103581.  1103587.
  1103591.  1103603.  1103611.  1103617.  1103621.  1103629.  1103633.
  1103639.  1103699.  1103723.  1103737.  1103749.  1103779.  1103797.
  1103803.  1103849.  1103857.  1103863.  1103873.  1103899.  1103903.
  1103911.  1103923.]