[ 1103933.  1103981.  1103987.  1103989.  1104017.  1104041.  1104079.
  1104097.  1104101.  1104107.  1104113.  1104119.  1104137.  1104139.
  1104157.  1104179.  1104193.  1104203.  1104209.  1104217.  1104221.
  1104241.  1104247.  1104289.  1104293.  1104307.  1104319.  1104331.
  1104343.  1104353.  1104373.  1104377.  1104379.  1104403.  1104409.
  1104427.  1104431.  1104449.  1104479.  1104491.  1104511.  1104517.
  1104533.  1104557.  1104559.  1104589.  1104599.  1104613.  1104619.
  1104659.  1104661.  1104671.  1104683.  1104703.  1104707.  1104731.
  1104737.  1104739.  1104743.  1104749.  1104751.  1104767.  1104769.
  1104781.  1104787.  1104791.  1104797.  1104811.  1104821.  1104823.
  1104833.  1104853.  1104877.  1104889.  1104899.  1104913.  1104919.
  1104937.  1104941.  1104947.  1104959.  1105009.  1105019.  1105033.
  1105061.  1105063.  1105067.  1105109.  1105141.  1105157.  1105163.
  1105171.  1105177.  1105193.  1105201.  1105207.  1105213.  1105217.
  1105231.  1105261.]