[ 110603.  110609.  110623.  110629.  110641.  110647.  110651.  110681.
  110711.  110729.  110731.  110749.  110753.  110771.  110777.  110807.
  110813.  110819.  110821.  110849.  110863.  110879.  110881.  110899.
  110909.  110917.  110921.  110923.  110927.  110933.  110939.  110947.
  110951.  110969.  110977.  110989.  111029.  111031.  111043.  111049.
  111053.  111091.  111103.  111109.  111119.  111121.  111127.  111143.
  111149.  111187.  111191.  111211.  111217.  111227.  111229.  111253.
  111263.  111269.  111271.  111301.  111317.  111323.  111337.  111341.
  111347.  111373.  111409.  111427.  111431.  111439.  111443.  111467.
  111487.  111491.  111493.  111497.  111509.  111521.  111533.  111539.
  111577.  111581.  111593.  111599.  111611.  111623.  111637.  111641.
  111653.  111659.  111667.  111697.  111721.  111731.  111733.  111751.
  111767.  111773.  111779.  111781.]