[ 1106593.  1106621.  1106627.  1106629.  1106653.  1106671.  1106687.
  1106689.  1106741.  1106747.  1106761.  1106767.  1106771.  1106779.
  1106789.  1106801.  1106821.  1106827.  1106837.  1106839.  1106851.
  1106881.  1106891.  1106909.  1106923.  1106927.  1106939.  1106953.
  1106957.  1106977.  1106993.  1106999.  1107019.  1107031.  1107047.
  1107049.  1107053.  1107083.  1107101.  1107107.  1107109.  1107157.
  1107167.  1107173.  1107199.  1107203.  1107217.  1107269.  1107317.
  1107319.  1107341.  1107347.  1107383.  1107389.  1107401.  1107409.
  1107419.  1107433.  1107439.  1107467.  1107479.  1107487.  1107497.
  1107503.  1107511.  1107523.  1107527.  1107553.  1107569.  1107571.
  1107581.  1107583.  1107593.  1107619.  1107677.  1107679.  1107721.
  1107727.  1107751.  1107763.  1107773.  1107781.  1107787.  1107791.
  1107793.  1107797.  1107803.  1107811.  1107823.  1107851.  1107853.
  1107881.  1107893.  1107913.  1107917.  1107923.  1107929.  1107937.
  1107989.  1108001.]