[ 1108007.  1108021.  1108049.  1108057.  1108069.  1108073.  1108091.
  1108103.  1108123.  1108127.  1108147.  1108169.  1108171.  1108181.
  1108201.  1108207.  1108223.  1108229.  1108241.  1108253.  1108259.
  1108267.  1108313.  1108321.  1108337.  1108357.  1108361.  1108363.
  1108369.  1108397.  1108423.  1108427.  1108447.  1108453.  1108463.
  1108469.  1108477.  1108487.  1108489.  1108501.  1108507.  1108537.
  1108543.  1108559.  1108561.  1108567.  1108571.  1108573.  1108579.
  1108603.  1108609.  1108619.  1108633.  1108663.  1108691.  1108693.
  1108697.  1108703.  1108711.  1108717.  1108727.  1108729.  1108733.
  1108739.  1108747.  1108753.  1108759.  1108771.  1108781.  1108801.
  1108817.  1108819.  1108823.  1108867.  1108903.  1108907.  1108909.
  1108957.  1108967.  1108993.  1108997.  1108999.  1109021.  1109033.
  1109057.  1109113.  1109117.  1109123.  1109159.  1109161.  1109167.
  1109189.  1109197.  1109219.  1109231.  1109243.  1109249.  1109257.
  1109281.  1109287.]