[ 1114733.  1114753.  1114759.  1114801.  1114807.  1114811.  1114829.
  1114837.  1114849.  1114859.  1114873.  1114891.  1114907.  1114909.
  1114931.  1114937.  1114943.  1114969.  1114973.  1114987.  1114999.
  1115011.  1115027.  1115029.  1115057.  1115071.  1115089.  1115099.
  1115113.  1115117.  1115131.  1115189.  1115207.  1115227.  1115237.
  1115239.  1115267.  1115269.  1115273.  1115297.  1115299.  1115321.
  1115327.  1115329.  1115351.  1115363.  1115381.  1115399.  1115407.
  1115417.  1115419.  1115447.  1115449.  1115453.  1115467.  1115497.
  1115501.  1115519.  1115531.  1115533.  1115539.  1115551.  1115561.
  1115567.  1115573.  1115579.  1115581.  1115599.  1115627.  1115633.
  1115641.  1115657.  1115683.  1115701.  1115711.  1115713.  1115731.
  1115743.  1115759.  1115767.  1115771.  1115773.  1115789.  1115831.
  1115839.  1115843.  1115857.  1115879.  1115899.  1115911.  1115923.
  1115929.  1115941.  1115987.  1115993.  1116001.  1116053.  1116077.
  1116091.  1116107.]