[ 1117591.  1117601.  1117603.  1117607.  1117609.  1117657.  1117661.
  1117673.  1117679.  1117681.  1117709.  1117729.  1117741.  1117757.
  1117759.  1117763.  1117769.  1117793.  1117799.  1117811.  1117813.
  1117817.  1117819.  1117861.  1117867.  1117877.  1117889.  1117901.
  1117913.  1117931.  1117933.  1117939.  1117943.  1117967.  1117973.
  1117993.  1118003.  1118009.  1118011.  1118021.  1118023.  1118027.
  1118041.  1118063.  1118081.  1118101.  1118113.  1118123.  1118137.
  1118147.  1118149.  1118189.  1118197.  1118203.  1118219.  1118261.
  1118267.  1118291.  1118303.  1118309.  1118317.  1118339.  1118363.
  1118371.  1118393.  1118419.  1118437.  1118441.  1118479.  1118483.
  1118497.  1118519.  1118527.  1118563.  1118567.  1118569.  1118599.
  1118629.  1118653.  1118659.  1118713.  1118717.  1118723.  1118737.
  1118749.  1118773.  1118779.  1118783.  1118797.  1118807.  1118809.
  1118827.  1118837.  1118851.  1118857.  1118861.  1118863.  1118867.
  1118869.  1118893.]