[ 1124719.  1124741.  1124749.  1124759.  1124789.  1124797.  1124803.
  1124807.  1124813.  1124831.  1124833.  1124867.  1124869.  1124951.
  1124957.  1124969.  1124983.  1124987.  1124993.  1125001.  1125013.
  1125017.  1125029.  1125053.  1125097.  1125109.  1125121.  1125127.
  1125139.  1125143.  1125151.  1125167.  1125169.  1125193.  1125203.
  1125209.  1125217.  1125221.  1125253.  1125259.  1125283.  1125317.
  1125323.  1125329.  1125343.  1125359.  1125361.  1125379.  1125391.
  1125401.  1125407.  1125419.  1125431.  1125433.  1125469.  1125473.
  1125479.  1125499.  1125529.  1125539.  1125557.  1125559.  1125569.
  1125571.  1125581.  1125599.  1125629.  1125647.  1125653.  1125679.
  1125701.  1125713.  1125739.  1125763.  1125767.  1125793.  1125797.
  1125811.  1125823.  1125833.  1125857.  1125871.  1125899.  1125907.
  1125911.  1125913.  1125923.  1125931.  1125941.  1125953.  1125973.
  1125991.  1126031.  1126033.  1126043.  1126067.  1126093.  1126159.
  1126189.  1126201.]