[ 1126211.  1126219.  1126247.  1126253.  1126259.  1126283.  1126313.
  1126319.  1126343.  1126351.  1126357.  1126361.  1126381.  1126387.
  1126397.  1126399.  1126421.  1126439.  1126441.  1126457.  1126459.
  1126483.  1126501.  1126513.  1126519.  1126523.  1126537.  1126553.
  1126561.  1126577.  1126579.  1126597.  1126627.  1126649.  1126661.
  1126663.  1126667.  1126669.  1126693.  1126703.  1126711.  1126751.
  1126759.  1126771.  1126781.  1126787.  1126823.  1126831.  1126837.
  1126843.  1126847.  1126859.  1126861.  1126889.  1126897.  1126963.
  1126973.  1126991.  1126999.  1127011.  1127029.  1127033.  1127039.
  1127051.  1127081.  1127101.  1127111.  1127123.  1127149.  1127153.
  1127167.  1127177.  1127183.  1127197.  1127209.  1127221.  1127227.
  1127239.  1127249.  1127263.  1127281.  1127297.  1127303.  1127309.
  1127311.  1127323.  1127333.  1127351.  1127359.  1127369.  1127381.
  1127383.  1127393.  1127407.  1127411.  1127443.  1127447.  1127453.
  1127461.  1127507.]