[ 1127513.  1127527.  1127531.  1127537.  1127557.  1127561.  1127573.
  1127587.  1127603.  1127617.  1127629.  1127641.  1127657.  1127663.
  1127683.  1127701.  1127741.  1127767.  1127773.  1127801.  1127803.
  1127809.  1127813.  1127837.  1127849.  1127857.  1127881.  1127891.
  1127911.  1127947.  1127957.  1127969.  1127981.  1127983.  1127993.
  1128031.  1128037.  1128089.  1128091.  1128107.  1128109.  1128143.
  1128151.  1128161.  1128181.  1128209.  1128223.  1128227.  1128233.
  1128247.  1128251.  1128287.  1128289.  1128293.  1128299.  1128301.
  1128313.  1128349.  1128371.  1128373.  1128383.  1128397.  1128427.
  1128433.  1128451.  1128497.  1128499.  1128503.  1128509.  1128521.
  1128527.  1128539.  1128553.  1128557.  1128577.  1128583.  1128599.
  1128601.  1128623.  1128629.  1128637.  1128641.  1128643.  1128661.
  1128667.  1128691.  1128697.  1128703.  1128713.  1128719.  1128727.
  1128731.  1128737.  1128761.  1128763.  1128769.  1128773.  1128779.
  1128781.  1128811.]