[ 1128821.  1128823.  1128889.  1128899.  1128901.  1128917.  1128931.
  1128937.  1128943.  1128947.  1128949.  1128977.  1128979.  1128997.
  1129013.  1129019.  1129033.  1129043.  1129103.  1129109.  1129111.
  1129127.  1129133.  1129153.  1129159.  1129169.  1129187.  1129211.
  1129213.  1129217.  1129229.  1129253.  1129283.  1129307.  1129313.
  1129333.  1129343.  1129367.  1129391.  1129399.  1129409.  1129433.
  1129439.  1129441.  1129459.  1129477.  1129487.  1129489.  1129501.
  1129511.  1129519.  1129523.  1129559.  1129561.  1129571.  1129577.
  1129603.  1129619.  1129643.  1129663.  1129679.  1129693.  1129699.
  1129717.  1129729.  1129741.  1129747.  1129757.  1129763.  1129787.
  1129789.  1129819.  1129831.  1129841.  1129847.  1129853.  1129859.
  1129861.  1129889.  1129897.  1129951.  1129957.  1129963.  1129991.
  1130011.  1130023.  1130039.  1130047.  1130053.  1130057.  1130081.
  1130099.  1130117.  1130123.  1130131.  1130191.  1130237.  1130251.
  1130257.  1130267.]