[ 1131629.  1131643.  1131653.  1131671.  1131677.  1131701.  1131721.
  1131727.  1131737.  1131749.  1131751.  1131763.  1131769.  1131787.
  1131799.  1131821.  1131827.  1131829.  1131839.  1131857.  1131863.
  1131869.  1131881.  1131883.  1131913.  1131917.  1131919.  1131937.
  1131943.  1131959.  1131961.  1131973.  1131997.  1132003.  1132009.
  1132063.  1132067.  1132091.  1132123.  1132139.  1132141.  1132177.
  1132199.  1132223.  1132249.  1132259.  1132291.  1132301.  1132309.
  1132321.  1132333.  1132393.  1132403.  1132409.  1132423.  1132429.
  1132447.  1132463.  1132471.  1132477.  1132487.  1132499.  1132507.
  1132511.  1132519.  1132529.  1132541.  1132561.  1132567.  1132583.
  1132597.  1132601.  1132603.  1132627.  1132633.  1132639.  1132643.
  1132661.  1132667.  1132673.  1132679.  1132697.  1132721.  1132739.
  1132753.  1132783.  1132787.  1132793.  1132811.  1132823.  1132861.
  1132877.  1132883.  1132909.  1132919.  1132927.  1132933.  1132949.
  1132969.  1132979.]