[ 1132987.  1132991.  1132993.  1132997.  1133009.  1133017.  1133039.
  1133047.  1133053.  1133071.  1133131.  1133147.  1133149.  1133159.
  1133173.  1133177.  1133183.  1133189.  1133191.  1133219.  1133227.
  1133239.  1133257.  1133261.  1133263.  1133287.  1133303.  1133317.
  1133333.  1133357.  1133359.  1133381.  1133387.  1133459.  1133467.
  1133477.  1133479.  1133501.  1133507.  1133513.  1133519.  1133533.
  1133537.  1133551.  1133579.  1133591.  1133621.  1133623.  1133633.
  1133641.  1133651.  1133653.  1133659.  1133677.  1133681.  1133683.
  1133689.  1133731.  1133777.  1133789.  1133809.  1133819.  1133827.
  1133837.  1133843.  1133851.  1133857.  1133861.  1133893.  1133897.
  1133903.  1133911.  1133933.  1133947.  1133959.  1133963.  1133971.
  1133989.  1134031.  1134037.  1134043.  1134047.  1134059.  1134071.
  1134079.  1134113.  1134137.  1134143.  1134149.  1134151.  1134163.
  1134169.  1134179.  1134187.  1134193.  1134239.  1134241.  1134247.
  1134271.  1134283.]