[ 1138637.  1138639.  1138649.  1138667.  1138673.  1138679.  1138681.
  1138703.  1138717.  1138729.  1138733.  1138741.  1138751.  1138757.
  1138771.  1138777.  1138793.  1138829.  1138831.  1138849.  1138853.
  1138867.  1138883.  1138901.  1138919.  1138957.  1138961.  1138967.
  1138979.  1138987.  1138997.  1138999.  1139003.  1139011.  1139041.
  1139059.  1139081.  1139087.  1139123.  1139141.  1139143.  1139147.
  1139191.  1139197.  1139227.  1139239.  1139249.  1139263.  1139269.
  1139273.  1139287.  1139291.  1139293.  1139309.  1139321.  1139329.
  1139353.  1139387.  1139393.  1139407.  1139423.  1139461.  1139471.
  1139473.  1139483.  1139491.  1139503.  1139519.  1139521.  1139531.
  1139539.  1139549.  1139557.  1139573.  1139587.  1139623.  1139669.
  1139681.  1139683.  1139687.  1139713.  1139717.  1139741.  1139771.
  1139773.  1139779.  1139807.  1139819.  1139843.  1139849.  1139851.
  1139861.  1139863.  1139869.  1139909.  1139911.  1139917.  1139921.
  1139951.  1139959.]