[ 1144301.  1144327.  1144333.  1144343.  1144349.  1144357.  1144379.
  1144393.  1144399.  1144417.  1144439.  1144441.  1144453.  1144477.
  1144483.  1144499.  1144511.  1144519.  1144523.  1144529.  1144537.
  1144573.  1144589.  1144603.  1144607.  1144621.  1144643.  1144657.
  1144667.  1144681.  1144691.  1144721.  1144723.  1144727.  1144739.
  1144757.  1144783.  1144823.  1144837.  1144867.  1144877.  1144879.
  1144889.  1144901.  1144903.  1144907.  1144919.  1144931.  1144939.
  1144951.  1144973.  1144981.  1144993.  1145003.  1145021.  1145057.
  1145059.  1145077.  1145093.  1145099.  1145107.  1145129.  1145141.
  1145143.  1145173.  1145189.  1145191.  1145203.  1145213.  1145227.
  1145269.  1145281.  1145293.  1145299.  1145303.  1145311.  1145323.
  1145327.  1145329.  1145359.  1145369.  1145371.  1145381.  1145387.
  1145393.  1145411.  1145429.  1145461.  1145479.  1145497.  1145509.
  1145533.  1145537.  1145539.  1145593.  1145611.  1145621.  1145623.
  1145659.  1145689.]