[ 1147127.  1147141.  1147169.  1147183.  1147187.  1147189.  1147193.
  1147213.  1147229.  1147231.  1147243.  1147247.  1147249.  1147253.
  1147271.  1147273.  1147297.  1147301.  1147331.  1147339.  1147351.
  1147379.  1147387.  1147409.  1147417.  1147423.  1147427.  1147441.
  1147451.  1147453.  1147459.  1147463.  1147499.  1147507.  1147511.
  1147561.  1147567.  1147571.  1147579.  1147583.  1147591.  1147613.
  1147621.  1147637.  1147639.  1147669.  1147697.  1147709.  1147711.
  1147717.  1147739.  1147759.  1147793.  1147819.  1147841.  1147843.
  1147889.  1147897.  1147903.  1147921.  1147931.  1147969.  1147981.
  1147987.  1147997.  1148029.  1148039.  1148047.  1148087.  1148089.
  1148099.  1148111.  1148167.  1148171.  1148177.  1148219.  1148249.
  1148261.  1148263.  1148291.  1148293.  1148297.  1148311.  1148327.
  1148339.  1148359.  1148377.  1148387.  1148437.  1148453.  1148489.
  1148501.  1148507.  1148513.  1148527.  1148549.  1148561.  1148593.
  1148599.  1148621.]