[ 1148629.  1148647.  1148663.  1148677.  1148681.  1148687.  1148701.
  1148713.  1148729.  1148731.  1148737.  1148747.  1148753.  1148761.
  1148773.  1148837.  1148839.  1148857.  1148867.  1148879.  1148921.
  1148933.  1148941.  1148957.  1148963.  1148971.  1148977.  1148981.
  1148989.  1148999.  1149007.  1149017.  1149037.  1149053.  1149059.
  1149061.  1149131.  1149151.  1149157.  1149163.  1149167.  1149191.
  1149193.  1149209.  1149221.  1149227.  1149229.  1149233.  1149259.
  1149283.  1149307.  1149341.  1149349.  1149361.  1149373.  1149403.
  1149409.  1149413.  1149427.  1149457.  1149469.  1149487.  1149493.
  1149503.  1149509.  1149521.  1149527.  1149539.  1149559.  1149569.
  1149581.  1149587.  1149593.  1149601.  1149607.  1149619.  1149637.
  1149641.  1149661.  1149679.  1149689.  1149737.  1149749.  1149769.
  1149773.  1149779.  1149803.  1149817.  1149857.  1149859.  1149881.
  1149887.  1149901.  1149913.  1149917.  1149919.  1149943.  1149971.
  1149979.  1149983.]