[ 1151251.  1151287.  1151303.  1151317.  1151327.  1151333.  1151363.
  1151369.  1151383.  1151389.  1151399.  1151401.  1151413.  1151417.
  1151431.  1151441.  1151443.  1151471.  1151473.  1151483.  1151519.
  1151537.  1151569.  1151581.  1151593.  1151599.  1151603.  1151611.
  1151629.  1151639.  1151651.  1151653.  1151659.  1151671.  1151687.
  1151701.  1151713.  1151729.  1151737.  1151747.  1151753.  1151779.
  1151807.  1151861.  1151873.  1151879.  1151881.  1151911.  1151933.
  1151963.  1151981.  1151987.  1151993.  1151999.  1152023.  1152029.
  1152037.  1152071.  1152077.  1152079.  1152091.  1152113.  1152119.
  1152121.  1152149.  1152157.  1152161.  1152163.  1152181.  1152187.
  1152227.  1152233.  1152287.  1152313.  1152317.  1152337.  1152343.
  1152367.  1152383.  1152391.  1152397.  1152419.  1152421.  1152493.
  1152509.  1152517.  1152523.  1152527.  1152589.  1152623.  1152629.
  1152631.  1152637.  1152643.  1152649.  1152653.  1152667.  1152677.
  1152707.  1152733.]