[ 1152751.  1152757.  1152761.  1152763.  1152773.  1152791.  1152793.
  1152799.  1152841.  1152857.  1152881.  1152887.  1152913.  1152917.
  1152937.  1152941.  1152979.  1152989.  1152997.  1153001.  1153007.
  1153021.  1153027.  1153049.  1153057.  1153063.  1153073.  1153099.
  1153109.  1153123.  1153147.  1153153.  1153157.  1153171.  1153177.
  1153183.  1153199.  1153211.  1153219.  1153223.  1153237.  1153241.
  1153247.  1153249.  1153261.  1153267.  1153277.  1153309.  1153337.
  1153343.  1153349.  1153367.  1153393.  1153421.  1153429.  1153441.
  1153457.  1153459.  1153463.  1153483.  1153487.  1153511.  1153517.
  1153531.  1153553.  1153573.  1153577.  1153589.  1153597.  1153609.
  1153613.  1153639.  1153643.  1153681.  1153687.  1153721.  1153729.
  1153751.  1153753.  1153759.  1153769.  1153777.  1153799.  1153811.
  1153849.  1153853.  1153871.  1153891.  1153921.  1153967.  1153973.
  1154017.  1154029.  1154033.  1154039.  1154047.  1154051.  1154119.
  1154123.  1154129.]