[ 115327.  115331.  115337.  115343.  115361.  115363.  115399.  115421.
  115429.  115459.  115469.  115471.  115499.  115513.  115523.  115547.
  115553.  115561.  115571.  115589.  115597.  115601.  115603.  115613.
  115631.  115637.  115657.  115663.  115679.  115693.  115727.  115733.
  115741.  115751.  115757.  115763.  115769.  115771.  115777.  115781.
  115783.  115793.  115807.  115811.  115823.  115831.  115837.  115849.
  115853.  115859.  115861.  115873.  115877.  115879.  115883.  115891.
  115901.  115903.  115931.  115933.  115963.  115979.  115981.  115987.
  116009.  116027.  116041.  116047.  116089.  116099.  116101.  116107.
  116113.  116131.  116141.  116159.  116167.  116177.  116189.  116191.
  116201.  116239.  116243.  116257.  116269.  116273.  116279.  116293.
  116329.  116341.  116351.  116359.  116371.  116381.  116387.  116411.
  116423.  116437.  116443.  116447.]