[ 1154159.  1154173.  1154177.  1154183.  1154207.  1154221.  1154227.
  1154233.  1154239.  1154243.  1154267.  1154291.  1154297.  1154299.
  1154311.  1154323.  1154327.  1154339.  1154353.  1154359.  1154369.
  1154401.  1154411.  1154431.  1154449.  1154467.  1154473.  1154509.
  1154513.  1154537.  1154539.  1154551.  1154561.  1154563.  1154567.
  1154579.  1154581.  1154603.  1154633.  1154639.  1154651.  1154653.
  1154707.  1154723.  1154737.  1154753.  1154771.  1154789.  1154819.
  1154821.  1154849.  1154863.  1154887.  1154893.  1154897.  1154911.
  1154927.  1154947.  1154969.  1154971.  1154987.  1155001.  1155017.
  1155019.  1155053.  1155061.  1155071.  1155097.  1155101.  1155107.
  1155127.  1155149.  1155151.  1155169.  1155179.  1155211.  1155223.
  1155233.  1155239.  1155247.  1155263.  1155293.  1155311.  1155317.
  1155373.  1155377.  1155379.  1155403.  1155419.  1155431.  1155437.
  1155449.  1155457.  1155461.  1155499.  1155527.  1155529.  1155569.
  1155577.  1155601.]