[ 1155607.  1155611.  1155613.  1155617.  1155619.  1155629.  1155631.
  1155653.  1155659.  1155689.  1155697.  1155701.  1155703.  1155709.
  1155733.  1155821.  1155823.  1155829.  1155841.  1155851.  1155859.
  1155863.  1155899.  1155901.  1155907.  1155919.  1155923.  1155929.
  1155937.  1155943.  1155953.  1155961.  1155967.  1155971.  1155977.
  1155997.  1156009.  1156013.  1156019.  1156031.  1156033.  1156037.
  1156039.  1156073.  1156079.  1156087.  1156097.  1156109.  1156121.
  1156151.  1156157.  1156171.  1156217.  1156229.  1156231.  1156249.
  1156261.  1156271.  1156291.  1156297.  1156303.  1156307.  1156327.
  1156333.  1156343.  1156367.  1156369.  1156387.  1156403.  1156423.
  1156427.  1156429.  1156451.  1156453.  1156457.  1156483.  1156501.
  1156523.  1156537.  1156541.  1156553.  1156567.  1156591.  1156613.
  1156627.  1156633.  1156637.  1156643.  1156681.  1156699.  1156709.
  1156711.  1156721.  1156741.  1156747.  1156751.  1156769.  1156783.
  1156801.  1156807.]