[ 1156819.  1156823.  1156847.  1156849.  1156873.  1156907.  1156927.
  1156949.  1156963.  1156997.  1157011.  1157017.  1157033.  1157053.
  1157059.  1157063.  1157069.  1157077.  1157099.  1157111.  1157131.
  1157159.  1157171.  1157179.  1157183.  1157201.  1157203.  1157209.
  1157213.  1157227.  1157237.  1157243.  1157251.  1157257.  1157263.
  1157279.  1157293.  1157327.  1157333.  1157339.  1157341.  1157357.
  1157363.  1157369.  1157381.  1157393.  1157413.  1157437.  1157449.
  1157489.  1157491.  1157503.  1157531.  1157539.  1157557.  1157579.
  1157591.  1157609.  1157621.  1157627.  1157641.  1157669.  1157671.
  1157699.  1157701.  1157711.  1157713.  1157729.  1157747.  1157749.
  1157759.  1157771.  1157773.  1157791.  1157831.  1157833.  1157837.
  1157839.  1157851.  1157869.  1157873.  1157899.  1157929.  1157953.
  1157969.  1157977.  1157987.  1158007.  1158011.  1158037.  1158071.
  1158077.  1158089.  1158121.  1158133.  1158139.  1158161.  1158187.
  1158197.  1158203.]