[ 1158217.  1158247.  1158251.  1158263.  1158271.  1158293.  1158301.
  1158307.  1158317.  1158323.  1158341.  1158361.  1158383.  1158389.
  1158401.  1158407.  1158419.  1158427.  1158457.  1158461.  1158467.
  1158473.  1158481.  1158491.  1158523.  1158529.  1158539.  1158541.
  1158551.  1158569.  1158587.  1158593.  1158607.  1158611.  1158613.
  1158617.  1158629.  1158643.  1158653.  1158673.  1158679.  1158683.
  1158713.  1158719.  1158743.  1158757.  1158761.  1158769.  1158799.
  1158821.  1158823.  1158827.  1158841.  1158847.  1158863.  1158881.
  1158887.  1158923.  1158953.  1158961.  1158977.  1158991.  1159001.
  1159007.  1159027.  1159031.  1159049.  1159063.  1159073.  1159079.
  1159087.  1159091.  1159127.  1159139.  1159153.  1159187.  1159189.
  1159199.  1159201.  1159229.  1159231.  1159241.  1159243.  1159259.
  1159271.  1159283.  1159303.  1159337.  1159339.  1159381.  1159393.
  1159397.  1159421.  1159423.  1159429.  1159447.  1159463.  1159489.
  1159517.  1159523.]