[ 116461.  116471.  116483.  116491.  116507.  116531.  116533.  116537.
  116539.  116549.  116579.  116593.  116639.  116657.  116663.  116681.
  116687.  116689.  116707.  116719.  116731.  116741.  116747.  116789.
  116791.  116797.  116803.  116819.  116827.  116833.  116849.  116867.
  116881.  116903.  116911.  116923.  116927.  116929.  116933.  116953.
  116959.  116969.  116981.  116989.  116993.  117017.  117023.  117037.
  117041.  117043.  117053.  117071.  117101.  117109.  117119.  117127.
  117133.  117163.  117167.  117191.  117193.  117203.  117209.  117223.
  117239.  117241.  117251.  117259.  117269.  117281.  117307.  117319.
  117329.  117331.  117353.  117361.  117371.  117373.  117389.  117413.
  117427.  117431.  117437.  117443.  117497.  117499.  117503.  117511.
  117517.  117529.  117539.  117541.  117563.  117571.  117577.  117617.
  117619.  117643.  117659.  117671.]