[ 1166237.  1166287.  1166311.  1166323.  1166329.  1166359.  1166383.
  1166393.  1166401.  1166411.  1166413.  1166441.  1166453.  1166479.
  1166483.  1166497.  1166507.  1166527.  1166531.  1166533.  1166549.
  1166563.  1166567.  1166569.  1166579.  1166597.  1166603.  1166609.
  1166617.  1166639.  1166663.  1166677.  1166687.  1166713.  1166723.
  1166729.  1166741.  1166773.  1166779.  1166801.  1166807.  1166827.
  1166833.  1166839.  1166849.  1166857.  1166861.  1166903.  1166927.
  1166929.  1166947.  1166953.  1166969.  1166987.  1167011.  1167013.
  1167053.  1167059.  1167077.  1167083.  1167139.  1167143.  1167157.
  1167167.  1167193.  1167209.  1167211.  1167217.  1167233.  1167241.
  1167251.  1167277.  1167289.  1167293.  1167307.  1167317.  1167329.
  1167347.  1167349.  1167359.  1167391.  1167409.  1167421.  1167443.
  1167449.  1167469.  1167473.  1167539.  1167547.  1167559.  1167571.
  1167581.  1167587.  1167599.  1167613.  1167623.  1167637.  1167653.
  1167659.  1167667.]