[ 1169027.  1169029.  1169059.  1169081.  1169131.  1169137.  1169149.
  1169171.  1169177.  1169183.  1169191.  1169249.  1169257.  1169261.
  1169269.  1169281.  1169293.  1169323.  1169327.  1169341.  1169347.
  1169353.  1169369.  1169381.  1169383.  1169401.  1169411.  1169417.
  1169419.  1169449.  1169453.  1169473.  1169477.  1169491.  1169513.
  1169521.  1169563.  1169587.  1169591.  1169593.  1169603.  1169627.
  1169633.  1169647.  1169669.  1169677.  1169683.  1169687.  1169713.
  1169741.  1169747.  1169759.  1169761.  1169767.  1169789.  1169801.
  1169809.  1169827.  1169873.  1169879.  1169899.  1169929.  1169933.
  1169939.  1170007.  1170011.  1170019.  1170023.  1170031.  1170049.
  1170061.  1170067.  1170089.  1170107.  1170109.  1170119.  1170131.
  1170133.  1170137.  1170139.  1170167.  1170173.  1170193.  1170203.
  1170209.  1170233.  1170251.  1170271.  1170277.  1170311.  1170317.
  1170329.  1170349.  1170361.  1170373.  1170397.  1170437.  1170443.
  1170451.  1170461.]