[ 1173343.  1173349.  1173373.  1173397.  1173401.  1173407.  1173433.
  1173439.  1173463.  1173481.  1173511.  1173521.  1173539.  1173541.
  1173551.  1173553.  1173581.  1173583.  1173587.  1173589.  1173593.
  1173617.  1173631.  1173709.  1173743.  1173749.  1173779.  1173787.
  1173803.  1173811.  1173827.  1173829.  1173841.  1173853.  1173881.
  1173883.  1173917.  1173937.  1173941.  1173947.  1173959.  1173961.
  1173979.  1173983.  1174021.  1174027.  1174031.  1174049.  1174073.
  1174079.  1174091.  1174093.  1174099.  1174141.  1174163.  1174171.
  1174193.  1174211.  1174213.  1174231.  1174237.  1174247.  1174259.
  1174267.  1174273.  1174301.  1174307.  1174319.  1174331.  1174337.
  1174339.  1174361.  1174387.  1174399.  1174423.  1174441.  1174451.
  1174463.  1174469.  1174477.  1174487.  1174489.  1174499.  1174507.
  1174519.  1174531.  1174549.  1174571.  1174583.  1174601.  1174603.
  1174619.  1174627.  1174669.  1174673.  1174681.  1174687.  1174709.
  1174721.  1174727.]