[ 1174739.  1174759.  1174763.  1174769.  1174781.  1174783.  1174793.
  1174801.  1174829.  1174847.  1174879.  1174883.  1174891.  1174897.
  1174913.  1174919.  1174949.  1174951.  1174969.  1174973.  1175003.
  1175021.  1175029.  1175039.  1175071.  1175077.  1175099.  1175107.
  1175123.  1175143.  1175149.  1175173.  1175191.  1175219.  1175243.
  1175249.  1175257.  1175267.  1175297.  1175351.  1175353.  1175371.
  1175387.  1175389.  1175407.  1175411.  1175413.  1175417.  1175437.
  1175467.  1175479.  1175483.  1175497.  1175509.  1175521.  1175561.
  1175569.  1175579.  1175591.  1175617.  1175623.  1175627.  1175651.
  1175659.  1175677.  1175683.  1175687.  1175711.  1175717.  1175723.
  1175729.  1175743.  1175767.  1175789.  1175791.  1175803.  1175807.
  1175813.  1175819.  1175821.  1175833.  1175849.  1175857.  1175887.
  1175899.  1175927.  1175939.  1175953.  1175959.  1175963.  1175969.
  1175981.  1175989.  1176023.  1176029.  1176031.  1176041.  1176061.
  1176083.  1176089.]