[ 1177529.  1177541.  1177543.  1177549.  1177571.  1177609.  1177613.
  1177619.  1177621.  1177637.  1177651.  1177667.  1177681.  1177697.
  1177711.  1177717.  1177723.  1177733.  1177739.  1177741.  1177751.
  1177763.  1177769.  1177801.  1177843.  1177859.  1177873.  1177877.
  1177901.  1177919.  1177921.  1177933.  1177949.  1177987.  1177997.
  1178003.  1178017.  1178033.  1178039.  1178041.  1178059.  1178069.
  1178087.  1178101.  1178113.  1178123.  1178131.  1178141.  1178159.
  1178161.  1178167.  1178173.  1178189.  1178197.  1178201.  1178207.
  1178213.  1178227.  1178231.  1178237.  1178239.  1178263.  1178269.
  1178273.  1178297.  1178347.  1178363.  1178369.  1178371.  1178377.
  1178393.  1178417.  1178447.  1178461.  1178479.  1178483.  1178521.
  1178533.  1178537.  1178549.  1178557.  1178591.  1178609.  1178621.
  1178623.  1178633.  1178641.  1178659.  1178669.  1178689.  1178699.
  1178701.  1178707.  1178711.  1178717.  1178719.  1178743.  1178753.
  1178767.  1178803.]