[ 1180099.  1180111.  1180117.  1180121.  1180133.  1180141.  1180159.
  1180171.  1180219.  1180237.  1180241.  1180243.  1180247.  1180253.
  1180279.  1180303.  1180313.  1180351.  1180369.  1180373.  1180381.
  1180391.  1180397.  1180409.  1180423.  1180427.  1180447.  1180477.
  1180493.  1180507.  1180519.  1180537.  1180547.  1180549.  1180577.
  1180591.  1180631.  1180637.  1180643.  1180657.  1180661.  1180691.
  1180693.  1180709.  1180721.  1180723.  1180727.  1180733.  1180757.
  1180771.  1180799.  1180807.  1180811.  1180819.  1180847.  1180849.
  1180853.  1180859.  1180873.  1180877.  1180891.  1180897.  1180901.
  1180903.  1180913.  1180931.  1180937.  1180951.  1180957.  1180961.
  1180979.  1180987.  1180997.  1181017.  1181023.  1181039.  1181051.
  1181053.  1181057.  1181093.  1181099.  1181137.  1181149.  1181153.
  1181171.  1181183.  1181197.  1181203.  1181209.  1181237.  1181263.
  1181267.  1181269.  1181281.  1181293.  1181309.  1181311.  1181321.
  1181329.  1181407.]