[ 1182817.  1182847.  1182869.  1182889.  1182893.  1182901.  1182917.
  1182919.  1182947.  1182953.  1182967.  1182989.  1183003.  1183027.
  1183031.  1183033.  1183057.  1183079.  1183093.  1183103.  1183121.
  1183123.  1183141.  1183151.  1183157.  1183159.  1183163.  1183181.
  1183199.  1183201.  1183211.  1183213.  1183241.  1183261.  1183267.
  1183271.  1183277.  1183279.  1183333.  1183337.  1183349.  1183381.
  1183393.  1183397.  1183409.  1183411.  1183423.  1183447.  1183451.
  1183471.  1183477.  1183531.  1183537.  1183541.  1183561.  1183571.
  1183579.  1183597.  1183607.  1183613.  1183687.  1183697.  1183709.
  1183723.  1183729.  1183733.  1183739.  1183753.  1183759.  1183769.
  1183771.  1183781.  1183799.  1183811.  1183813.  1183837.  1183843.
  1183877.  1183913.  1183933.  1183939.  1183943.  1183951.  1183961.
  1183969.  1183981.  1183993.  1183997.  1184003.  1184011.  1184047.
  1184059.  1184069.  1184077.  1184081.  1184083.  1184093.  1184119.
  1184123.  1184129.]