[ 1185577.  1185589.  1185601.  1185617.  1185623.  1185637.  1185643.
  1185647.  1185659.  1185661.  1185671.  1185677.  1185683.  1185689.
  1185697.  1185703.  1185707.  1185721.  1185749.  1185787.  1185791.
  1185797.  1185817.  1185823.  1185827.  1185851.  1185859.  1185871.
  1185883.  1185889.  1185893.  1185907.  1185929.  1185931.  1185953.
  1185979.  1185997.  1186001.  1186033.  1186049.  1186051.  1186057.
  1186063.  1186067.  1186079.  1186099.  1186111.  1186117.  1186121.
  1186127.  1186147.  1186169.  1186181.  1186217.  1186231.  1186249.
  1186259.  1186291.  1186321.  1186337.  1186349.  1186351.  1186373.
  1186397.  1186403.  1186411.  1186439.  1186441.  1186489.  1186517.
  1186519.  1186541.  1186573.  1186589.  1186597.  1186621.  1186631.
  1186657.  1186673.  1186693.  1186697.  1186699.  1186739.  1186741.
  1186751.  1186769.  1186789.  1186807.  1186811.  1186813.  1186837.
  1186841.  1186847.  1186879.  1186931.  1186937.  1186963.  1186973.
  1186981.  1187003.]