[ 1187009.  1187023.  1187047.  1187051.  1187089.  1187107.  1187111.
  1187117.  1187141.  1187159.  1187167.  1187189.  1187201.  1187227.
  1187233.  1187239.  1187261.  1187279.  1187287.  1187309.  1187311.
  1187317.  1187321.  1187339.  1187341.  1187353.  1187357.  1187363.
  1187369.  1187383.  1187387.  1187411.  1187413.  1187419.  1187429.
  1187453.  1187471.  1187479.  1187489.  1187507.  1187509.  1187539.
  1187551.  1187561.  1187567.  1187587.  1187623.  1187629.  1187639.
  1187657.  1187687.  1187689.  1187699.  1187701.  1187707.  1187717.
  1187723.  1187741.  1187749.  1187761.  1187801.  1187803.  1187819.
  1187821.  1187833.  1187839.  1187863.  1187867.  1187873.  1187887.
  1187897.  1187911.  1187933.  1187939.  1187941.  1187947.  1187981.
  1187993.  1187999.  1188001.  1188007.  1188017.  1188029.  1188037.
  1188041.  1188049.  1188059.  1188071.  1188073.  1188149.  1188151.
  1188167.  1188169.  1188179.  1188197.  1188223.  1188227.  1188233.
  1188247.  1188259.]