[ 1191089.  1191097.  1191103.  1191107.  1191109.  1191119.  1191131.
  1191149.  1191163.  1191187.  1191191.  1191199.  1191209.  1191221.
  1191247.  1191277.  1191283.  1191293.  1191301.  1191313.  1191341.
  1191347.  1191353.  1191373.  1191409.  1191431.  1191439.  1191457.
  1191481.  1191499.  1191529.  1191539.  1191551.  1191559.  1191563.
  1191571.  1191577.  1191601.  1191611.  1191613.  1191637.  1191643.
  1191667.  1191679.  1191691.  1191703.  1191719.  1191727.  1191731.
  1191739.  1191761.  1191767.  1191769.  1191781.  1191793.  1191809.
  1191821.  1191833.  1191847.  1191899.  1191923.  1191937.  1191941.
  1191947.  1191973.  1191979.  1191991.  1192013.  1192027.  1192039.
  1192069.  1192073.  1192097.  1192099.  1192109.  1192127.  1192141.
  1192151.  1192153.  1192171.  1192181.  1192183.  1192187.  1192199.
  1192201.  1192207.  1192211.  1192241.  1192253.  1192259.  1192267.
  1192271.  1192327.  1192337.  1192339.  1192349.  1192357.  1192369.
  1192391.  1192409.]