[ 1192417.  1192423.  1192427.  1192453.  1192469.  1192483.  1192517.
  1192549.  1192559.  1192561.  1192571.  1192579.  1192589.  1192603.
  1192651.  1192673.  1192679.  1192699.  1192717.  1192721.  1192753.
  1192781.  1192811.  1192817.  1192823.  1192831.  1192837.  1192847.
  1192853.  1192879.  1192883.  1192889.  1192897.  1192903.  1192909.
  1192927.  1192937.  1192951.  1192967.  1192969.  1193011.  1193021.
  1193041.  1193047.  1193057.  1193081.  1193107.  1193119.  1193123.
  1193131.  1193149.  1193161.  1193173.  1193183.  1193209.  1193233.
  1193237.  1193239.  1193243.  1193261.  1193267.  1193299.  1193303.
  1193329.  1193351.  1193363.  1193369.  1193399.  1193429.  1193431.
  1193443.  1193459.  1193473.  1193483.  1193497.  1193501.  1193503.
  1193513.  1193537.  1193557.  1193567.  1193573.  1193603.  1193609.
  1193617.  1193653.  1193663.  1193683.  1193693.  1193701.  1193707.
  1193711.  1193729.  1193737.  1193741.  1193743.  1193761.  1193767.
  1193771.  1193783.]