[ 1193821.  1193833.  1193837.  1193839.  1193849.  1193867.  1193869.
  1193887.  1193909.  1193911.  1193939.  1193947.  1193963.  1193971.
  1193989.  1193993.  1194019.  1194023.  1194031.  1194041.  1194047.
  1194059.  1194103.  1194157.  1194161.  1194163.  1194203.  1194209.
  1194211.  1194241.  1194251.  1194253.  1194269.  1194293.  1194311.
  1194329.  1194341.  1194343.  1194373.  1194379.  1194383.  1194407.
  1194421.  1194439.  1194443.  1194449.  1194463.  1194493.  1194517.
  1194521.  1194541.  1194547.  1194553.  1194581.  1194593.  1194601.
  1194631.  1194659.  1194667.  1194671.  1194679.  1194707.  1194727.
  1194731.  1194733.  1194751.  1194757.  1194763.  1194769.  1194797.
  1194799.  1194803.  1194821.  1194847.  1194857.  1194877.  1194883.
  1194889.  1194899.  1194901.  1194917.  1194923.  1194959.  1194961.
  1194971.  1194979.  1194997.  1195021.  1195031.  1195037.  1195039.
  1195067.  1195091.  1195121.  1195123.  1195127.  1195141.  1195153.
  1195169.  1195171.]