[ 1199551.  1199557.  1199573.  1199587.  1199591.  1199593.  1199617.
  1199621.  1199623.  1199629.  1199659.  1199663.  1199677.  1199683.
  1199689.  1199699.  1199711.  1199719.  1199767.  1199777.  1199789.
  1199801.  1199813.  1199819.  1199833.  1199839.  1199851.  1199857.
  1199879.  1199893.  1199899.  1199909.  1199923.  1199929.  1199953.
  1199969.  1199993.  1199999.  1200007.  1200061.  1200077.  1200083.
  1200109.  1200139.  1200161.  1200167.  1200179.  1200187.  1200191.
  1200233.  1200253.  1200307.  1200313.  1200323.  1200341.  1200349.
  1200359.  1200361.  1200371.  1200373.  1200377.  1200383.  1200389.
  1200403.  1200443.  1200449.  1200461.  1200467.  1200491.  1200499.
  1200509.  1200527.  1200581.  1200583.  1200607.  1200611.  1200637.
  1200643.  1200673.  1200679.  1200691.  1200697.  1200701.  1200739.
  1200751.  1200779.  1200799.  1200809.  1200811.  1200833.  1200839.
  1200869.  1200883.  1200887.  1200889.  1200917.  1200929.  1200937.
  1200943.  1200949.]