[ 119993.  120011.  120017.  120041.  120047.  120049.  120067.  120077.
  120079.  120091.  120097.  120103.  120121.  120157.  120163.  120167.
  120181.  120193.  120199.  120209.  120223.  120233.  120247.  120277.
  120283.  120293.  120299.  120319.  120331.  120349.  120371.  120383.
  120391.  120397.  120401.  120413.  120427.  120431.  120473.  120503.
  120511.  120539.  120551.  120557.  120563.  120569.  120577.  120587.
  120607.  120619.  120623.  120641.  120647.  120661.  120671.  120677.
  120689.  120691.  120709.  120713.  120721.  120737.  120739.  120749.
  120763.  120767.  120779.  120811.  120817.  120823.  120829.  120833.
  120847.  120851.  120863.  120871.  120877.  120889.  120899.  120907.
  120917.  120919.  120929.  120937.  120941.  120943.  120947.  120977.
  120997.  121001.  121007.  121013.  121019.  121021.  121039.  121061.
  121063.  121067.  121081.  121123.]