[ 1202363.  1202387.  1202423.  1202429.  1202437.  1202447.  1202471.
  1202473.  1202477.  1202483.  1202497.  1202501.  1202507.  1202549.
  1202561.  1202569.  1202603.  1202609.  1202627.  1202629.  1202633.
  1202689.  1202741.  1202743.  1202771.  1202779.  1202783.  1202791.
  1202807.  1202813.  1202819.  1202827.  1202837.  1202843.  1202849.
  1202857.  1202863.  1202867.  1202881.  1202939.  1202959.  1202963.
  1202977.  1202987.  1203019.  1203067.  1203077.  1203101.  1203121.
  1203127.  1203149.  1203151.  1203161.  1203179.  1203193.  1203211.
  1203217.  1203221.  1203229.  1203233.  1203263.  1203283.  1203287.
  1203329.  1203331.  1203343.  1203359.  1203361.  1203421.  1203437.
  1203443.  1203457.  1203463.  1203467.  1203487.  1203493.  1203509.
  1203533.  1203557.  1203571.  1203581.  1203607.  1203611.  1203619.
  1203641.  1203661.  1203667.  1203689.  1203691.  1203731.  1203733.
  1203739.  1203757.  1203773.  1203779.  1203791.  1203793.  1203799.
  1203809.  1203817.]