[ 1203827.  1203841.  1203863.  1203887.  1203893.  1203899.  1203901.
  1203913.  1203919.  1203929.  1203931.  1203941.  1203949.  1203953.
  1203959.  1203971.  1204003.  1204019.  1204037.  1204097.  1204103.
  1204117.  1204139.  1204141.  1204153.  1204169.  1204171.  1204183.
  1204207.  1204219.  1204243.  1204271.  1204279.  1204289.  1204309.
  1204337.  1204363.  1204369.  1204397.  1204409.  1204421.  1204447.
  1204451.  1204453.  1204471.  1204477.  1204493.  1204507.  1204519.
  1204529.  1204561.  1204583.  1204597.  1204607.  1204613.  1204633.
  1204649.  1204669.  1204681.  1204699.  1204711.  1204729.  1204741.
  1204781.  1204783.  1204787.  1204813.  1204823.  1204859.  1204871.
  1204873.  1204883.  1204891.  1204937.  1204967.  1204969.  1204981.
  1205027.  1205047.  1205081.  1205089.  1205093.  1205101.  1205117.
  1205119.  1205123.  1205159.  1205173.  1205179.  1205219.  1205231.
  1205251.  1205257.  1205287.  1205293.  1205339.  1205377.  1205387.
  1205411.  1205437.]