[ 1205447.  1205459.  1205467.  1205471.  1205473.  1205489.  1205513.
  1205527.  1205537.  1205539.  1205549.  1205557.  1205563.  1205609.
  1205627.  1205629.  1205639.  1205647.  1205653.  1205663.  1205669.
  1205681.  1205693.  1205707.  1205713.  1205717.  1205731.  1205749.
  1205753.  1205767.  1205773.  1205779.  1205819.  1205843.  1205891.
  1205899.  1205903.  1205921.  1205947.  1205951.  1205969.  1205977.
  1205999.  1206013.  1206017.  1206043.  1206053.  1206059.  1206061.
  1206071.  1206113.  1206131.  1206151.  1206157.  1206169.  1206173.
  1206181.  1206187.  1206199.  1206209.  1206223.  1206229.  1206259.
  1206263.  1206277.  1206307.  1206319.  1206323.  1206341.  1206347.
  1206353.  1206377.  1206383.  1206391.  1206407.  1206433.  1206449.
  1206461.  1206467.  1206479.  1206497.  1206529.  1206539.  1206553.
  1206563.  1206577.  1206581.  1206587.  1206619.  1206637.  1206679.
  1206683.  1206691.  1206701.  1206703.  1206713.  1206721.  1206731.
  1206743.  1206749.]