[ 1206761.  1206767.  1206769.  1206773.  1206781.  1206791.  1206809.
  1206827.  1206841.  1206869.  1206941.  1206973.  1206979.  1207001.
  1207027.  1207033.  1207039.  1207043.  1207079.  1207093.  1207097.
  1207111.  1207117.  1207121.  1207123.  1207133.  1207147.  1207159.
  1207211.  1207223.  1207237.  1207249.  1207259.  1207267.  1207291.
  1207307.  1207309.  1207313.  1207319.  1207331.  1207343.  1207351.
  1207363.  1207379.  1207387.  1207403.  1207417.  1207429.  1207439.
  1207441.  1207447.  1207489.  1207501.  1207511.  1207519.  1207529.
  1207537.  1207597.  1207603.  1207627.  1207649.  1207681.  1207699.
  1207721.  1207727.  1207751.  1207757.  1207769.  1207841.  1207883.
  1207903.  1207909.  1207919.  1207933.  1207957.  1207961.  1207979.
  1207981.  1208017.  1208021.  1208023.  1208027.  1208033.  1208057.
  1208069.  1208089.  1208113.  1208117.  1208131.  1208149.  1208159.
  1208177.  1208189.  1208209.  1208219.  1208237.  1208239.  1208243.
  1208269.  1208279.]