[ 1209781.  1209809.  1209811.  1209821.  1209841.  1209853.  1209877.
  1209883.  1209889.  1209931.  1209947.  1209959.  1209973.  1209979.
  1210003.  1210019.  1210021.  1210037.  1210039.  1210049.  1210051.
  1210067.  1210093.  1210103.  1210123.  1210127.  1210151.  1210163.
  1210169.  1210177.  1210193.  1210207.  1210211.  1210229.  1210241.
  1210259.  1210289.  1210351.  1210369.  1210379.  1210387.  1210393.
  1210397.  1210399.  1210403.  1210409.  1210411.  1210427.  1210439.
  1210441.  1210459.  1210477.  1210483.  1210499.  1210523.  1210541.
  1210549.  1210597.  1210609.  1210613.  1210631.  1210637.  1210639.
  1210711.  1210717.  1210747.  1210753.  1210777.  1210787.  1210793.
  1210799.  1210801.  1210817.  1210819.  1210831.  1210843.  1210871.
  1210873.  1210877.  1210879.  1210883.  1210897.  1210903.  1210921.
  1210933.  1210939.  1210949.  1210967.  1210987.  1210999.  1211027.
  1211039.  1211051.  1211057.  1211059.  1211081.  1211083.  1211087.
  1211141.  1211167.]