[ 1211179.  1211183.  1211191.  1211207.  1211227.  1211261.  1211279.
  1211281.  1211303.  1211311.  1211333.  1211339.  1211381.  1211389.
  1211393.  1211407.  1211411.  1211423.  1211443.  1211477.  1211489.
  1211501.  1211503.  1211531.  1211537.  1211543.  1211549.  1211563.
  1211593.  1211597.  1211599.  1211603.  1211621.  1211629.  1211647.
  1211653.  1211657.  1211659.  1211669.  1211677.  1211689.  1211701.
  1211719.  1211723.  1211731.  1211737.  1211741.  1211761.  1211767.
  1211779.  1211789.  1211797.  1211807.  1211813.  1211827.  1211843.
  1211857.  1211863.  1211897.  1211911.  1211921.  1211923.  1211933.
  1211983.  1211999.  1212011.  1212017.  1212023.  1212047.  1212053.
  1212061.  1212103.  1212119.  1212121.  1212149.  1212173.  1212187.
  1212191.  1212199.  1212221.  1212227.  1212241.  1212251.  1212259.
  1212283.  1212293.  1212301.  1212319.  1212331.  1212347.  1212361.
  1212373.  1212397.  1212401.  1212427.  1212433.  1212437.  1212439.
  1212443.  1212473.]