[ 121139.  121151.  121157.  121169.  121171.  121181.  121189.  121229.
  121259.  121267.  121271.  121283.  121291.  121309.  121313.  121321.
  121327.  121333.  121343.  121349.  121351.  121357.  121367.  121369.
  121379.  121403.  121421.  121439.  121441.  121447.  121453.  121469.
  121487.  121493.  121501.  121507.  121523.  121531.  121547.  121553.
  121559.  121571.  121577.  121579.  121591.  121607.  121609.  121621.
  121631.  121633.  121637.  121661.  121687.  121697.  121711.  121721.
  121727.  121763.  121787.  121789.  121843.  121853.  121867.  121883.
  121889.  121909.  121921.  121931.  121937.  121949.  121951.  121963.
  121967.  121993.  121997.  122011.  122021.  122027.  122029.  122033.
  122039.  122041.  122051.  122053.  122069.  122081.  122099.  122117.
  122131.  122147.  122149.  122167.  122173.  122201.  122203.  122207.
  122209.  122219.  122231.  122251.]