[ 1215157.  1215161.  1215167.  1215173.  1215197.  1215209.  1215229.
  1215239.  1215271.  1215283.  1215299.  1215301.  1215311.  1215329.
  1215349.  1215359.  1215367.  1215391.  1215397.  1215407.  1215421.
  1215433.  1215437.  1215439.  1215451.  1215457.  1215463.  1215497.
  1215499.  1215509.  1215521.  1215553.  1215569.  1215583.  1215587.
  1215623.  1215629.  1215631.  1215637.  1215647.  1215649.  1215673.
  1215679.  1215703.  1215719.  1215743.  1215769.  1215779.  1215787.
  1215827.  1215839.  1215847.  1215853.  1215859.  1215881.  1215899.
  1215917.  1215919.  1215923.  1216009.  1216013.  1216021.  1216043.
  1216067.  1216069.  1216087.  1216091.  1216109.  1216123.  1216147.
  1216151.  1216177.  1216213.  1216249.  1216273.  1216277.  1216337.
  1216339.  1216349.  1216351.  1216373.  1216379.  1216387.  1216393.
  1216417.  1216421.  1216433.  1216441.  1216451.  1216459.  1216489.
  1216507.  1216529.  1216543.  1216547.  1216559.  1216561.  1216577.
  1216583.  1216591.]