[ 1217899.  1217903.  1217917.  1217921.  1217927.  1217933.  1217941.
  1217947.  1217963.  1217977.  1217989.  1218017.  1218043.  1218089.
  1218121.  1218131.  1218157.  1218167.  1218179.  1218197.  1218199.
  1218209.  1218211.  1218221.  1218247.  1218251.  1218257.  1218263.
  1218277.  1218281.  1218307.  1218313.  1218367.  1218383.  1218391.
  1218401.  1218421.  1218433.  1218449.  1218457.  1218463.  1218467.
  1218473.  1218487.  1218533.  1218557.  1218559.  1218571.  1218583.
  1218601.  1218617.  1218631.  1218649.  1218653.  1218683.  1218691.
  1218709.  1218727.  1218731.  1218739.  1218761.  1218773.  1218779.
  1218787.  1218821.  1218829.  1218853.  1218859.  1218901.  1218911.
  1218913.  1218923.  1218941.  1218949.  1218953.  1218989.  1218991.
  1219003.  1219061.  1219081.  1219091.  1219109.  1219111.  1219123.
  1219129.  1219147.  1219177.  1219213.  1219237.  1219241.  1219271.
  1219279.  1219297.  1219301.  1219303.  1219307.  1219313.  1219343.
  1219349.  1219357.]