[ 1223633.  1223683.  1223687.  1223689.  1223693.  1223723.  1223731.
  1223749.  1223753.  1223767.  1223773.  1223777.  1223857.  1223863.
  1223867.  1223879.  1223897.  1223921.  1223939.  1223941.  1223953.
  1223977.  1223987.  1223993.  1224029.  1224031.  1224053.  1224059.
  1224077.  1224079.  1224089.  1224109.  1224121.  1224131.  1224133.
  1224149.  1224163.  1224169.  1224193.  1224203.  1224217.  1224229.
  1224233.  1224239.  1224257.  1224259.  1224269.  1224271.  1224281.
  1224287.  1224299.  1224329.  1224337.  1224347.  1224389.  1224403.
  1224413.  1224437.  1224439.  1224473.  1224479.  1224481.  1224529.
  1224533.  1224577.  1224599.  1224637.  1224673.  1224677.  1224701.
  1224703.  1224709.  1224739.  1224763.  1224767.  1224809.  1224823.
  1224851.  1224857.  1224859.  1224863.  1224869.  1224887.  1224889.
  1224893.  1224913.  1224919.  1224943.  1224953.  1224967.  1224973.
  1224983.  1224991.  1225009.  1225019.  1225061.  1225067.  1225073.
  1225079.  1225087.]