[ 1225093.  1225097.  1225099.  1225109.  1225111.  1225117.  1225123.
  1225127.  1225129.  1225153.  1225157.  1225183.  1225219.  1225223.
  1225261.  1225283.  1225297.  1225303.  1225319.  1225327.  1225331.
  1225361.  1225373.  1225381.  1225397.  1225409.  1225459.  1225493.
  1225501.  1225507.  1225517.  1225529.  1225541.  1225559.  1225571.
  1225577.  1225579.  1225589.  1225591.  1225603.  1225621.  1225643.
  1225657.  1225663.  1225687.  1225691.  1225703.  1225723.  1225727.
  1225729.  1225759.  1225769.  1225787.  1225817.  1225849.  1225871.
  1225879.  1225883.  1225891.  1225897.  1225907.  1225909.  1225919.
  1225927.  1225933.  1225949.  1225963.  1225981.  1225997.  1225999.
  1226011.  1226041.  1226053.  1226063.  1226077.  1226083.  1226087.
  1226101.  1226111.  1226117.  1226179.  1226189.  1226191.  1226209.
  1226213.  1226237.  1226257.  1226263.  1226293.  1226297.  1226299.
  1226311.  1226321.  1226339.  1226341.  1226347.  1226353.  1226377.
  1226387.  1226417.]