[ 1226461.  1226471.  1226479.  1226483.  1226501.  1226503.  1226531.
  1226539.  1226549.  1226557.  1226581.  1226593.  1226609.  1226611.
  1226623.  1226629.  1226651.  1226663.  1226677.  1226681.  1226683.
  1226699.  1226707.  1226711.  1226713.  1226741.  1226767.  1226779.
  1226783.  1226789.  1226801.  1226803.  1226807.  1226821.  1226831.
  1226851.  1226857.  1226861.  1226867.  1226891.  1226899.  1226959.
  1226977.  1226983.  1226993.  1227047.  1227053.  1227101.  1227103.
  1227131.  1227133.  1227143.  1227151.  1227157.  1227167.  1227173.
  1227181.  1227241.  1227271.  1227277.  1227299.  1227301.  1227319.
  1227323.  1227329.  1227337.  1227353.  1227379.  1227407.  1227431.
  1227437.  1227463.  1227469.  1227491.  1227497.  1227539.  1227547.
  1227559.  1227563.  1227619.  1227637.  1227649.  1227659.  1227683.
  1227701.  1227703.  1227713.  1227719.  1227769.  1227797.  1227829.
  1227833.  1227841.  1227847.  1227871.  1227881.  1227887.  1227911.
  1227917.  1227929.]