[ 1229273.  1229279.  1229297.  1229309.  1229311.  1229317.  1229329.
  1229351.  1229353.  1229359.  1229369.  1229377.  1229381.  1229401.
  1229443.  1229447.  1229453.  1229461.  1229483.  1229489.  1229519.
  1229521.  1229531.  1229561.  1229563.  1229581.  1229597.  1229617.
  1229633.  1229647.  1229663.  1229689.  1229707.  1229719.  1229731.
  1229743.  1229773.  1229783.  1229807.  1229827.  1229869.  1229873.
  1229897.  1229903.  1229911.  1229939.  1229941.  1229957.  1229981.
  1229993.  1229999.  1230013.  1230023.  1230029.  1230067.  1230071.
  1230107.  1230127.  1230167.  1230169.  1230181.  1230199.  1230223.
  1230227.  1230233.  1230241.  1230263.  1230301.  1230311.  1230329.
  1230331.  1230337.  1230343.  1230347.  1230349.  1230367.  1230371.
  1230373.  1230377.  1230379.  1230391.  1230401.  1230433.  1230461.
  1230469.  1230479.  1230491.  1230521.  1230529.  1230539.  1230547.
  1230571.  1230587.  1230599.  1230629.  1230631.  1230637.  1230667.
  1230689.  1230727.]