[ 1230739.  1230743.  1230751.  1230769.  1230791.  1230829.  1230863.
  1230869.  1230871.  1230881.  1230907.  1230913.  1230941.  1230949.
  1230967.  1230997.  1231001.  1231003.  1231039.  1231049.  1231051.
  1231063.  1231073.  1231091.  1231093.  1231099.  1231127.  1231129.
  1231141.  1231171.  1231177.  1231193.  1231199.  1231201.  1231207.
  1231229.  1231231.  1231247.  1231261.  1231267.  1231277.  1231283.
  1231301.  1231303.  1231309.  1231313.  1231319.  1231337.  1231339.
  1231357.  1231379.  1231381.  1231387.  1231411.  1231421.  1231423.
  1231453.  1231457.  1231459.  1231469.  1231481.  1231487.  1231511.
  1231513.  1231547.  1231553.  1231577.  1231579.  1231589.  1231597.
  1231613.  1231631.  1231663.  1231669.  1231687.  1231691.  1231697.
  1231709.  1231721.  1231733.  1231753.  1231757.  1231771.  1231781.
  1231787.  1231799.  1231807.  1231817.  1231829.  1231831.  1231843.
  1231859.  1231873.  1231877.  1231883.  1231889.  1231943.  1231961.
  1231981.  1231987.]