[ 1231999.  1232003.  1232069.  1232071.  1232083.  1232089.  1232171.
  1232183.  1232201.  1232213.  1232221.  1232227.  1232243.  1232269.
  1232291.  1232299.  1232327.  1232339.  1232351.  1232353.  1232377.
  1232389.  1232393.  1232401.  1232411.  1232417.  1232431.  1232437.
  1232453.  1232461.  1232477.  1232527.  1232531.  1232537.  1232563.
  1232573.  1232603.  1232611.  1232617.  1232657.  1232659.  1232683.
  1232689.  1232713.  1232719.  1232771.  1232797.  1232801.  1232809.
  1232831.  1232843.  1232849.  1232851.  1232879.  1232893.  1232909.
  1232941.  1232947.  1232977.  1232981.  1232983.  1232999.  1233019.
  1233047.  1233073.  1233079.  1233097.  1233101.  1233107.  1233121.
  1233143.  1233179.  1233181.  1233187.  1233209.  1233241.  1233251.
  1233259.  1233263.  1233301.  1233313.  1233319.  1233361.  1233371.
  1233373.  1233377.  1233409.  1233431.  1233433.  1233437.  1233439.
  1233473.  1233493.  1233497.  1233509.  1233523.  1233527.  1233539.
  1233563.  1233569.]