[ 1233577.  1233587.  1233593.  1233599.  1233607.  1233611.  1233619.
  1233641.  1233647.  1233653.  1233709.  1233721.  1233751.  1233761.
  1233763.  1233779.  1233781.  1233851.  1233887.  1233899.  1233907.
  1233923.  1233929.  1233949.  1233983.  1234001.  1234003.  1234039.
  1234049.  1234063.  1234067.  1234099.  1234109.  1234117.  1234133.
  1234147.  1234187.  1234231.  1234237.  1234241.  1234243.  1234253.
  1234271.  1234309.  1234333.  1234349.  1234351.  1234367.  1234379.
  1234391.  1234393.  1234417.  1234439.  1234463.  1234511.  1234517.
  1234531.  1234537.  1234543.  1234547.  1234577.  1234603.  1234613.
  1234627.  1234657.  1234687.  1234703.  1234721.  1234747.  1234757.
  1234759.  1234769.  1234777.  1234787.  1234789.  1234799.  1234813.
  1234819.  1234837.  1234841.  1234843.  1234853.  1234873.  1234889.
  1234901.  1234951.  1234967.  1234969.  1234991.  1235021.  1235027.
  1235041.  1235063.  1235083.  1235093.  1235099.  1235131.  1235137.
  1235141.  1235149.]