[ 1238051.  1238063.  1238071.  1238087.  1238089.  1238101.  1238119.
  1238129.  1238137.  1238177.  1238179.  1238189.  1238197.  1238201.
  1238219.  1238267.  1238269.  1238273.  1238291.  1238317.  1238327.
  1238333.  1238371.  1238381.  1238383.  1238407.  1238411.  1238423.
  1238429.  1238431.  1238437.  1238449.  1238459.  1238491.  1238509.
  1238521.  1238533.  1238537.  1238551.  1238597.  1238599.  1238621.
  1238647.  1238659.  1238681.  1238683.  1238687.  1238693.  1238717.
  1238719.  1238747.  1238749.  1238759.  1238761.  1238767.  1238771.
  1238789.  1238801.  1238821.  1238827.  1238833.  1238843.  1238863.
  1238893.  1238903.  1238911.  1238917.  1238921.  1238947.  1238989.
  1238999.  1239001.  1239013.  1239023.  1239041.  1239067.  1239089.
  1239103.  1239109.  1239127.  1239151.  1239179.  1239191.  1239197.
  1239223.  1239229.  1239239.  1239247.  1239269.  1239281.  1239311.
  1239319.  1239323.  1239341.  1239347.  1239353.  1239361.  1239367.
  1239377.  1239379.]