[ 1239397.  1239421.  1239443.  1239449.  1239457.  1239461.  1239481.
  1239499.  1239509.  1239517.  1239523.  1239529.  1239533.  1239551.
  1239569.  1239583.  1239593.  1239599.  1239607.  1239619.  1239643.
  1239661.  1239671.  1239697.  1239727.  1239737.  1239739.  1239751.
  1239761.  1239773.  1239803.  1239817.  1239839.  1239877.  1239893.
  1239899.  1239911.  1239913.  1239919.  1239923.  1239943.  1239961.
  1239971.  1239983.  1239989.  1240007.  1240009.  1240013.  1240021.
  1240027.  1240039.  1240081.  1240087.  1240097.  1240117.  1240139.
  1240153.  1240159.  1240181.  1240193.  1240199.  1240207.  1240219.
  1240231.  1240241.  1240247.  1240271.  1240273.  1240307.  1240319.
  1240333.  1240361.  1240363.  1240387.  1240391.  1240399.  1240423.
  1240483.  1240487.  1240511.  1240517.  1240523.  1240543.  1240553.
  1240559.  1240607.  1240621.  1240637.  1240667.  1240669.  1240691.
  1240699.  1240703.  1240709.  1240717.  1240739.  1240741.  1240751.
  1240763.  1240769.]