[ 1240777.  1240793.  1240807.  1240817.  1240831.  1240859.  1240861.
  1240931.  1240957.  1240973.  1240979.  1240991.  1240999.  1241003.
  1241027.  1241033.  1241039.  1241059.  1241077.  1241081.  1241087.
  1241159.  1241161.  1241173.  1241197.  1241203.  1241243.  1241249.
  1241257.  1241263.  1241267.  1241269.  1241291.  1241321.  1241341.
  1241347.  1241351.  1241369.  1241377.  1241381.  1241389.  1241407.
  1241413.  1241417.  1241423.  1241437.  1241447.  1241467.  1241477.
  1241483.  1241489.  1241491.  1241507.  1241509.  1241549.  1241551.
  1241557.  1241573.  1241579.  1241587.  1241627.  1241651.  1241659.
  1241677.  1241699.  1241741.  1241743.  1241761.  1241771.  1241789.
  1241813.  1241819.  1241827.  1241869.  1241879.  1241893.  1241921.
  1241923.  1241927.  1241939.  1241941.  1241951.  1241957.  1241963.
  1241971.  1241987.  1242001.  1242029.  1242061.  1242067.  1242089.
  1242097.  1242103.  1242107.  1242119.  1242121.  1242151.  1242167.
  1242169.  1242181.]