[ 1246429.  1246433.  1246451.  1246459.  1246471.  1246477.  1246481.
  1246489.  1246499.  1246501.  1246513.  1246517.  1246529.  1246537.
  1246543.  1246561.  1246573.  1246579.  1246589.  1246591.  1246601.
  1246631.  1246639.  1246667.  1246673.  1246697.  1246703.  1246711.
  1246733.  1246747.  1246757.  1246781.  1246823.  1246829.  1246841.
  1246867.  1246879.  1246891.  1246907.  1246919.  1246943.  1246961.
  1246963.  1246997.  1247009.  1247017.  1247033.  1247053.  1247063.
  1247089.  1247101.  1247107.  1247117.  1247119.  1247167.  1247177.
  1247189.  1247209.  1247231.  1247243.  1247263.  1247269.  1247291.
  1247297.  1247303.  1247317.  1247321.  1247327.  1247329.  1247371.
  1247383.  1247401.  1247417.  1247419.  1247429.  1247447.  1247453.
  1247459.  1247479.  1247501.  1247509.  1247527.  1247549.  1247557.
  1247563.  1247569.  1247581.  1247591.  1247599.  1247611.  1247621.
  1247627.  1247641.  1247651.  1247663.  1247693.  1247699.  1247737.
  1247759.  1247761.]