[ 1250453.  1250461.  1250471.  1250479.  1250497.  1250507.  1250519.
  1250521.  1250527.  1250551.  1250593.  1250609.  1250611.  1250629.
  1250647.  1250653.  1250677.  1250701.  1250737.  1250749.  1250761.
  1250771.  1250773.  1250779.  1250783.  1250801.  1250813.  1250831.
  1250839.  1250863.  1250867.  1250917.  1250923.  1250929.  1250939.
  1250969.  1250971.  1250981.  1250983.  1251011.  1251037.  1251043.
  1251053.  1251071.  1251083.  1251097.  1251101.  1251109.  1251121.
  1251157.  1251161.  1251179.  1251227.  1251247.  1251259.  1251287.
  1251301.  1251307.  1251317.  1251323.  1251329.  1251409.  1251427.
  1251431.  1251433.  1251461.  1251463.  1251527.  1251529.  1251533.
  1251571.  1251577.  1251581.  1251583.  1251641.  1251661.  1251667.
  1251671.  1251697.  1251703.  1251707.  1251713.  1251721.  1251743.
  1251787.  1251791.  1251797.  1251827.  1251841.  1251851.  1251857.
  1251869.  1251871.  1251881.  1251907.  1251911.  1251919.  1251923.
  1251937.  1251947.]