[ 1254791.  1254793.  1254823.  1254833.  1254839.  1254863.  1254899.
  1254907.  1254941.  1254959.  1254971.  1254983.  1254997.  1255013.
  1255021.  1255039.  1255049.  1255063.  1255069.  1255081.  1255103.
  1255109.  1255117.  1255123.  1255129.  1255139.  1255147.  1255153.
  1255157.  1255169.  1255181.  1255183.  1255187.  1255201.  1255211.
  1255237.  1255249.  1255253.  1255259.  1255279.  1255301.  1255307.
  1255313.  1255321.  1255333.  1255337.  1255357.  1255361.  1255367.
  1255391.  1255393.  1255421.  1255427.  1255451.  1255453.  1255477.
  1255519.  1255549.  1255559.  1255567.  1255591.  1255601.  1255609.
  1255619.  1255633.  1255651.  1255663.  1255679.  1255687.  1255693.
  1255721.  1255747.  1255757.  1255759.  1255799.  1255801.  1255811.
  1255829.  1255831.  1255847.  1255861.  1255907.  1255913.  1255927.
  1255931.  1255939.  1255949.  1255963.  1255967.  1255993.  1255997.
  1256009.  1256023.  1256029.  1256041.  1256063.  1256107.  1256149.
  1256161.  1256197.]