[ 1256201.  1256209.  1256231.  1256243.  1256267.  1256279.  1256303.
  1256323.  1256347.  1256369.  1256383.  1256389.  1256393.  1256407.
  1256429.  1256449.  1256477.  1256531.  1256533.  1256543.  1256573.
  1256579.  1256587.  1256597.  1256611.  1256617.  1256621.  1256659.
  1256681.  1256687.  1256693.  1256707.  1256711.  1256729.  1256737.
  1256747.  1256753.  1256777.  1256797.  1256809.  1256813.  1256819.
  1256821.  1256837.  1256863.  1256867.  1256873.  1256887.  1256891.
  1256897.  1256903.  1256911.  1256917.  1256923.  1256939.  1256953.
  1256989.  1256993.  1257013.  1257017.  1257029.  1257041.  1257043.
  1257049.  1257071.  1257073.  1257077.  1257079.  1257089.  1257103.
  1257119.  1257131.  1257163.  1257199.  1257209.  1257229.  1257233.
  1257239.  1257241.  1257247.  1257251.  1257253.  1257281.  1257293.
  1257307.  1257313.  1257317.  1257323.  1257331.  1257359.  1257397.
  1257409.  1257437.  1257457.  1257461.  1257463.  1257491.  1257493.
  1257499.  1257517.]