[ 125753.  125777.  125789.  125791.  125803.  125813.  125821.  125863.
  125887.  125897.  125899.  125921.  125927.  125929.  125933.  125941.
  125959.  125963.  126001.  126011.  126013.  126019.  126023.  126031.
  126037.  126041.  126047.  126067.  126079.  126097.  126107.  126127.
  126131.  126143.  126151.  126173.  126199.  126211.  126223.  126227.
  126229.  126233.  126241.  126257.  126271.  126307.  126311.  126317.
  126323.  126337.  126341.  126349.  126359.  126397.  126421.  126433.
  126443.  126457.  126461.  126473.  126481.  126487.  126491.  126493.
  126499.  126517.  126541.  126547.  126551.  126583.  126601.  126611.
  126613.  126631.  126641.  126653.  126683.  126691.  126703.  126713.
  126719.  126733.  126739.  126743.  126751.  126757.  126761.  126781.
  126823.  126827.  126839.  126851.  126857.  126859.  126913.  126923.
  126943.  126949.  126961.  126967.]