[ 1258837.  1258847.  1258871.  1258877.  1258889.  1258903.  1258927.
  1258931.  1258937.  1258967.  1258973.  1258993.  1259017.  1259029.
  1259033.  1259039.  1259047.  1259051.  1259053.  1259057.  1259077.
  1259081.  1259087.  1259099.  1259107.  1259113.  1259123.  1259129.
  1259143.  1259171.  1259179.  1259191.  1259213.  1259231.  1259243.
  1259249.  1259287.  1259299.  1259317.  1259329.  1259371.  1259389.
  1259393.  1259413.  1259429.  1259477.  1259509.  1259527.  1259537.
  1259539.  1259543.  1259551.  1259563.  1259569.  1259593.  1259603.
  1259627.  1259639.  1259653.  1259659.  1259663.  1259669.  1259677.
  1259689.  1259701.  1259737.  1259743.  1259749.  1259759.  1259767.
  1259777.  1259803.  1259821.  1259851.  1259873.  1259899.  1259903.
  1259927.  1259939.  1259953.  1259977.  1259983.  1260011.  1260019.
  1260031.  1260047.  1260059.  1260067.  1260113.  1260121.  1260131.
  1260143.  1260157.  1260163.  1260167.  1260169.  1260191.  1260223.
  1260269.  1260277.]