[ 1260283.  1260293.  1260317.  1260319.  1260323.  1260341.  1260359.
  1260361.  1260383.  1260401.  1260419.  1260437.  1260439.  1260461.
  1260473.  1260481.  1260487.  1260509.  1260541.  1260547.  1260551.
  1260569.  1260577.  1260583.  1260599.  1260629.  1260641.  1260643.
  1260661.  1260673.  1260691.  1260713.  1260719.  1260731.  1260733.
  1260751.  1260757.  1260767.  1260769.  1260797.  1260799.  1260827.
  1260829.  1260841.  1260851.  1260877.  1260881.  1260887.  1260893.
  1260899.  1260901.  1260911.  1260971.  1260979.  1260989.  1260991.
  1261033.  1261069.  1261079.  1261081.  1261109.  1261121.  1261133.
  1261157.  1261171.  1261177.  1261199.  1261217.  1261223.  1261259.
  1261261.  1261279.  1261289.  1261301.  1261313.  1261321.  1261327.
  1261333.  1261357.  1261363.  1261373.  1261387.  1261411.  1261427.
  1261459.  1261487.  1261489.  1261523.  1261531.  1261549.  1261567.
  1261571.  1261627.  1261639.  1261643.  1261649.  1261697.  1261699.
  1261717.  1261721.]