[ 1261739.  1261747.  1261759.  1261763.  1261769.  1261789.  1261801.
  1261823.  1261829.  1261831.  1261837.  1261861.  1261889.  1261891.
  1261901.  1261913.  1261933.  1261943.  1261963.  1261969.  1261973.
  1262011.  1262017.  1262057.  1262071.  1262081.  1262083.  1262087.
  1262099.  1262101.  1262119.  1262143.  1262147.  1262203.  1262207.
  1262221.  1262231.  1262237.  1262269.  1262281.  1262291.  1262293.
  1262299.  1262311.  1262321.  1262363.  1262377.  1262411.  1262419.
  1262441.  1262453.  1262461.  1262479.  1262483.  1262491.  1262509.
  1262519.  1262543.  1262557.  1262563.  1262581.  1262587.  1262617.
  1262621.  1262623.  1262629.  1262633.  1262669.  1262671.  1262693.
  1262711.  1262713.  1262717.  1262731.  1262741.  1262753.  1262771.
  1262783.  1262819.  1262839.  1262851.  1262869.  1262881.  1262887.
  1262893.  1262897.  1262903.  1262917.  1262927.  1262929.  1262939.
  1262941.  1262957.  1263007.  1263047.  1263071.  1263077.  1263079.
  1263103.  1263107.]