[ 1264577.  1264597.  1264607.  1264643.  1264649.  1264651.  1264657.
  1264663.  1264667.  1264687.  1264699.  1264733.  1264741.  1264763.
  1264787.  1264801.  1264807.  1264819.  1264829.  1264853.  1264859.
  1264867.  1264873.  1264877.  1264883.  1264889.  1264897.  1264903.
  1264909.  1264933.  1264969.  1264979.  1264981.  1264997.  1265029.
  1265041.  1265051.  1265053.  1265063.  1265081.  1265083.  1265087.
  1265093.  1265101.  1265111.  1265113.  1265119.  1265129.  1265167.
  1265177.  1265179.  1265197.  1265233.  1265249.  1265273.  1265279.
  1265281.  1265311.  1265321.  1265333.  1265347.  1265353.  1265377.
  1265387.  1265393.  1265431.  1265443.  1265449.  1265461.  1265471.
  1265477.  1265479.  1265503.  1265519.  1265521.  1265527.  1265549.
  1265557.  1265573.  1265581.  1265597.  1265603.  1265611.  1265617.
  1265623.  1265639.  1265653.  1265657.  1265681.  1265729.  1265741.
  1265777.  1265779.  1265801.  1265813.  1265827.  1265843.  1265857.
  1265861.  1265863.]