[ 1267121.  1267127.  1267151.  1267157.  1267159.  1267183.  1267193.
  1267199.  1267223.  1267237.  1267291.  1267297.  1267303.  1267307.
  1267349.  1267381.  1267403.  1267411.  1267429.  1267447.  1267451.
  1267459.  1267463.  1267481.  1267501.  1267517.  1267529.  1267531.
  1267549.  1267577.  1267579.  1267589.  1267613.  1267633.  1267649.
  1267663.  1267681.  1267709.  1267711.  1267723.  1267727.  1267757.
  1267771.  1267787.  1267789.  1267823.  1267831.  1267837.  1267859.
  1267873.  1267883.  1267891.  1267897.  1267907.  1267933.  1267939.
  1267943.  1267951.  1267957.  1267961.  1267999.  1268011.  1268017.
  1268039.  1268051.  1268053.  1268077.  1268093.  1268119.  1268143.
  1268147.  1268167.  1268173.  1268177.  1268207.  1268213.  1268221.
  1268233.  1268261.  1268279.  1268287.  1268291.  1268299.  1268327.
  1268341.  1268357.  1268359.  1268369.  1268413.  1268419.  1268429.
  1268447.  1268453.  1268461.  1268467.  1268479.  1268537.  1268549.
  1268563.  1268567.]