[ 1278527.  1278551.  1278583.  1278601.  1278611.  1278617.  1278619.
  1278623.  1278631.  1278637.  1278659.  1278671.  1278701.  1278709.
  1278713.  1278721.  1278733.  1278769.  1278779.  1278787.  1278799.
  1278803.  1278811.  1278817.  1278839.  1278857.  1278881.  1278899.
  1278911.  1278983.  1278997.  1279001.  1279013.  1279021.  1279027.
  1279039.  1279043.  1279081.  1279087.  1279093.  1279111.  1279123.
  1279133.  1279141.  1279163.  1279171.  1279177.  1279181.  1279183.
  1279189.  1279193.  1279211.  1279249.  1279253.  1279303.  1279307.
  1279309.  1279319.  1279321.  1279337.  1279357.  1279361.  1279417.
  1279427.  1279457.  1279459.  1279483.  1279493.  1279507.  1279511.
  1279519.  1279541.  1279547.  1279549.  1279561.  1279583.  1279601.
  1279609.  1279627.  1279643.  1279657.  1279661.  1279667.  1279673.
  1279679.  1279687.  1279693.  1279703.  1279727.  1279753.  1279757.
  1279787.  1279801.  1279807.  1279813.  1279819.  1279823.  1279843.
  1279847.  1279853.]