[ 1279871.  1279877.  1279907.  1279919.  1279921.  1279931.  1279937.
  1279961.  1279969.  1279997.  1280023.  1280101.  1280107.  1280113.
  1280119.  1280129.  1280131.  1280141.  1280159.  1280161.  1280173.
  1280179.  1280183.  1280221.  1280231.  1280267.  1280281.  1280291.
  1280297.  1280309.  1280317.  1280333.  1280371.  1280399.  1280401.
  1280407.  1280417.  1280431.  1280453.  1280473.  1280519.  1280537.
  1280549.  1280561.  1280567.  1280597.  1280603.  1280623.  1280633.
  1280651.  1280659.  1280677.  1280693.  1280707.  1280737.  1280743.
  1280759.  1280761.  1280767.  1280789.  1280791.  1280803.  1280821.
  1280833.  1280837.  1280857.  1280863.  1280869.  1280887.  1280921.
  1280947.  1280969.  1280987.  1280989.  1281029.  1281041.  1281043.
  1281047.  1281083.  1281089.  1281097.  1281101.  1281131.  1281149.
  1281157.  1281167.  1281187.  1281193.  1281211.  1281221.  1281229.
  1281253.  1281257.  1281263.  1281281.  1281283.  1281317.  1281331.
  1281349.  1281367.]