[ 1281383.  1281389.  1281407.  1281431.  1281433.  1281439.  1281451.
  1281457.  1281463.  1281503.  1281521.  1281523.  1281541.  1281547.
  1281551.  1281563.  1281587.  1281649.  1281653.  1281667.  1281673.
  1281677.  1281691.  1281697.  1281703.  1281727.  1281739.  1281751.
  1281773.  1281779.  1281781.  1281799.  1281803.  1281809.  1281821.
  1281823.  1281827.  1281853.  1281871.  1281883.  1281899.  1281937.
  1281941.  1281961.  1281971.  1281979.  1281983.  1282007.  1282009.
  1282031.  1282033.  1282051.  1282069.  1282079.  1282081.  1282093.
  1282109.  1282117.  1282121.  1282133.  1282153.  1282163.  1282187.
  1282201.  1282213.  1282231.  1282241.  1282261.  1282277.  1282279.
  1282289.  1282297.  1282343.  1282349.  1282363.  1282381.  1282387.
  1282399.  1282417.  1282423.  1282427.  1282451.  1282469.  1282471.
  1282493.  1282499.  1282507.  1282511.  1282513.  1282517.  1282529.
  1282543.  1282571.  1282577.  1282597.  1282607.  1282613.  1282627.
  1282637.  1282639.]