[ 1282649.  1282657.  1282661.  1282681.  1282693.  1282703.  1282717.
  1282739.  1282751.  1282763.  1282781.  1282783.  1282807.  1282817.
  1282867.  1282877.  1282903.  1282907.  1282909.  1282913.  1282933.
  1282943.  1282951.  1282961.  1282969.  1282993.  1283011.  1283017.
  1283021.  1283027.  1283063.  1283069.  1283083.  1283099.  1283111.
  1283119.  1283129.  1283137.  1283159.  1283167.  1283171.  1283173.
  1283179.  1283207.  1283237.  1283297.  1283323.  1283333.  1283339.
  1283353.  1283383.  1283389.  1283417.  1283437.  1283441.  1283473.
  1283479.  1283509.  1283521.  1283537.  1283539.  1283543.  1283549.
  1283563.  1283573.  1283591.  1283603.  1283677.  1283683.  1283701.
  1283707.  1283717.  1283719.  1283731.  1283753.  1283759.  1283767.
  1283771.  1283797.  1283831.  1283839.  1283873.  1283879.  1283881.
  1283897.  1283903.  1283939.  1283941.  1283957.  1283969.  1283981.
  1283983.  1284007.  1284037.  1284043.  1284047.  1284053.  1284083.
  1284131.  1284169.]