[ 1289557.  1289567.  1289593.  1289597.  1289599.  1289621.  1289623.
  1289627.  1289653.  1289657.  1289677.  1289711.  1289713.  1289731.
  1289747.  1289749.  1289753.  1289779.  1289789.  1289801.  1289803.
  1289831.  1289839.  1289851.  1289867.  1289881.  1289921.  1289927.
  1289933.  1289963.  1289969.  1289971.  1290013.  1290019.  1290031.
  1290049.  1290077.  1290083.  1290109.  1290131.  1290143.  1290151.
  1290161.  1290167.  1290169.  1290173.  1290199.  1290203.  1290209.
  1290257.  1290259.  1290287.  1290293.  1290299.  1290319.  1290329.
  1290371.  1290379.  1290427.  1290431.  1290433.  1290439.  1290463.
  1290467.  1290469.  1290491.  1290503.  1290533.  1290539.  1290551.
  1290563.  1290571.  1290581.  1290593.  1290607.  1290629.  1290631.
  1290637.  1290643.  1290649.  1290659.  1290673.  1290683.  1290719.
  1290791.  1290811.  1290823.  1290847.  1290853.  1290857.  1290869.
  1290901.  1290907.  1290923.  1290937.  1290983.  1291001.  1291007.
  1291009.  1291019.]