[ 134059.  134077.  134081.  134087.  134089.  134093.  134129.  134153.
  134161.  134171.  134177.  134191.  134207.  134213.  134219.  134227.
  134243.  134257.  134263.  134269.  134287.  134291.  134293.  134327.
  134333.  134339.  134341.  134353.  134359.  134363.  134369.  134371.
  134399.  134401.  134417.  134437.  134443.  134471.  134489.  134503.
  134507.  134513.  134581.  134587.  134591.  134593.  134597.  134609.
  134639.  134669.  134677.  134681.  134683.  134699.  134707.  134731.
  134741.  134753.  134777.  134789.  134807.  134837.  134839.  134851.
  134857.  134867.  134873.  134887.  134909.  134917.  134921.  134923.
  134947.  134951.  134989.  134999.  135007.  135017.  135019.  135029.
  135043.  135049.  135059.  135077.  135089.  135101.  135119.  135131.
  135151.  135173.  135181.  135193.  135197.  135209.  135211.  135221.
  135241.  135257.  135271.  135277.]