[ 135281.  135283.  135301.  135319.  135329.  135347.  135349.  135353.
  135367.  135389.  135391.  135403.  135409.  135427.  135431.  135433.
  135449.  135461.  135463.  135467.  135469.  135479.  135497.  135511.
  135533.  135559.  135571.  135581.  135589.  135593.  135599.  135601.
  135607.  135613.  135617.  135623.  135637.  135647.  135649.  135661.
  135671.  135697.  135701.  135719.  135721.  135727.  135731.  135743.
  135757.  135781.  135787.  135799.  135829.  135841.  135851.  135859.
  135887.  135893.  135899.  135911.  135913.  135929.  135937.  135977.
  135979.  136013.  136027.  136033.  136043.  136057.  136067.  136069.
  136093.  136099.  136111.  136133.  136139.  136163.  136177.  136189.
  136193.  136207.  136217.  136223.  136237.  136247.  136261.  136273.
  136277.  136303.  136309.  136319.  136327.  136333.  136337.  136343.
  136351.  136361.  136373.  136379.]