[ 14533.  14537.  14543.  14549.  14551.  14557.  14561.  14563.  14591.
  14593.  14621.  14627.  14629.  14633.  14639.  14653.  14657.  14669.
  14683.  14699.  14713.  14717.  14723.  14731.  14737.  14741.  14747.
  14753.  14759.  14767.  14771.  14779.  14783.  14797.  14813.  14821.
  14827.  14831.  14843.  14851.  14867.  14869.  14879.  14887.  14891.
  14897.  14923.  14929.  14939.  14947.  14951.  14957.  14969.  14983.
  15013.  15017.  15031.  15053.  15061.  15073.  15077.  15083.  15091.
  15101.  15107.  15121.  15131.  15137.  15139.  15149.  15161.  15173.
  15187.  15193.  15199.  15217.  15227.  15233.  15241.  15259.  15263.
  15269.  15271.  15277.  15287.  15289.  15299.  15307.  15313.  15319.
  15329.  15331.  15349.  15359.  15361.  15373.  15377.  15383.  15391.
  15401.]