[ 148361.  148367.  148381.  148387.  148399.  148403.  148411.  148429.
  148439.  148457.  148469.  148471.  148483.  148501.  148513.  148517.
  148531.  148537.  148549.  148573.  148579.  148609.  148627.  148633.
  148639.  148663.  148667.  148669.  148691.  148693.  148711.  148721.
  148723.  148727.  148747.  148763.  148781.  148783.  148793.  148817.
  148829.  148853.  148859.  148861.  148867.  148873.  148891.  148913.
  148921.  148927.  148931.  148933.  148949.  148957.  148961.  148991.
  148997.  149011.  149021.  149027.  149033.  149053.  149057.  149059.
  149069.  149077.  149087.  149099.  149101.  149111.  149113.  149119.
  149143.  149153.  149159.  149161.  149173.  149183.  149197.  149213.
  149239.  149249.  149251.  149257.  149269.  149287.  149297.  149309.
  149323.  149333.  149341.  149351.  149371.  149377.  149381.  149393.
  149399.  149411.  149417.  149419.]