[ 152897.  152899.  152909.  152939.  152941.  152947.  152953.  152959.
  152981.  152989.  152993.  153001.  153059.  153067.  153071.  153073.
  153077.  153089.  153107.  153113.  153133.  153137.  153151.  153191.
  153247.  153259.  153269.  153271.  153277.  153281.  153287.  153313.
  153319.  153337.  153343.  153353.  153359.  153371.  153379.  153407.
  153409.  153421.  153427.  153437.  153443.  153449.  153457.  153469.
  153487.  153499.  153509.  153511.  153521.  153523.  153529.  153533.
  153557.  153563.  153589.  153607.  153611.  153623.  153641.  153649.
  153689.  153701.  153719.  153733.  153739.  153743.  153749.  153757.
  153763.  153817.  153841.  153871.  153877.  153887.  153889.  153911.
  153913.  153929.  153941.  153947.  153949.  153953.  153991.  153997.
  154001.  154027.  154043.  154057.  154061.  154067.  154073.  154079.
  154081.  154087.  154097.  154111.]