[ 155333.  155371.  155377.  155381.  155383.  155387.  155399.  155413.
  155423.  155443.  155453.  155461.  155473.  155501.  155509.  155521.
  155537.  155539.  155557.  155569.  155579.  155581.  155593.  155599.
  155609.  155621.  155627.  155653.  155657.  155663.  155671.  155689.
  155693.  155699.  155707.  155717.  155719.  155723.  155731.  155741.
  155747.  155773.  155777.  155783.  155797.  155801.  155809.  155821.
  155833.  155849.  155851.  155861.  155863.  155887.  155891.  155893.
  155921.  156007.  156011.  156019.  156041.  156059.  156061.  156071.
  156089.  156109.  156119.  156127.  156131.  156139.  156151.  156157.
  156217.  156227.  156229.  156241.  156253.  156257.  156259.  156269.
  156307.  156319.  156329.  156347.  156353.  156361.  156371.  156419.
  156421.  156437.  156467.  156487.  156491.  156493.  156511.  156521.
  156539.  156577.  156589.  156593.]