[ 156601.  156619.  156623.  156631.  156641.  156659.  156671.  156677.
  156679.  156683.  156691.  156703.  156707.  156719.  156727.  156733.
  156749.  156781.  156797.  156799.  156817.  156823.  156833.  156841.
  156887.  156899.  156901.  156913.  156941.  156943.  156967.  156971.
  156979.  157007.  157013.  157019.  157037.  157049.  157051.  157057.
  157061.  157081.  157103.  157109.  157127.  157133.  157141.  157163.
  157177.  157181.  157189.  157207.  157211.  157217.  157219.  157229.
  157231.  157243.  157247.  157253.  157259.  157271.  157273.  157277.
  157279.  157291.  157303.  157307.  157321.  157327.  157349.  157351.
  157363.  157393.  157411.  157427.  157429.  157433.  157457.  157477.
  157483.  157489.  157513.  157519.  157523.  157543.  157559.  157561.
  157571.  157579.  157627.  157637.  157639.  157649.  157667.  157669.
  157679.  157721.  157733.  157739.]