[ 157747.  157769.  157771.  157793.  157799.  157813.  157823.  157831.
  157837.  157841.  157867.  157877.  157889.  157897.  157901.  157907.
  157931.  157933.  157951.  157991.  157999.  158003.  158009.  158017.
  158029.  158047.  158071.  158077.  158113.  158129.  158141.  158143.
  158161.  158189.  158201.  158209.  158227.  158231.  158233.  158243.
  158261.  158269.  158293.  158303.  158329.  158341.  158351.  158357.
  158359.  158363.  158371.  158393.  158407.  158419.  158429.  158443.
  158449.  158489.  158507.  158519.  158527.  158537.  158551.  158563.
  158567.  158573.  158581.  158591.  158597.  158611.  158617.  158621.
  158633.  158647.  158657.  158663.  158699.  158731.  158747.  158749.
  158759.  158761.  158771.  158777.  158791.  158803.  158843.  158849.
  158863.  158867.  158881.  158909.  158923.  158927.  158941.  158959.
  158981.  158993.  159013.  159017.]