[ 161407.  161411.  161453.  161459.  161461.  161471.  161503.  161507.
  161521.  161527.  161531.  161543.  161561.  161563.  161569.  161573.
  161591.  161599.  161611.  161627.  161639.  161641.  161659.  161683.
  161717.  161729.  161731.  161741.  161743.  161753.  161761.  161771.
  161773.  161779.  161783.  161807.  161831.  161839.  161869.  161873.
  161879.  161881.  161911.  161921.  161923.  161947.  161957.  161969.
  161971.  161977.  161983.  161999.  162007.  162011.  162017.  162053.
  162059.  162079.  162091.  162109.  162119.  162143.  162209.  162221.
  162229.  162251.  162257.  162263.  162269.  162277.  162287.  162289.
  162293.  162343.  162359.  162389.  162391.  162413.  162419.  162439.
  162451.  162457.  162473.  162493.  162499.  162517.  162523.  162527.
  162529.  162553.  162557.  162563.  162577.  162593.  162601.  162611.
  162623.  162629.  162641.  162649.]