[ 165083.  165089.  165103.  165133.  165161.  165173.  165181.  165203.
  165211.  165229.  165233.  165247.  165287.  165293.  165311.  165313.
  165317.  165331.  165343.  165349.  165367.  165379.  165383.  165391.
  165397.  165437.  165443.  165449.  165457.  165463.  165469.  165479.
  165511.  165523.  165527.  165533.  165541.  165551.  165553.  165559.
  165569.  165587.  165589.  165601.  165611.  165617.  165653.  165667.
  165673.  165701.  165703.  165707.  165709.  165713.  165719.  165721.
  165749.  165779.  165799.  165811.  165817.  165829.  165833.  165857.
  165877.  165883.  165887.  165901.  165931.  165941.  165947.  165961.
  165983.  166013.  166021.  166027.  166031.  166043.  166063.  166081.
  166099.  166147.  166151.  166157.  166169.  166183.  166189.  166207.
  166219.  166237.  166247.  166259.  166273.  166289.  166297.  166301.
  166303.  166319.  166349.  166351.]