[ 170047.  170057.  170063.  170081.  170099.  170101.  170111.  170123.
  170141.  170167.  170179.  170189.  170197.  170207.  170213.  170227.
  170231.  170239.  170243.  170249.  170263.  170267.  170279.  170293.
  170299.  170327.  170341.  170347.  170351.  170353.  170363.  170369.
  170371.  170383.  170389.  170393.  170413.  170441.  170447.  170473.
  170483.  170497.  170503.  170509.  170537.  170539.  170551.  170557.
  170579.  170603.  170609.  170627.  170633.  170641.  170647.  170669.
  170689.  170701.  170707.  170711.  170741.  170749.  170759.  170761.
  170767.  170773.  170777.  170801.  170809.  170813.  170827.  170837.
  170843.  170851.  170857.  170873.  170881.  170887.  170899.  170921.
  170927.  170953.  170957.  170971.  171007.  171023.  171029.  171043.
  171047.  171049.  171053.  171077.  171079.  171091.  171103.  171131.
  171161.  171163.  171167.  171169.]