[ 178489.  178501.  178513.  178531.  178537.  178559.  178561.  178567.
  178571.  178597.  178601.  178603.  178609.  178613.  178621.  178627.
  178639.  178643.  178681.  178691.  178693.  178697.  178753.  178757.
  178781.  178793.  178799.  178807.  178813.  178817.  178819.  178831.
  178853.  178859.  178873.  178877.  178889.  178897.  178903.  178907.
  178909.  178921.  178931.  178933.  178939.  178951.  178973.  178987.
  179021.  179029.  179033.  179041.  179051.  179057.  179083.  179089.
  179099.  179107.  179111.  179119.  179143.  179161.  179167.  179173.
  179203.  179209.  179213.  179233.  179243.  179261.  179269.  179281.
  179287.  179317.  179321.  179327.  179351.  179357.  179369.  179381.
  179383.  179393.  179407.  179411.  179429.  179437.  179441.  179453.
  179461.  179471.  179479.  179483.  179497.  179519.  179527.  179533.
  179549.  179563.  179573.  179579.]