[ 182089.  182099.  182101.  182107.  182111.  182123.  182129.  182131.
  182141.  182159.  182167.  182177.  182179.  182201.  182209.  182233.
  182239.  182243.  182261.  182279.  182297.  182309.  182333.  182339.
  182341.  182353.  182387.  182389.  182417.  182423.  182431.  182443.
  182453.  182467.  182471.  182473.  182489.  182503.  182509.  182519.
  182537.  182549.  182561.  182579.  182587.  182593.  182599.  182603.
  182617.  182627.  182639.  182641.  182653.  182657.  182659.  182681.
  182687.  182701.  182711.  182713.  182747.  182773.  182779.  182789.
  182803.  182813.  182821.  182839.  182851.  182857.  182867.  182887.
  182893.  182899.  182921.  182927.  182929.  182933.  182953.  182957.
  182969.  182981.  182999.  183023.  183037.  183041.  183047.  183059.
  183067.  183089.  183091.  183119.  183151.  183167.  183191.  183203.
  183247.  183259.  183263.  183283.]