[ 18329.  18341.  18353.  18367.  18371.  18379.  18397.  18401.  18413.
  18427.  18433.  18439.  18443.  18451.  18457.  18461.  18481.  18493.
  18503.  18517.  18521.  18523.  18539.  18541.  18553.  18583.  18587.
  18593.  18617.  18637.  18661.  18671.  18679.  18691.  18701.  18713.
  18719.  18731.  18743.  18749.  18757.  18773.  18787.  18793.  18797.
  18803.  18839.  18859.  18869.  18899.  18911.  18913.  18917.  18919.
  18947.  18959.  18973.  18979.  19001.  19009.  19013.  19031.  19037.
  19051.  19069.  19073.  19079.  19081.  19087.  19121.  19139.  19141.
  19157.  19163.  19181.  19183.  19207.  19211.  19213.  19219.  19231.
  19237.  19249.  19259.  19267.  19273.  19289.  19301.  19309.  19319.
  19333.  19373.  19379.  19381.  19387.  19391.  19403.  19417.  19421.
  19423.]