[ 185651.  185677.  185681.  185683.  185693.  185699.  185707.  185711.
  185723.  185737.  185747.  185749.  185753.  185767.  185789.  185797.
  185813.  185819.  185821.  185831.  185833.  185849.  185869.  185873.
  185893.  185897.  185903.  185917.  185923.  185947.  185951.  185957.
  185959.  185971.  185987.  185993.  186007.  186013.  186019.  186023.
  186037.  186041.  186049.  186071.  186097.  186103.  186107.  186113.
  186119.  186149.  186157.  186161.  186163.  186187.  186191.  186211.
  186227.  186229.  186239.  186247.  186253.  186259.  186271.  186283.
  186299.  186301.  186311.  186317.  186343.  186377.  186379.  186391.
  186397.  186419.  186437.  186451.  186469.  186479.  186481.  186551.
  186569.  186581.  186583.  186587.  186601.  186619.  186629.  186647.
  186649.  186653.  186671.  186679.  186689.  186701.  186707.  186709.
  186727.  186733.  186743.  186757.]