[ 186761.  186763.  186773.  186793.  186799.  186841.  186859.  186869.
  186871.  186877.  186883.  186889.  186917.  186947.  186959.  187003.
  187009.  187027.  187043.  187049.  187067.  187069.  187073.  187081.
  187091.  187111.  187123.  187127.  187129.  187133.  187139.  187141.
  187163.  187171.  187177.  187181.  187189.  187193.  187211.  187217.
  187219.  187223.  187237.  187273.  187277.  187303.  187337.  187339.
  187349.  187361.  187367.  187373.  187379.  187387.  187393.  187409.
  187417.  187423.  187433.  187441.  187463.  187469.  187471.  187477.
  187507.  187513.  187531.  187547.  187559.  187573.  187597.  187631.
  187633.  187637.  187639.  187651.  187661.  187669.  187687.  187699.
  187711.  187721.  187751.  187763.  187787.  187793.  187823.  187843.
  187861.  187871.  187877.  187883.  187897.  187907.  187909.  187921.
  187927.  187931.  187951.  187963.]