[ 187973.  187987.  188011.  188017.  188021.  188029.  188107.  188137.
  188143.  188147.  188159.  188171.  188179.  188189.  188197.  188249.
  188261.  188273.  188281.  188291.  188299.  188303.  188311.  188317.
  188323.  188333.  188351.  188359.  188369.  188389.  188401.  188407.
  188417.  188431.  188437.  188443.  188459.  188473.  188483.  188491.
  188519.  188527.  188533.  188563.  188579.  188603.  188609.  188621.
  188633.  188653.  188677.  188681.  188687.  188693.  188701.  188707.
  188711.  188719.  188729.  188753.  188767.  188779.  188791.  188801.
  188827.  188831.  188833.  188843.  188857.  188861.  188863.  188869.
  188891.  188911.  188927.  188933.  188939.  188941.  188953.  188957.
  188983.  188999.  189011.  189017.  189019.  189041.  189043.  189061.
  189067.  189127.  189139.  189149.  189151.  189169.  189187.  189199.
  189223.  189229.  189239.  189251.]