[ 194017.  194027.  194057.  194069.  194071.  194083.  194087.  194093.
  194101.  194113.  194119.  194141.  194149.  194167.  194179.  194197.
  194203.  194239.  194263.  194267.  194269.  194309.  194323.  194353.
  194371.  194377.  194413.  194431.  194443.  194471.  194479.  194483.
  194507.  194521.  194527.  194543.  194569.  194581.  194591.  194609.
  194647.  194653.  194659.  194671.  194681.  194683.  194687.  194707.
  194713.  194717.  194723.  194729.  194749.  194767.  194771.  194809.
  194813.  194819.  194827.  194839.  194861.  194863.  194867.  194869.
  194891.  194899.  194911.  194917.  194933.  194963.  194977.  194981.
  194989.  195023.  195029.  195043.  195047.  195049.  195053.  195071.
  195077.  195089.  195103.  195121.  195127.  195131.  195137.  195157.
  195161.  195163.  195193.  195197.  195203.  195229.  195241.  195253.
  195259.  195271.  195277.  195281.]