[ 19427.  19429.  19433.  19441.  19447.  19457.  19463.  19469.  19471.
  19477.  19483.  19489.  19501.  19507.  19531.  19541.  19543.  19553.
  19559.  19571.  19577.  19583.  19597.  19603.  19609.  19661.  19681.
  19687.  19697.  19699.  19709.  19717.  19727.  19739.  19751.  19753.
  19759.  19763.  19777.  19793.  19801.  19813.  19819.  19841.  19843.
  19853.  19861.  19867.  19889.  19891.  19913.  19919.  19927.  19937.
  19949.  19961.  19963.  19973.  19979.  19991.  19993.  19997.  20011.
  20021.  20023.  20029.  20047.  20051.  20063.  20071.  20089.  20101.
  20107.  20113.  20117.  20123.  20129.  20143.  20147.  20149.  20161.
  20173.  20177.  20183.  20201.  20219.  20231.  20233.  20249.  20261.
  20269.  20287.  20297.  20323.  20327.  20333.  20341.  20347.  20353.
  20357.]