[ 195311.  195319.  195329.  195341.  195343.  195353.  195359.  195389.
  195401.  195407.  195413.  195427.  195443.  195457.  195469.  195479.
  195493.  195497.  195511.  195527.  195539.  195541.  195581.  195593.
  195599.  195659.  195677.  195691.  195697.  195709.  195731.  195733.
  195737.  195739.  195743.  195751.  195761.  195781.  195787.  195791.
  195809.  195817.  195863.  195869.  195883.  195887.  195893.  195907.
  195913.  195919.  195929.  195931.  195967.  195971.  195973.  195977.
  195991.  195997.  196003.  196033.  196039.  196043.  196051.  196073.
  196081.  196087.  196111.  196117.  196139.  196159.  196169.  196171.
  196177.  196181.  196187.  196193.  196201.  196247.  196271.  196277.
  196279.  196291.  196303.  196307.  196331.  196337.  196379.  196387.
  196429.  196439.  196453.  196459.  196477.  196499.  196501.  196519.
  196523.  196541.  196543.  196549.]