[ 196561.  196579.  196583.  196597.  196613.  196643.  196657.  196661.
  196663.  196681.  196687.  196699.  196709.  196717.  196727.  196739.
  196751.  196769.  196771.  196799.  196817.  196831.  196837.  196853.
  196871.  196873.  196879.  196901.  196907.  196919.  196927.  196961.
  196991.  196993.  197003.  197009.  197023.  197033.  197059.  197063.
  197077.  197083.  197089.  197101.  197117.  197123.  197137.  197147.
  197159.  197161.  197203.  197207.  197221.  197233.  197243.  197257.
  197261.  197269.  197273.  197279.  197293.  197297.  197299.  197311.
  197339.  197341.  197347.  197359.  197369.  197371.  197381.  197383.
  197389.  197419.  197423.  197441.  197453.  197479.  197507.  197521.
  197539.  197551.  197567.  197569.  197573.  197597.  197599.  197609.
  197621.  197641.  197647.  197651.  197677.  197683.  197689.  197699.
  197711.  197713.  197741.  197753.]