[ 200191.  200201.  200227.  200231.  200237.  200257.  200273.  200293.
  200297.  200323.  200329.  200341.  200351.  200357.  200363.  200371.
  200381.  200383.  200401.  200407.  200437.  200443.  200461.  200467.
  200483.  200513.  200569.  200573.  200579.  200587.  200591.  200597.
  200609.  200639.  200657.  200671.  200689.  200699.  200713.  200723.
  200731.  200771.  200779.  200789.  200797.  200807.  200843.  200861.
  200867.  200869.  200881.  200891.  200899.  200903.  200909.  200927.
  200929.  200971.  200983.  200987.  200989.  201007.  201011.  201031.
  201037.  201049.  201073.  201101.  201107.  201119.  201121.  201139.
  201151.  201163.  201167.  201193.  201203.  201209.  201211.  201233.
  201247.  201251.  201281.  201287.  201307.  201329.  201337.  201359.
  201389.  201401.  201403.  201413.  201437.  201449.  201451.  201473.
  201491.  201493.  201497.  201499.]