[ 201511.  201517.  201547.  201557.  201577.  201581.  201589.  201599.
  201611.  201623.  201629.  201653.  201661.  201667.  201673.  201683.
  201701.  201709.  201731.  201743.  201757.  201767.  201769.  201781.
  201787.  201791.  201797.  201809.  201821.  201823.  201827.  201829.
  201833.  201847.  201881.  201889.  201893.  201907.  201911.  201919.
  201923.  201937.  201947.  201953.  201961.  201973.  201979.  201997.
  202001.  202021.  202031.  202049.  202061.  202063.  202067.  202087.
  202099.  202109.  202121.  202127.  202129.  202183.  202187.  202201.
  202219.  202231.  202243.  202277.  202289.  202291.  202309.  202327.
  202339.  202343.  202357.  202361.  202381.  202387.  202393.  202403.
  202409.  202441.  202471.  202481.  202493.  202519.  202529.  202549.
  202567.  202577.  202591.  202613.  202621.  202627.  202637.  202639.
  202661.  202667.  202679.  202693.]