[ 203971.  203977.  203989.  203999.  204007.  204013.  204019.  204023.
  204047.  204059.  204067.  204101.  204107.  204133.  204137.  204143.
  204151.  204161.  204163.  204173.  204233.  204251.  204299.  204301.
  204311.  204319.  204329.  204331.  204353.  204359.  204361.  204367.
  204371.  204377.  204397.  204427.  204431.  204437.  204439.  204443.
  204461.  204481.  204487.  204509.  204511.  204517.  204521.  204557.
  204563.  204583.  204587.  204599.  204601.  204613.  204623.  204641.
  204667.  204679.  204707.  204719.  204733.  204749.  204751.  204781.
  204791.  204793.  204797.  204803.  204821.  204857.  204859.  204871.
  204887.  204913.  204917.  204923.  204931.  204947.  204973.  204979.
  204983.  205019.  205031.  205033.  205043.  205063.  205069.  205081.
  205097.  205103.  205111.  205129.  205133.  205141.  205151.  205157.
  205171.  205187.  205201.  205211.]