[ 206383.  206399.  206407.  206411.  206413.  206419.  206447.  206461.
  206467.  206477.  206483.  206489.  206501.  206519.  206527.  206543.
  206551.  206593.  206597.  206603.  206623.  206627.  206639.  206641.
  206651.  206699.  206749.  206779.  206783.  206803.  206807.  206813.
  206819.  206821.  206827.  206879.  206887.  206897.  206909.  206911.
  206917.  206923.  206933.  206939.  206951.  206953.  206993.  207013.
  207017.  207029.  207037.  207041.  207061.  207073.  207079.  207113.
  207121.  207127.  207139.  207169.  207187.  207191.  207197.  207199.
  207227.  207239.  207241.  207257.  207269.  207287.  207293.  207301.
  207307.  207329.  207331.  207341.  207343.  207367.  207371.  207377.
  207401.  207409.  207433.  207443.  207457.  207463.  207469.  207479.
  207481.  207491.  207497.  207509.  207511.  207517.  207521.  207523.
  207541.  207547.  207551.  207563.]