[ 209939.  209953.  209959.  209971.  209977.  209983.  209987.  210011.
  210019.  210031.  210037.  210053.  210071.  210097.  210101.  210109.
  210113.  210127.  210131.  210139.  210143.  210157.  210169.  210173.
  210187.  210191.  210193.  210209.  210229.  210233.  210241.  210247.
  210257.  210263.  210277.  210283.  210299.  210317.  210319.  210323.
  210347.  210359.  210361.  210391.  210401.  210403.  210407.  210421.
  210437.  210461.  210467.  210481.  210487.  210491.  210499.  210523.
  210527.  210533.  210557.  210599.  210601.  210619.  210631.  210643.
  210659.  210671.  210709.  210713.  210719.  210731.  210739.  210761.
  210773.  210803.  210809.  210811.  210823.  210827.  210839.  210853.
  210857.  210869.  210901.  210907.  210911.  210913.  210923.  210929.
  210943.  210961.  210967.  211007.  211039.  211049.  211051.  211061.
  211063.  211067.  211073.  211093.]