[ 218711.  218717.  218719.  218723.  218737.  218749.  218761.  218783.
  218797.  218809.  218819.  218833.  218839.  218843.  218849.  218857.
  218873.  218887.  218923.  218941.  218947.  218963.  218969.  218971.
  218987.  218989.  218993.  219001.  219017.  219019.  219031.  219041.
  219053.  219059.  219071.  219083.  219091.  219097.  219103.  219119.
  219133.  219143.  219169.  219187.  219217.  219223.  219251.  219277.
  219281.  219293.  219301.  219311.  219313.  219353.  219361.  219371.
  219377.  219389.  219407.  219409.  219433.  219437.  219451.  219463.
  219467.  219491.  219503.  219517.  219523.  219529.  219533.  219547.
  219577.  219587.  219599.  219607.  219613.  219619.  219629.  219647.
  219649.  219677.  219679.  219683.  219689.  219707.  219721.  219727.
  219731.  219749.  219757.  219761.  219763.  219767.  219787.  219797.
  219799.  219809.  219823.  219829.]