[ 219839.  219847.  219851.  219871.  219881.  219889.  219911.  219917.
  219931.  219937.  219941.  219943.  219953.  219959.  219971.  219977.
  219979.  219983.  220009.  220013.  220019.  220021.  220057.  220063.
  220123.  220141.  220147.  220151.  220163.  220169.  220177.  220189.
  220217.  220243.  220279.  220291.  220301.  220307.  220327.  220333.
  220351.  220357.  220361.  220369.  220373.  220391.  220399.  220403.
  220411.  220421.  220447.  220469.  220471.  220511.  220513.  220529.
  220537.  220543.  220553.  220559.  220573.  220579.  220589.  220613.
  220663.  220667.  220673.  220681.  220687.  220699.  220709.  220721.
  220747.  220757.  220771.  220783.  220789.  220793.  220807.  220811.
  220841.  220859.  220861.  220873.  220877.  220879.  220889.  220897.
  220901.  220903.  220907.  220919.  220931.  220933.  220939.  220973.
  221021.  221047.  221059.  221069.]