[ 221071.  221077.  221083.  221087.  221093.  221101.  221159.  221171.
  221173.  221197.  221201.  221203.  221209.  221219.  221227.  221233.
  221239.  221251.  221261.  221281.  221303.  221311.  221317.  221327.
  221393.  221399.  221401.  221411.  221413.  221447.  221453.  221461.
  221471.  221477.  221489.  221497.  221509.  221537.  221539.  221549.
  221567.  221581.  221587.  221603.  221621.  221623.  221653.  221657.
  221659.  221671.  221677.  221707.  221713.  221717.  221719.  221723.
  221729.  221737.  221747.  221773.  221797.  221807.  221813.  221827.
  221831.  221849.  221873.  221891.  221909.  221941.  221951.  221953.
  221957.  221987.  221989.  221999.  222007.  222011.  222023.  222029.
  222041.  222043.  222059.  222067.  222073.  222107.  222109.  222113.
  222127.  222137.  222149.  222151.  222161.  222163.  222193.  222197.
  222199.  222247.  222269.  222289.]