[ 222293.  222311.  222317.  222323.  222329.  222337.  222347.  222349.
  222361.  222367.  222379.  222389.  222403.  222419.  222437.  222461.
  222493.  222499.  222511.  222527.  222533.  222553.  222557.  222587.
  222601.  222613.  222619.  222643.  222647.  222659.  222679.  222707.
  222713.  222731.  222773.  222779.  222787.  222791.  222793.  222799.
  222823.  222839.  222841.  222857.  222863.  222877.  222883.  222913.
  222919.  222931.  222941.  222947.  222953.  222967.  222977.  222979.
  222991.  223007.  223009.  223019.  223037.  223049.  223051.  223061.
  223063.  223087.  223099.  223103.  223129.  223133.  223151.  223207.
  223211.  223217.  223219.  223229.  223241.  223243.  223247.  223253.
  223259.  223273.  223277.  223283.  223291.  223303.  223313.  223319.
  223331.  223337.  223339.  223361.  223367.  223381.  223403.  223423.
  223429.  223439.  223441.  223463.]