[ 22343.  22349.  22367.  22369.  22381.  22391.  22397.  22409.  22433.
  22441.  22447.  22453.  22469.  22481.  22483.  22501.  22511.  22531.
  22541.  22543.  22549.  22567.  22571.  22573.  22613.  22619.  22621.
  22637.  22639.  22643.  22651.  22669.  22679.  22691.  22697.  22699.
  22709.  22717.  22721.  22727.  22739.  22741.  22751.  22769.  22777.
  22783.  22787.  22807.  22811.  22817.  22853.  22859.  22861.  22871.
  22877.  22901.  22907.  22921.  22937.  22943.  22961.  22963.  22973.
  22993.  23003.  23011.  23017.  23021.  23027.  23029.  23039.  23041.
  23053.  23057.  23059.  23063.  23071.  23081.  23087.  23099.  23117.
  23131.  23143.  23159.  23167.  23173.  23189.  23197.  23201.  23203.
  23209.  23227.  23251.  23269.  23279.  23291.  23293.  23297.  23311.
  23321.]