[ 227251.  227257.  227267.  227281.  227299.  227303.  227363.  227371.
  227377.  227387.  227393.  227399.  227407.  227419.  227431.  227453.
  227459.  227467.  227471.  227473.  227489.  227497.  227501.  227519.
  227531.  227533.  227537.  227561.  227567.  227569.  227581.  227593.
  227597.  227603.  227609.  227611.  227627.  227629.  227651.  227653.
  227663.  227671.  227693.  227699.  227707.  227719.  227729.  227743.
  227789.  227797.  227827.  227849.  227869.  227873.  227893.  227947.
  227951.  227977.  227989.  227993.  228013.  228023.  228049.  228061.
  228077.  228097.  228103.  228113.  228127.  228131.  228139.  228181.
  228197.  228199.  228203.  228211.  228223.  228233.  228251.  228257.
  228281.  228299.  228301.  228307.  228311.  228331.  228337.  228341.
  228353.  228359.  228383.  228409.  228419.  228421.  228427.  228443.
  228451.  228457.  228461.  228469.]