[ 228479.  228509.  228511.  228517.  228521.  228523.  228539.  228559.
  228577.  228581.  228587.  228593.  228601.  228611.  228617.  228619.
  228637.  228647.  228677.  228707.  228713.  228731.  228733.  228737.
  228751.  228757.  228773.  228793.  228797.  228799.  228829.  228841.
  228847.  228853.  228859.  228869.  228881.  228883.  228887.  228901.
  228911.  228913.  228923.  228929.  228953.  228959.  228961.  228983.
  228989.  229003.  229027.  229037.  229081.  229093.  229123.  229127.
  229133.  229139.  229153.  229157.  229171.  229181.  229189.  229199.
  229213.  229217.  229223.  229237.  229247.  229249.  229253.  229261.
  229267.  229283.  229309.  229321.  229343.  229351.  229373.  229393.
  229399.  229403.  229409.  229423.  229433.  229459.  229469.  229487.
  229499.  229507.  229519.  229529.  229547.  229549.  229553.  229561.
  229583.  229589.  229591.  229601.]