[ 230767.  230771.  230773.  230779.  230807.  230819.  230827.  230833.
  230849.  230861.  230863.  230873.  230891.  230929.  230933.  230939.
  230941.  230959.  230969.  230977.  230999.  231001.  231017.  231019.
  231031.  231041.  231053.  231067.  231079.  231107.  231109.  231131.
  231169.  231197.  231223.  231241.  231269.  231271.  231277.  231289.
  231293.  231299.  231317.  231323.  231331.  231347.  231349.  231359.
  231367.  231379.  231409.  231419.  231431.  231433.  231443.  231461.
  231463.  231479.  231481.  231493.  231503.  231529.  231533.  231547.
  231551.  231559.  231563.  231571.  231589.  231599.  231607.  231611.
  231613.  231631.  231643.  231661.  231677.  231701.  231709.  231719.
  231779.  231799.  231809.  231821.  231823.  231827.  231839.  231841.
  231859.  231871.  231877.  231893.  231901.  231919.  231923.  231943.
  231947.  231961.  231967.  232003.]