[ 237217.  237233.  237257.  237271.  237277.  237283.  237287.  237301.
  237313.  237319.  237331.  237343.  237361.  237373.  237379.  237401.
  237409.  237467.  237487.  237509.  237547.  237563.  237571.  237581.
  237607.  237619.  237631.  237673.  237683.  237689.  237691.  237701.
  237707.  237733.  237737.  237749.  237763.  237767.  237781.  237791.
  237821.  237851.  237857.  237859.  237877.  237883.  237901.  237911.
  237929.  237959.  237967.  237971.  237973.  237977.  237997.  238001.
  238009.  238019.  238031.  238037.  238039.  238079.  238081.  238093.
  238099.  238103.  238109.  238141.  238151.  238157.  238159.  238163.
  238171.  238181.  238201.  238207.  238213.  238223.  238229.  238237.
  238247.  238261.  238267.  238291.  238307.  238313.  238321.  238331.
  238339.  238361.  238363.  238369.  238373.  238397.  238417.  238423.
  238439.  238451.  238463.  238471.]