[ 238477.  238481.  238499.  238519.  238529.  238531.  238547.  238573.
  238591.  238627.  238639.  238649.  238657.  238673.  238681.  238691.
  238703.  238709.  238723.  238727.  238729.  238747.  238759.  238781.
  238789.  238801.  238829.  238837.  238841.  238853.  238859.  238877.
  238879.  238883.  238897.  238919.  238921.  238939.  238943.  238949.
  238967.  238991.  239017.  239023.  239027.  239053.  239069.  239081.
  239087.  239119.  239137.  239147.  239167.  239171.  239179.  239201.
  239231.  239233.  239237.  239243.  239251.  239263.  239273.  239287.
  239297.  239329.  239333.  239347.  239357.  239383.  239387.  239389.
  239417.  239423.  239429.  239431.  239441.  239461.  239489.  239509.
  239521.  239527.  239531.  239539.  239543.  239557.  239567.  239579.
  239587.  239597.  239611.  239623.  239633.  239641.  239671.  239689.
  239699.  239711.  239713.  239731.]