[ 239737.  239753.  239779.  239783.  239803.  239807.  239831.  239843.
  239849.  239851.  239857.  239873.  239879.  239893.  239929.  239933.
  239947.  239957.  239963.  239977.  239999.  240007.  240011.  240017.
  240041.  240043.  240047.  240049.  240059.  240073.  240089.  240101.
  240109.  240113.  240131.  240139.  240151.  240169.  240173.  240197.
  240203.  240209.  240257.  240259.  240263.  240271.  240283.  240287.
  240319.  240341.  240347.  240349.  240353.  240371.  240379.  240421.
  240433.  240437.  240473.  240479.  240491.  240503.  240509.  240517.
  240551.  240571.  240587.  240589.  240599.  240607.  240623.  240631.
  240641.  240659.  240677.  240701.  240707.  240719.  240727.  240733.
  240739.  240743.  240763.  240769.  240797.  240811.  240829.  240841.
  240853.  240859.  240869.  240881.  240883.  240893.  240899.  240913.
  240943.  240953.  240959.  240967.]