[ 249449.  249463.  249497.  249499.  249503.  249517.  249521.  249533.
  249539.  249541.  249563.  249583.  249589.  249593.  249607.  249647.
  249659.  249671.  249677.  249703.  249721.  249727.  249737.  249749.
  249763.  249779.  249797.  249811.  249827.  249833.  249853.  249857.
  249859.  249863.  249871.  249881.  249911.  249923.  249943.  249947.
  249967.  249971.  249973.  249989.  250007.  250013.  250027.  250031.
  250037.  250043.  250049.  250051.  250057.  250073.  250091.  250109.
  250123.  250147.  250153.  250169.  250199.  250253.  250259.  250267.
  250279.  250301.  250307.  250343.  250361.  250403.  250409.  250423.
  250433.  250441.  250451.  250489.  250499.  250501.  250543.  250583.
  250619.  250643.  250673.  250681.  250687.  250693.  250703.  250709.
  250721.  250727.  250739.  250741.  250751.  250753.  250777.  250787.
  250793.  250799.  250807.  250813.]