[ 251969.  251971.  251983.  252001.  252013.  252017.  252029.  252037.
  252079.  252101.  252139.  252143.  252151.  252157.  252163.  252169.
  252173.  252181.  252193.  252209.  252223.  252233.  252253.  252277.
  252283.  252289.  252293.  252313.  252319.  252323.  252341.  252359.
  252383.  252391.  252401.  252409.  252419.  252431.  252443.  252449.
  252457.  252463.  252481.  252509.  252533.  252541.  252559.  252583.
  252589.  252607.  252611.  252617.  252641.  252667.  252691.  252709.
  252713.  252727.  252731.  252737.  252761.  252767.  252779.  252817.
  252823.  252827.  252829.  252869.  252877.  252881.  252887.  252893.
  252899.  252911.  252913.  252919.  252937.  252949.  252971.  252979.
  252983.  253003.  253013.  253049.  253063.  253081.  253103.  253109.
  253133.  253153.  253157.  253159.  253229.  253243.  253247.  253273.
  253307.  253321.  253343.  253349.]