[ 25409.  25411.  25423.  25439.  25447.  25453.  25457.  25463.  25469.
  25471.  25523.  25537.  25541.  25561.  25577.  25579.  25583.  25589.
  25601.  25603.  25609.  25621.  25633.  25639.  25643.  25657.  25667.
  25673.  25679.  25693.  25703.  25717.  25733.  25741.  25747.  25759.
  25763.  25771.  25793.  25799.  25801.  25819.  25841.  25847.  25849.
  25867.  25873.  25889.  25903.  25913.  25919.  25931.  25933.  25939.
  25943.  25951.  25969.  25981.  25997.  25999.  26003.  26017.  26021.
  26029.  26041.  26053.  26083.  26099.  26107.  26111.  26113.  26119.
  26141.  26153.  26161.  26171.  26177.  26183.  26189.  26203.  26209.
  26227.  26237.  26249.  26251.  26261.  26263.  26267.  26293.  26297.
  26309.  26317.  26321.  26339.  26347.  26357.  26371.  26387.  26393.
  26399.]