[ 257069.  257077.  257093.  257099.  257107.  257123.  257141.  257161.
  257171.  257177.  257189.  257219.  257221.  257239.  257249.  257263.
  257273.  257281.  257287.  257293.  257297.  257311.  257321.  257339.
  257351.  257353.  257371.  257381.  257399.  257401.  257407.  257437.
  257443.  257447.  257459.  257473.  257489.  257497.  257501.  257503.
  257519.  257539.  257561.  257591.  257611.  257627.  257639.  257657.
  257671.  257687.  257689.  257707.  257711.  257713.  257717.  257731.
  257783.  257791.  257797.  257837.  257857.  257861.  257863.  257867.
  257869.  257879.  257893.  257903.  257921.  257947.  257953.  257981.
  257987.  257989.  257993.  258019.  258023.  258031.  258061.  258067.
  258101.  258107.  258109.  258113.  258119.  258127.  258131.  258143.
  258157.  258161.  258173.  258197.  258211.  258233.  258241.  258253.
  258277.  258283.  258299.  258317.]