[ 258319.  258329.  258331.  258337.  258353.  258373.  258389.  258403.
  258407.  258413.  258421.  258437.  258443.  258449.  258469.  258487.
  258491.  258499.  258521.  258527.  258539.  258551.  258563.  258569.
  258581.  258607.  258611.  258613.  258617.  258623.  258631.  258637.
  258659.  258673.  258677.  258691.  258697.  258703.  258707.  258721.
  258733.  258737.  258743.  258763.  258779.  258787.  258803.  258809.
  258827.  258847.  258871.  258887.  258917.  258919.  258949.  258959.
  258967.  258971.  258977.  258983.  258991.  259001.  259009.  259019.
  259033.  259099.  259121.  259123.  259151.  259157.  259159.  259163.
  259169.  259177.  259183.  259201.  259211.  259213.  259219.  259229.
  259271.  259277.  259309.  259321.  259339.  259379.  259381.  259387.
  259397.  259411.  259421.  259429.  259451.  259453.  259459.  259499.
  259507.  259517.  259531.  259537.]