[ 26407.  26417.  26423.  26431.  26437.  26449.  26459.  26479.  26489.
  26497.  26501.  26513.  26539.  26557.  26561.  26573.  26591.  26597.
  26627.  26633.  26641.  26647.  26669.  26681.  26683.  26687.  26693.
  26699.  26701.  26711.  26713.  26717.  26723.  26729.  26731.  26737.
  26759.  26777.  26783.  26801.  26813.  26821.  26833.  26839.  26849.
  26861.  26863.  26879.  26881.  26891.  26893.  26903.  26921.  26927.
  26947.  26951.  26953.  26959.  26981.  26987.  26993.  27011.  27017.
  27031.  27043.  27059.  27061.  27067.  27073.  27077.  27091.  27103.
  27107.  27109.  27127.  27143.  27179.  27191.  27197.  27211.  27239.
  27241.  27253.  27259.  27271.  27277.  27281.  27283.  27299.  27329.
  27337.  27361.  27367.  27397.  27407.  27409.  27427.  27431.  27437.
  27449.]