[ 268189.  268199.  268207.  268211.  268237.  268253.  268267.  268271.
  268283.  268291.  268297.  268343.  268403.  268439.  268459.  268487.
  268493.  268501.  268507.  268517.  268519.  268529.  268531.  268537.
  268547.  268573.  268607.  268613.  268637.  268643.  268661.  268693.
  268721.  268729.  268733.  268747.  268757.  268759.  268771.  268777.
  268781.  268783.  268789.  268811.  268813.  268817.  268819.  268823.
  268841.  268843.  268861.  268883.  268897.  268909.  268913.  268921.
  268927.  268937.  268969.  268973.  268979.  268993.  268997.  268999.
  269023.  269029.  269039.  269041.  269057.  269063.  269069.  269089.
  269117.  269131.  269141.  269167.  269177.  269179.  269183.  269189.
  269201.  269209.  269219.  269221.  269231.  269237.  269251.  269257.
  269281.  269317.  269327.  269333.  269341.  269351.  269377.  269383.
  269387.  269389.  269393.  269413.]