[ 269419.  269429.  269431.  269441.  269461.  269473.  269513.  269519.
  269527.  269539.  269543.  269561.  269573.  269579.  269597.  269617.
  269623.  269641.  269651.  269663.  269683.  269701.  269713.  269719.
  269723.  269741.  269749.  269761.  269779.  269783.  269791.  269851.
  269879.  269887.  269891.  269897.  269923.  269939.  269947.  269953.
  269981.  269987.  270001.  270029.  270031.  270037.  270059.  270071.
  270073.  270097.  270121.  270131.  270133.  270143.  270157.  270163.
  270167.  270191.  270209.  270217.  270223.  270229.  270239.  270241.
  270269.  270271.  270287.  270299.  270307.  270311.  270323.  270329.
  270337.  270343.  270371.  270379.  270407.  270421.  270437.  270443.
  270451.  270461.  270463.  270493.  270509.  270527.  270539.  270547.
  270551.  270553.  270563.  270577.  270583.  270587.  270593.  270601.
  270619.  270631.  270653.  270659.]