[ 270667.  270679.  270689.  270701.  270709.  270719.  270737.  270749.
  270761.  270763.  270791.  270797.  270799.  270821.  270833.  270841.
  270859.  270899.  270913.  270923.  270931.  270937.  270953.  270961.
  270967.  270973.  271003.  271013.  271021.  271027.  271043.  271057.
  271067.  271079.  271097.  271109.  271127.  271129.  271163.  271169.
  271177.  271181.  271211.  271217.  271231.  271241.  271253.  271261.
  271273.  271277.  271279.  271289.  271333.  271351.  271357.  271363.
  271367.  271393.  271409.  271429.  271451.  271463.  271471.  271483.
  271489.  271499.  271501.  271517.  271549.  271553.  271571.  271573.
  271597.  271603.  271619.  271637.  271639.  271651.  271657.  271693.
  271703.  271723.  271729.  271753.  271769.  271771.  271787.  271807.
  271811.  271829.  271841.  271849.  271853.  271861.  271867.  271879.
  271897.  271903.  271919.  271927.]