[ 27457.  27479.  27481.  27487.  27509.  27527.  27529.  27539.  27541.
  27551.  27581.  27583.  27611.  27617.  27631.  27647.  27653.  27673.
  27689.  27691.  27697.  27701.  27733.  27737.  27739.  27743.  27749.
  27751.  27763.  27767.  27773.  27779.  27791.  27793.  27799.  27803.
  27809.  27817.  27823.  27827.  27847.  27851.  27883.  27893.  27901.
  27917.  27919.  27941.  27943.  27947.  27953.  27961.  27967.  27983.
  27997.  28001.  28019.  28027.  28031.  28051.  28057.  28069.  28081.
  28087.  28097.  28099.  28109.  28111.  28123.  28151.  28163.  28181.
  28183.  28201.  28211.  28219.  28229.  28277.  28279.  28283.  28289.
  28297.  28307.  28309.  28319.  28349.  28351.  28387.  28393.  28403.
  28409.  28411.  28429.  28433.  28439.  28447.  28463.  28477.  28493.
  28499.]