[ 275741.  275767.  275773.  275783.  275813.  275827.  275837.  275881.
  275897.  275911.  275917.  275921.  275923.  275929.  275939.  275941.
  275963.  275969.  275981.  275987.  275999.  276007.  276011.  276019.
  276037.  276041.  276043.  276047.  276049.  276079.  276083.  276091.
  276113.  276137.  276151.  276173.  276181.  276187.  276191.  276209.
  276229.  276239.  276247.  276251.  276257.  276277.  276293.  276319.
  276323.  276337.  276343.  276347.  276359.  276371.  276373.  276389.
  276401.  276439.  276443.  276449.  276461.  276467.  276487.  276499.
  276503.  276517.  276527.  276553.  276557.  276581.  276587.  276589.
  276593.  276599.  276623.  276629.  276637.  276671.  276673.  276707.
  276721.  276739.  276763.  276767.  276779.  276781.  276817.  276821.
  276823.  276827.  276833.  276839.  276847.  276869.  276883.  276901.
  276907.  276917.  276919.  276929.]