[ 276949.  276953.  276961.  276977.  277003.  277007.  277021.  277051.
  277063.  277073.  277087.  277097.  277099.  277157.  277163.  277169.
  277177.  277183.  277213.  277217.  277223.  277231.  277247.  277259.
  277261.  277273.  277279.  277297.  277301.  277309.  277331.  277363.
  277373.  277411.  277421.  277427.  277429.  277483.  277493.  277499.
  277513.  277531.  277547.  277549.  277567.  277577.  277579.  277597.
  277601.  277603.  277637.  277639.  277643.  277657.  277663.  277687.
  277691.  277703.  277741.  277747.  277751.  277757.  277787.  277789.
  277793.  277813.  277829.  277847.  277859.  277883.  277889.  277891.
  277897.  277903.  277919.  277961.  277993.  277999.  278017.  278029.
  278041.  278051.  278063.  278071.  278087.  278111.  278119.  278123.
  278143.  278147.  278149.  278177.  278191.  278207.  278209.  278219.
  278227.  278233.  278237.  278261.]