[ 284539.  284551.  284561.  284573.  284587.  284591.  284593.  284623.
  284633.  284651.  284657.  284659.  284681.  284689.  284701.  284707.
  284723.  284729.  284731.  284737.  284741.  284743.  284747.  284749.
  284759.  284777.  284783.  284803.  284807.  284813.  284819.  284831.
  284833.  284839.  284857.  284881.  284897.  284899.  284917.  284927.
  284957.  284969.  284989.  285007.  285023.  285031.  285049.  285071.
  285079.  285091.  285101.  285113.  285119.  285121.  285139.  285151.
  285161.  285179.  285191.  285199.  285221.  285227.  285251.  285281.
  285283.  285287.  285289.  285301.  285317.  285343.  285377.  285421.
  285433.  285451.  285457.  285463.  285469.  285473.  285497.  285517.
  285521.  285533.  285539.  285553.  285557.  285559.  285569.  285599.
  285611.  285613.  285629.  285631.  285641.  285643.  285661.  285667.
  285673.  285697.  285707.  285709.]