[ 28513.  28517.  28537.  28541.  28547.  28549.  28559.  28571.  28573.
  28579.  28591.  28597.  28603.  28607.  28619.  28621.  28627.  28631.
  28643.  28649.  28657.  28661.  28663.  28669.  28687.  28697.  28703.
  28711.  28723.  28729.  28751.  28753.  28759.  28771.  28789.  28793.
  28807.  28813.  28817.  28837.  28843.  28859.  28867.  28871.  28879.
  28901.  28909.  28921.  28927.  28933.  28949.  28961.  28979.  29009.
  29017.  29021.  29023.  29027.  29033.  29059.  29063.  29077.  29101.
  29123.  29129.  29131.  29137.  29147.  29153.  29167.  29173.  29179.
  29191.  29201.  29207.  29209.  29221.  29231.  29243.  29251.  29269.
  29287.  29297.  29303.  29311.  29327.  29333.  29339.  29347.  29363.
  29383.  29387.  29389.  29399.  29401.  29411.  29423.  29429.  29437.
  29443.]