[ 288527.  288529.  288539.  288551.  288559.  288571.  288577.  288583.
  288647.  288649.  288653.  288661.  288679.  288683.  288689.  288697.
  288731.  288733.  288751.  288767.  288773.  288803.  288817.  288823.
  288833.  288839.  288851.  288853.  288877.  288907.  288913.  288929.
  288931.  288947.  288973.  288979.  288989.  288991.  288997.  289001.
  289019.  289021.  289031.  289033.  289039.  289049.  289063.  289067.
  289099.  289103.  289109.  289111.  289127.  289129.  289139.  289141.
  289151.  289169.  289171.  289181.  289189.  289193.  289213.  289241.
  289243.  289249.  289253.  289273.  289283.  289291.  289297.  289309.
  289319.  289343.  289349.  289361.  289369.  289381.  289397.  289417.
  289423.  289439.  289453.  289463.  289469.  289477.  289489.  289511.
  289543.  289559.  289573.  289577.  289589.  289603.  289607.  289637.
  289643.  289657.  289669.  289717.]