[ 292223.  292231.  292241.  292249.  292267.  292283.  292301.  292309.
  292319.  292343.  292351.  292363.  292367.  292381.  292393.  292427.
  292441.  292459.  292469.  292471.  292477.  292483.  292489.  292493.
  292517.  292531.  292541.  292549.  292561.  292573.  292577.  292601.
  292627.  292631.  292661.  292667.  292673.  292679.  292693.  292703.
  292709.  292711.  292717.  292727.  292753.  292759.  292777.  292793.
  292801.  292807.  292819.  292837.  292841.  292849.  292867.  292879.
  292909.  292921.  292933.  292969.  292973.  292979.  292993.  293021.
  293071.  293081.  293087.  293093.  293099.  293107.  293123.  293129.
  293147.  293149.  293173.  293177.  293179.  293201.  293207.  293213.
  293221.  293257.  293261.  293263.  293269.  293311.  293329.  293339.
  293351.  293357.  293399.  293413.  293431.  293441.  293453.  293459.
  293467.  293473.  293483.  293507.]