[ 293543.  293599.  293603.  293617.  293621.  293633.  293639.  293651.
  293659.  293677.  293681.  293701.  293717.  293723.  293729.  293749.
  293767.  293773.  293791.  293803.  293827.  293831.  293861.  293863.
  293893.  293899.  293941.  293957.  293983.  293989.  293999.  294001.
  294013.  294023.  294029.  294043.  294053.  294059.  294067.  294103.
  294127.  294131.  294149.  294157.  294167.  294169.  294179.  294181.
  294199.  294211.  294223.  294227.  294241.  294247.  294251.  294269.
  294277.  294289.  294293.  294311.  294313.  294317.  294319.  294337.
  294341.  294347.  294353.  294383.  294391.  294397.  294403.  294431.
  294439.  294461.  294467.  294479.  294499.  294509.  294523.  294529.
  294551.  294563.  294629.  294641.  294647.  294649.  294659.  294673.
  294703.  294731.  294751.  294757.  294761.  294773.  294781.  294787.
  294793.  294799.  294803.  294809.]