[ 29453.  29473.  29483.  29501.  29527.  29531.  29537.  29567.  29569.
  29573.  29581.  29587.  29599.  29611.  29629.  29633.  29641.  29663.
  29669.  29671.  29683.  29717.  29723.  29741.  29753.  29759.  29761.
  29789.  29803.  29819.  29833.  29837.  29851.  29863.  29867.  29873.
  29879.  29881.  29917.  29921.  29927.  29947.  29959.  29983.  29989.
  30011.  30013.  30029.  30047.  30059.  30071.  30089.  30091.  30097.
  30103.  30109.  30113.  30119.  30133.  30137.  30139.  30161.  30169.
  30181.  30187.  30197.  30203.  30211.  30223.  30241.  30253.  30259.
  30269.  30271.  30293.  30307.  30313.  30319.  30323.  30341.  30347.
  30367.  30389.  30391.  30403.  30427.  30431.  30449.  30467.  30469.
  30491.  30493.  30497.  30509.  30517.  30529.  30539.  30553.  30557.
  30559.]