[ 30577.  30593.  30631.  30637.  30643.  30649.  30661.  30671.  30677.
  30689.  30697.  30703.  30707.  30713.  30727.  30757.  30763.  30773.
  30781.  30803.  30809.  30817.  30829.  30839.  30841.  30851.  30853.
  30859.  30869.  30871.  30881.  30893.  30911.  30931.  30937.  30941.
  30949.  30971.  30977.  30983.  31013.  31019.  31033.  31039.  31051.
  31063.  31069.  31079.  31081.  31091.  31121.  31123.  31139.  31147.
  31151.  31153.  31159.  31177.  31181.  31183.  31189.  31193.  31219.
  31223.  31231.  31237.  31247.  31249.  31253.  31259.  31267.  31271.
  31277.  31307.  31319.  31321.  31327.  31333.  31337.  31357.  31379.
  31387.  31391.  31393.  31397.  31469.  31477.  31481.  31489.  31511.
  31513.  31517.  31531.  31541.  31543.  31547.  31567.  31573.  31583.
  31601.]