[ 310019.  310021.  310027.  310043.  310049.  310081.  310087.  310091.
  310111.  310117.  310127.  310129.  310169.  310181.  310187.  310223.
  310229.  310231.  310237.  310243.  310273.  310283.  310291.  310313.
  310333.  310357.  310361.  310363.  310379.  310397.  310423.  310433.
  310439.  310447.  310459.  310463.  310481.  310489.  310501.  310507.
  310511.  310547.  310553.  310559.  310567.  310571.  310577.  310591.
  310627.  310643.  310663.  310693.  310697.  310711.  310721.  310727.
  310729.  310733.  310741.  310747.  310771.  310781.  310789.  310801.
  310819.  310823.  310829.  310831.  310861.  310867.  310883.  310889.
  310901.  310927.  310931.  310949.  310969.  310987.  310997.  311009.
  311021.  311027.  311033.  311041.  311099.  311111.  311123.  311137.
  311153.  311173.  311177.  311183.  311189.  311197.  311203.  311237.
  311279.  311291.  311293.  311299.]