[ 322409.  322417.  322429.  322433.  322459.  322463.  322501.  322513.
  322519.  322523.  322537.  322549.  322559.  322571.  322573.  322583.
  322589.  322591.  322607.  322613.  322627.  322631.  322633.  322649.
  322669.  322709.  322727.  322747.  322757.  322769.  322771.  322781.
  322783.  322807.  322849.  322859.  322871.  322877.  322891.  322901.
  322919.  322921.  322939.  322951.  322963.  322969.  322997.  322999.
  323003.  323009.  323027.  323053.  323077.  323083.  323087.  323093.
  323101.  323123.  323131.  323137.  323149.  323201.  323207.  323233.
  323243.  323249.  323251.  323273.  323333.  323339.  323341.  323359.
  323369.  323371.  323377.  323381.  323383.  323413.  323419.  323441.
  323443.  323467.  323471.  323473.  323507.  323509.  323537.  323549.
  323567.  323579.  323581.  323591.  323597.  323599.  323623.  323641.
  323647.  323651.  323699.  323707.]