[ 323711.  323717.  323759.  323767.  323789.  323797.  323801.  323803.
  323819.  323837.  323879.  323899.  323903.  323923.  323927.  323933.
  323951.  323957.  323987.  324011.  324031.  324053.  324067.  324073.
  324089.  324097.  324101.  324113.  324119.  324131.  324143.  324151.
  324161.  324179.  324199.  324209.  324211.  324217.  324223.  324239.
  324251.  324293.  324299.  324301.  324319.  324329.  324341.  324361.
  324391.  324397.  324403.  324419.  324427.  324431.  324437.  324439.
  324449.  324451.  324469.  324473.  324491.  324497.  324503.  324517.
  324523.  324529.  324557.  324587.  324589.  324593.  324617.  324619.
  324637.  324641.  324647.  324661.  324673.  324689.  324697.  324707.
  324733.  324743.  324757.  324763.  324773.  324781.  324791.  324799.
  324809.  324811.  324839.  324847.  324869.  324871.  324889.  324893.
  324901.  324931.  324941.  324949.]