[ 327463.  327469.  327473.  327479.  327491.  327493.  327499.  327511.
  327517.  327529.  327553.  327557.  327559.  327571.  327581.  327583.
  327599.  327619.  327629.  327647.  327661.  327667.  327673.  327689.
  327707.  327721.  327737.  327739.  327757.  327779.  327797.  327799.
  327809.  327823.  327827.  327829.  327839.  327851.  327853.  327869.
  327871.  327881.  327889.  327917.  327923.  327941.  327953.  327967.
  327979.  327983.  328007.  328037.  328043.  328051.  328061.  328063.
  328067.  328093.  328103.  328109.  328121.  328127.  328129.  328171.
  328177.  328213.  328243.  328249.  328271.  328277.  328283.  328291.
  328303.  328327.  328331.  328333.  328343.  328357.  328373.  328379.
  328381.  328397.  328411.  328421.  328429.  328439.  328481.  328511.
  328513.  328519.  328543.  328579.  328589.  328591.  328619.  328621.
  328633.  328637.  328639.  328651.]