[ 328667.  328687.  328709.  328721.  328753.  328777.  328781.  328787.
  328789.  328813.  328829.  328837.  328847.  328849.  328883.  328891.
  328897.  328901.  328919.  328921.  328931.  328961.  328981.  329009.
  329027.  329053.  329059.  329081.  329083.  329089.  329101.  329111.
  329123.  329143.  329167.  329177.  329191.  329201.  329207.  329209.
  329233.  329243.  329257.  329267.  329269.  329281.  329293.  329297.
  329299.  329309.  329317.  329321.  329333.  329347.  329387.  329393.
  329401.  329419.  329431.  329471.  329473.  329489.  329503.  329519.
  329533.  329551.  329557.  329587.  329591.  329597.  329603.  329617.
  329627.  329629.  329639.  329657.  329663.  329671.  329677.  329683.
  329687.  329711.  329717.  329723.  329729.  329761.  329773.  329779.
  329789.  329801.  329803.  329863.  329867.  329873.  329891.  329899.
  329941.  329947.  329951.  329957.]