[ 335047.  335051.  335057.  335077.  335081.  335089.  335107.  335113.
  335117.  335123.  335131.  335149.  335161.  335171.  335173.  335207.
  335213.  335221.  335249.  335261.  335273.  335281.  335299.  335323.
  335341.  335347.  335381.  335383.  335411.  335417.  335429.  335449.
  335453.  335459.  335473.  335477.  335507.  335519.  335527.  335539.
  335557.  335567.  335579.  335591.  335609.  335633.  335641.  335653.
  335663.  335669.  335681.  335689.  335693.  335719.  335729.  335743.
  335747.  335771.  335807.  335809.  335813.  335821.  335833.  335843.
  335857.  335879.  335893.  335897.  335917.  335941.  335953.  335957.
  335999.  336029.  336031.  336041.  336059.  336079.  336101.  336103.
  336109.  336113.  336121.  336143.  336151.  336157.  336163.  336181.
  336199.  336211.  336221.  336223.  336227.  336239.  336247.  336251.
  336253.  336263.  336307.  336317.]