[ 33617.  33619.  33623.  33629.  33637.  33641.  33647.  33679.  33703.
  33713.  33721.  33739.  33749.  33751.  33757.  33767.  33769.  33773.
  33791.  33797.  33809.  33811.  33827.  33829.  33851.  33857.  33863.
  33871.  33889.  33893.  33911.  33923.  33931.  33937.  33941.  33961.
  33967.  33997.  34019.  34031.  34033.  34039.  34057.  34061.  34123.
  34127.  34129.  34141.  34147.  34157.  34159.  34171.  34183.  34211.
  34213.  34217.  34231.  34253.  34259.  34261.  34267.  34273.  34283.
  34297.  34301.  34303.  34313.  34319.  34327.  34337.  34351.  34361.
  34367.  34369.  34381.  34403.  34421.  34429.  34439.  34457.  34469.
  34471.  34483.  34487.  34499.  34501.  34511.  34513.  34519.  34537.
  34543.  34549.  34583.  34589.  34591.  34603.  34607.  34613.  34631.
  34649.]