[ 344017.  344021.  344039.  344053.  344083.  344111.  344117.  344153.
  344161.  344167.  344171.  344173.  344177.  344189.  344207.  344209.
  344213.  344221.  344231.  344237.  344243.  344249.  344251.  344257.
  344263.  344269.  344273.  344291.  344293.  344321.  344327.  344347.
  344353.  344363.  344371.  344417.  344423.  344429.  344453.  344479.
  344483.  344497.  344543.  344567.  344587.  344599.  344611.  344621.
  344629.  344639.  344653.  344671.  344681.  344683.  344693.  344719.
  344749.  344753.  344759.  344791.  344797.  344801.  344807.  344819.
  344821.  344843.  344857.  344863.  344873.  344887.  344893.  344909.
  344917.  344921.  344941.  344957.  344959.  344963.  344969.  344987.
  345001.  345011.  345017.  345019.  345041.  345047.  345067.  345089.
  345109.  345133.  345139.  345143.  345181.  345193.  345221.  345227.
  345229.  345259.  345263.  345271.]