[ 346501.  346529.  346543.  346547.  346553.  346559.  346561.  346589.
  346601.  346607.  346627.  346639.  346649.  346651.  346657.  346667.
  346669.  346699.  346711.  346721.  346739.  346751.  346763.  346793.
  346831.  346849.  346867.  346873.  346877.  346891.  346903.  346933.
  346939.  346943.  346961.  346963.  347003.  347033.  347041.  347051.
  347057.  347059.  347063.  347069.  347071.  347099.  347129.  347131.
  347141.  347143.  347161.  347167.  347173.  347177.  347183.  347197.
  347201.  347209.  347227.  347233.  347239.  347251.  347257.  347287.
  347297.  347299.  347317.  347329.  347341.  347359.  347401.  347411.
  347437.  347443.  347489.  347509.  347513.  347519.  347533.  347539.
  347561.  347563.  347579.  347587.  347591.  347609.  347621.  347629.
  347651.  347671.  347707.  347717.  347729.  347731.  347747.  347759.
  347771.  347773.  347779.  347801.]