[ 352831.  352837.  352841.  352853.  352867.  352883.  352907.  352909.
  352931.  352939.  352949.  352951.  352973.  352991.  353011.  353021.
  353047.  353053.  353057.  353069.  353081.  353099.  353117.  353123.
  353137.  353147.  353149.  353161.  353173.  353179.  353201.  353203.
  353237.  353263.  353293.  353317.  353321.  353329.  353333.  353341.
  353359.  353389.  353401.  353411.  353429.  353443.  353453.  353459.
  353471.  353473.  353489.  353501.  353527.  353531.  353557.  353567.
  353603.  353611.  353621.  353627.  353629.  353641.  353653.  353657.
  353677.  353681.  353687.  353699.  353711.  353737.  353747.  353767.
  353777.  353783.  353797.  353807.  353813.  353819.  353833.  353867.
  353869.  353879.  353891.  353897.  353911.  353917.  353921.  353929.
  353939.  353963.  354001.  354007.  354017.  354023.  354031.  354037.
  354041.  354043.  354047.  354073.]