[ 355321.  355331.  355339.  355343.  355361.  355363.  355379.  355417.
  355427.  355441.  355457.  355463.  355483.  355499.  355501.  355507.
  355513.  355517.  355519.  355529.  355541.  355549.  355559.  355571.
  355573.  355591.  355609.  355633.  355643.  355651.  355669.  355679.
  355697.  355717.  355721.  355723.  355753.  355763.  355777.  355783.
  355799.  355811.  355819.  355841.  355847.  355853.  355867.  355891.
  355909.  355913.  355933.  355937.  355939.  355951.  355967.  355969.
  356023.  356039.  356077.  356093.  356101.  356113.  356123.  356129.
  356137.  356141.  356143.  356171.  356173.  356197.  356219.  356243.
  356261.  356263.  356287.  356299.  356311.  356327.  356333.  356351.
  356387.  356399.  356441.  356443.  356449.  356453.  356467.  356479.
  356501.  356509.  356533.  356549.  356561.  356563.  356567.  356579.
  356591.  356621.  356647.  356663.]