[ 356693.  356701.  356731.  356737.  356749.  356761.  356803.  356819.
  356821.  356831.  356869.  356887.  356893.  356927.  356929.  356933.
  356947.  356959.  356969.  356977.  356981.  356989.  356999.  357031.
  357047.  357073.  357079.  357083.  357103.  357107.  357109.  357131.
  357139.  357169.  357179.  357197.  357199.  357211.  357229.  357239.
  357241.  357263.  357271.  357281.  357283.  357293.  357319.  357347.
  357349.  357353.  357359.  357377.  357389.  357421.  357431.  357437.
  357473.  357503.  357509.  357517.  357551.  357559.  357563.  357569.
  357571.  357583.  357587.  357593.  357611.  357613.  357619.  357649.
  357653.  357659.  357661.  357667.  357671.  357677.  357683.  357689.
  357703.  357727.  357733.  357737.  357739.  357767.  357779.  357781.
  357787.  357793.  357809.  357817.  357823.  357829.  357839.  357859.
  357883.  357913.  357967.  357977.]