[ 35771.  35797.  35801.  35803.  35809.  35831.  35837.  35839.  35851.
  35863.  35869.  35879.  35897.  35899.  35911.  35923.  35933.  35951.
  35963.  35969.  35977.  35983.  35993.  35999.  36007.  36011.  36013.
  36017.  36037.  36061.  36067.  36073.  36083.  36097.  36107.  36109.
  36131.  36137.  36151.  36161.  36187.  36191.  36209.  36217.  36229.
  36241.  36251.  36263.  36269.  36277.  36293.  36299.  36307.  36313.
  36319.  36341.  36343.  36353.  36373.  36383.  36389.  36433.  36451.
  36457.  36467.  36469.  36473.  36479.  36493.  36497.  36523.  36527.
  36529.  36541.  36551.  36559.  36563.  36571.  36583.  36587.  36599.
  36607.  36629.  36637.  36643.  36653.  36671.  36677.  36683.  36691.
  36697.  36709.  36713.  36721.  36739.  36749.  36761.  36767.  36779.
  36781.]