[ 357983.  357989.  357997.  358031.  358051.  358069.  358073.  358079.
  358103.  358109.  358153.  358157.  358159.  358181.  358201.  358213.
  358219.  358223.  358229.  358243.  358273.  358277.  358279.  358289.
  358291.  358297.  358301.  358313.  358327.  358331.  358349.  358373.
  358417.  358427.  358429.  358441.  358447.  358459.  358471.  358483.
  358487.  358499.  358531.  358541.  358571.  358573.  358591.  358597.
  358601.  358607.  358613.  358637.  358667.  358669.  358681.  358691.
  358697.  358703.  358711.  358723.  358727.  358733.  358747.  358753.
  358769.  358783.  358793.  358811.  358829.  358847.  358859.  358861.
  358867.  358877.  358879.  358901.  358903.  358907.  358909.  358931.
  358951.  358973.  358979.  358987.  358993.  358999.  359003.  359017.
  359027.  359041.  359063.  359069.  359101.  359111.  359129.  359137.
  359143.  359147.  359153.  359167.]