[ 365699.  365747.  365749.  365759.  365773.  365779.  365791.  365797.
  365809.  365837.  365839.  365851.  365903.  365929.  365933.  365941.
  365969.  365983.  366001.  366013.  366019.  366029.  366031.  366053.
  366077.  366097.  366103.  366127.  366133.  366139.  366161.  366167.
  366169.  366173.  366181.  366193.  366199.  366211.  366217.  366221.
  366227.  366239.  366259.  366269.  366277.  366287.  366293.  366307.
  366313.  366329.  366341.  366343.  366347.  366383.  366397.  366409.
  366419.  366433.  366437.  366439.  366461.  366463.  366467.  366479.
  366497.  366511.  366517.  366521.  366547.  366593.  366599.  366607.
  366631.  366677.  366683.  366697.  366701.  366703.  366713.  366721.
  366727.  366733.  366787.  366791.  366811.  366829.  366841.  366851.
  366853.  366859.  366869.  366881.  366889.  366901.  366907.  366917.
  366923.  366941.  366953.  366967.]