[ 366973.  366983.  366997.  367001.  367007.  367019.  367021.  367027.
  367033.  367049.  367069.  367097.  367121.  367123.  367127.  367139.
  367163.  367181.  367189.  367201.  367207.  367219.  367229.  367231.
  367243.  367259.  367261.  367273.  367277.  367307.  367309.  367313.
  367321.  367357.  367369.  367391.  367397.  367427.  367453.  367457.
  367469.  367501.  367519.  367531.  367541.  367547.  367559.  367561.
  367573.  367597.  367603.  367613.  367621.  367637.  367649.  367651.
  367663.  367673.  367687.  367699.  367711.  367721.  367733.  367739.
  367751.  367771.  367777.  367781.  367789.  367819.  367823.  367831.
  367841.  367849.  367853.  367867.  367879.  367883.  367889.  367909.
  367949.  367957.  368021.  368029.  368047.  368059.  368077.  368083.
  368089.  368099.  368107.  368111.  368117.  368129.  368141.  368149.
  368153.  368171.  368189.  368197.]