[ 36787.  36791.  36793.  36809.  36821.  36833.  36847.  36857.  36871.
  36877.  36887.  36899.  36901.  36913.  36919.  36923.  36929.  36931.
  36943.  36947.  36973.  36979.  36997.  37003.  37013.  37019.  37021.
  37039.  37049.  37057.  37061.  37087.  37097.  37117.  37123.  37139.
  37159.  37171.  37181.  37189.  37199.  37201.  37217.  37223.  37243.
  37253.  37273.  37277.  37307.  37309.  37313.  37321.  37337.  37339.
  37357.  37361.  37363.  37369.  37379.  37397.  37409.  37423.  37441.
  37447.  37463.  37483.  37489.  37493.  37501.  37507.  37511.  37517.
  37529.  37537.  37547.  37549.  37561.  37567.  37571.  37573.  37579.
  37589.  37591.  37607.  37619.  37633.  37643.  37649.  37657.  37663.
  37691.  37693.  37699.  37717.  37747.  37781.  37783.  37799.  37811.
  37813.]