[ 369731.  369739.  369751.  369791.  369793.  369821.  369827.  369829.
  369833.  369841.  369851.  369877.  369893.  369913.  369917.  369947.
  369959.  369961.  369979.  369983.  369991.  369997.  370003.  370009.
  370021.  370033.  370057.  370061.  370067.  370081.  370091.  370103.
  370121.  370133.  370147.  370159.  370169.  370193.  370199.  370207.
  370213.  370217.  370241.  370247.  370261.  370373.  370387.  370399.
  370411.  370421.  370423.  370427.  370439.  370441.  370451.  370463.
  370471.  370477.  370483.  370493.  370511.  370529.  370537.  370547.
  370561.  370571.  370597.  370603.  370609.  370613.  370619.  370631.
  370661.  370663.  370673.  370679.  370687.  370693.  370723.  370759.
  370793.  370801.  370813.  370837.  370871.  370873.  370879.  370883.
  370891.  370897.  370919.  370949.  371027.  371029.  371057.  371069.
  371071.  371083.  371087.  371099.]