[ 371131.  371141.  371143.  371153.  371177.  371179.  371191.  371213.
  371227.  371233.  371237.  371249.  371251.  371257.  371281.  371291.
  371299.  371303.  371311.  371321.  371333.  371339.  371341.  371353.
  371359.  371383.  371387.  371389.  371417.  371447.  371453.  371471.
  371479.  371491.  371509.  371513.  371549.  371561.  371573.  371587.
  371617.  371627.  371633.  371639.  371663.  371669.  371699.  371719.
  371737.  371779.  371797.  371831.  371837.  371843.  371851.  371857.
  371869.  371873.  371897.  371927.  371929.  371939.  371941.  371951.
  371957.  371971.  371981.  371999.  372013.  372023.  372037.  372049.
  372059.  372061.  372067.  372107.  372121.  372131.  372137.  372149.
  372167.  372173.  372179.  372223.  372241.  372263.  372269.  372271.
  372277.  372289.  372293.  372299.  372311.  372313.  372353.  372367.
  372371.  372377.  372397.  372401.]