[ 372409.  372413.  372443.  372451.  372461.  372473.  372481.  372497.
  372511.  372523.  372539.  372607.  372611.  372613.  372629.  372637.
  372653.  372661.  372667.  372677.  372689.  372707.  372709.  372719.
  372733.  372739.  372751.  372763.  372769.  372773.  372797.  372803.
  372809.  372817.  372829.  372833.  372839.  372847.  372859.  372871.
  372877.  372881.  372901.  372917.  372941.  372943.  372971.  372973.
  372979.  373003.  373007.  373019.  373049.  373063.  373073.  373091.
  373127.  373151.  373157.  373171.  373181.  373183.  373187.  373193.
  373199.  373207.  373211.  373213.  373229.  373231.  373273.  373291.
  373297.  373301.  373327.  373339.  373343.  373349.  373357.  373361.
  373363.  373379.  373393.  373447.  373453.  373459.  373463.  373487.
  373489.  373501.  373517.  373553.  373561.  373567.  373613.  373621.
  373631.  373649.  373657.  373661.]