[ 373669.  373693.  373717.  373721.  373753.  373757.  373777.  373783.
  373823.  373837.  373859.  373861.  373903.  373909.  373937.  373943.
  373951.  373963.  373969.  373981.  373987.  373999.  374009.  374029.
  374039.  374041.  374047.  374063.  374069.  374083.  374089.  374093.
  374111.  374117.  374123.  374137.  374149.  374159.  374173.  374177.
  374189.  374203.  374219.  374239.  374287.  374291.  374293.  374299.
  374317.  374321.  374333.  374347.  374351.  374359.  374389.  374399.
  374441.  374443.  374447.  374461.  374483.  374501.  374531.  374537.
  374557.  374587.  374603.  374639.  374641.  374653.  374669.  374677.
  374681.  374683.  374687.  374701.  374713.  374719.  374729.  374741.
  374753.  374761.  374771.  374783.  374789.  374797.  374807.  374819.
  374837.  374839.  374849.  374879.  374887.  374893.  374903.  374909.
  374929.  374939.  374953.  374977.]