[ 381377.  381383.  381389.  381401.  381413.  381419.  381439.  381443.
  381461.  381467.  381481.  381487.  381509.  381523.  381527.  381529.
  381533.  381541.  381559.  381569.  381607.  381629.  381631.  381637.
  381659.  381673.  381697.  381707.  381713.  381737.  381739.  381749.
  381757.  381761.  381791.  381793.  381817.  381841.  381853.  381859.
  381911.  381917.  381937.  381943.  381949.  381977.  381989.  381991.
  382001.  382003.  382021.  382037.  382061.  382069.  382073.  382087.
  382103.  382117.  382163.  382171.  382189.  382229.  382231.  382241.
  382253.  382267.  382271.  382303.  382331.  382351.  382357.  382363.
  382373.  382391.  382427.  382429.  382457.  382463.  382493.  382507.
  382511.  382519.  382541.  382549.  382553.  382567.  382579.  382583.
  382589.  382601.  382621.  382631.  382643.  382649.  382661.  382663.
  382693.  382703.  382709.  382727.]