[ 386431.  386437.  386471.  386489.  386501.  386521.  386537.  386543.
  386549.  386569.  386587.  386609.  386611.  386621.  386629.  386641.
  386647.  386651.  386677.  386689.  386693.  386713.  386719.  386723.
  386731.  386747.  386777.  386809.  386839.  386851.  386887.  386891.
  386921.  386927.  386963.  386977.  386987.  386989.  386993.  387007.
  387017.  387031.  387047.  387071.  387077.  387083.  387089.  387109.
  387137.  387151.  387161.  387169.  387173.  387187.  387197.  387199.
  387203.  387227.  387253.  387263.  387269.  387281.  387307.  387313.
  387329.  387341.  387371.  387397.  387403.  387433.  387437.  387449.
  387463.  387493.  387503.  387509.  387529.  387551.  387577.  387587.
  387613.  387623.  387631.  387641.  387659.  387677.  387679.  387683.
  387707.  387721.  387727.  387743.  387749.  387763.  387781.  387791.
  387799.  387839.  387853.  387857.]