[ 38923.  38933.  38953.  38959.  38971.  38977.  38993.  39019.  39023.
  39041.  39043.  39047.  39079.  39089.  39097.  39103.  39107.  39113.
  39119.  39133.  39139.  39157.  39161.  39163.  39181.  39191.  39199.
  39209.  39217.  39227.  39229.  39233.  39239.  39241.  39251.  39293.
  39301.  39313.  39317.  39323.  39341.  39343.  39359.  39367.  39371.
  39373.  39383.  39397.  39409.  39419.  39439.  39443.  39451.  39461.
  39499.  39503.  39509.  39511.  39521.  39541.  39551.  39563.  39569.
  39581.  39607.  39619.  39623.  39631.  39659.  39667.  39671.  39679.
  39703.  39709.  39719.  39727.  39733.  39749.  39761.  39769.  39779.
  39791.  39799.  39821.  39827.  39829.  39839.  39841.  39847.  39857.
  39863.  39869.  39877.  39883.  39887.  39901.  39929.  39937.  39953.
  39971.]