[ 405959.  405967.  405989.  405991.  405997.  406013.  406027.  406037.
  406067.  406073.  406093.  406117.  406123.  406169.  406171.  406177.
  406183.  406207.  406247.  406253.  406267.  406271.  406309.  406313.
  406327.  406331.  406339.  406349.  406361.  406381.  406397.  406403.
  406423.  406447.  406481.  406499.  406501.  406507.  406513.  406517.
  406531.  406547.  406559.  406561.  406573.  406577.  406579.  406583.
  406591.  406631.  406633.  406649.  406661.  406673.  406697.  406699.
  406717.  406729.  406739.  406789.  406807.  406811.  406817.  406837.
  406859.  406873.  406883.  406907.  406951.  406969.  406981.  406993.
  407023.  407047.  407059.  407083.  407119.  407137.  407149.  407153.
  407177.  407179.  407191.  407203.  407207.  407219.  407221.  407233.
  407249.  407257.  407263.  407273.  407287.  407291.  407299.  407311.
  407317.  407321.  407347.  407357.]