[ 407359.  407369.  407377.  407383.  407401.  407437.  407471.  407483.
  407489.  407501.  407503.  407509.  407521.  407527.  407567.  407573.
  407579.  407587.  407599.  407621.  407633.  407639.  407651.  407657.
  407669.  407699.  407707.  407713.  407717.  407723.  407741.  407747.
  407783.  407789.  407791.  407801.  407807.  407821.  407833.  407843.
  407857.  407861.  407879.  407893.  407899.  407917.  407923.  407947.
  407959.  407969.  407971.  407977.  407993.  408011.  408019.  408041.
  408049.  408071.  408077.  408091.  408127.  408131.  408137.  408169.
  408173.  408197.  408203.  408209.  408211.  408217.  408223.  408229.
  408241.  408251.  408263.  408271.  408283.  408311.  408337.  408341.
  408347.  408361.  408379.  408389.  408403.  408413.  408427.  408431.
  408433.  408437.  408461.  408469.  408479.  408491.  408497.  408533.
  408539.  408553.  408563.  408607.]