[ 408623.  408631.  408637.  408643.  408659.  408677.  408689.  408691.
  408701.  408703.  408713.  408719.  408743.  408763.  408769.  408773.
  408787.  408803.  408809.  408817.  408841.  408857.  408869.  408911.
  408913.  408923.  408943.  408953.  408959.  408971.  408979.  408997.
  409007.  409021.  409027.  409033.  409043.  409063.  409069.  409081.
  409099.  409121.  409153.  409163.  409177.  409187.  409217.  409237.
  409259.  409261.  409267.  409271.  409289.  409291.  409327.  409333.
  409337.  409349.  409351.  409369.  409379.  409391.  409397.  409429.
  409433.  409441.  409463.  409471.  409477.  409483.  409499.  409517.
  409523.  409529.  409543.  409573.  409579.  409589.  409597.  409609.
  409639.  409657.  409691.  409693.  409709.  409711.  409723.  409729.
  409733.  409753.  409769.  409777.  409781.  409813.  409817.  409823.
  409831.  409841.  409861.  409867.]