[ 409879.  409889.  409891.  409897.  409901.  409909.  409933.  409943.
  409951.  409961.  409967.  409987.  409993.  409999.  410009.  410029.
  410063.  410087.  410093.  410117.  410119.  410141.  410143.  410149.
  410171.  410173.  410203.  410231.  410233.  410239.  410243.  410257.
  410279.  410281.  410299.  410317.  410323.  410339.  410341.  410353.
  410359.  410383.  410387.  410393.  410401.  410411.  410413.  410453.
  410461.  410477.  410489.  410491.  410497.  410507.  410513.  410519.
  410551.  410561.  410587.  410617.  410621.  410623.  410629.  410651.
  410659.  410671.  410687.  410701.  410717.  410731.  410741.  410747.
  410749.  410759.  410783.  410789.  410801.  410807.  410819.  410833.
  410857.  410899.  410903.  410929.  410953.  410983.  410999.  411001.
  411007.  411011.  411013.  411031.  411041.  411049.  411067.  411071.
  411083.  411101.  411113.  411119.]