[ 412333.  412339.  412343.  412387.  412397.  412411.  412457.  412463.
  412481.  412487.  412493.  412537.  412561.  412567.  412571.  412589.
  412591.  412603.  412609.  412619.  412627.  412637.  412639.  412651.
  412663.  412667.  412717.  412739.  412771.  412793.  412807.  412831.
  412849.  412859.  412891.  412901.  412903.  412939.  412943.  412949.
  412967.  412987.  413009.  413027.  413033.  413053.  413069.  413071.
  413081.  413087.  413089.  413093.  413111.  413113.  413129.  413141.
  413143.  413159.  413167.  413183.  413197.  413201.  413207.  413233.
  413243.  413251.  413263.  413267.  413293.  413299.  413353.  413411.
  413417.  413429.  413443.  413461.  413477.  413521.  413527.  413533.
  413537.  413551.  413557.  413579.  413587.  413597.  413629.  413653.
  413681.  413683.  413689.  413711.  413713.  413719.  413737.  413753.
  413759.  413779.  413783.  413807.]