[ 413827.  413849.  413863.  413867.  413869.  413879.  413887.  413911.
  413923.  413951.  413981.  414013.  414017.  414019.  414031.  414049.
  414053.  414061.  414077.  414083.  414097.  414101.  414107.  414109.
  414131.  414157.  414179.  414199.  414203.  414209.  414217.  414221.
  414241.  414259.  414269.  414277.  414283.  414311.  414313.  414329.
  414331.  414347.  414361.  414367.  414383.  414389.  414397.  414413.
  414431.  414433.  414451.  414457.  414461.  414467.  414487.  414503.
  414521.  414539.  414553.  414559.  414571.  414577.  414607.  414611.
  414629.  414641.  414643.  414653.  414677.  414679.  414683.  414691.
  414697.  414703.  414707.  414709.  414721.  414731.  414737.  414763.
  414767.  414769.  414773.  414779.  414793.  414803.  414809.  414833.
  414857.  414871.  414889.  414893.  414899.  414913.  414923.  414929.
  414949.  414959.  414971.  414977.]