[ 420191.  420193.  420221.  420241.  420253.  420263.  420269.  420271.
  420293.  420307.  420313.  420317.  420319.  420323.  420331.  420341.
  420349.  420353.  420361.  420367.  420383.  420397.  420419.  420421.
  420439.  420457.  420467.  420479.  420481.  420499.  420503.  420521.
  420551.  420557.  420569.  420571.  420593.  420599.  420613.  420671.
  420677.  420683.  420691.  420731.  420737.  420743.  420757.  420769.
  420779.  420781.  420799.  420803.  420809.  420811.  420851.  420853.
  420857.  420859.  420899.  420919.  420929.  420941.  420967.  420977.
  420997.  421009.  421019.  421033.  421037.  421049.  421079.  421081.
  421093.  421103.  421121.  421123.  421133.  421147.  421159.  421163.
  421177.  421181.  421189.  421207.  421241.  421273.  421279.  421303.
  421313.  421331.  421339.  421349.  421361.  421381.  421397.  421409.
  421417.  421423.  421433.  421453.]