[ 421459.  421469.  421471.  421483.  421493.  421501.  421517.  421559.
  421607.  421609.  421621.  421633.  421639.  421643.  421657.  421661.
  421691.  421697.  421699.  421703.  421709.  421711.  421717.  421727.
  421739.  421741.  421783.  421801.  421807.  421831.  421847.  421891.
  421907.  421913.  421943.  421973.  421987.  421997.  422029.  422041.
  422057.  422063.  422069.  422077.  422083.  422087.  422089.  422099.
  422101.  422111.  422113.  422129.  422137.  422141.  422183.  422203.
  422209.  422231.  422239.  422243.  422249.  422267.  422287.  422291.
  422309.  422311.  422321.  422339.  422353.  422363.  422369.  422377.
  422393.  422407.  422431.  422453.  422459.  422479.  422537.  422549.
  422551.  422557.  422563.  422567.  422573.  422581.  422621.  422627.
  422657.  422689.  422701.  422707.  422711.  422749.  422753.  422759.
  422761.  422789.  422797.  422803.]