[ 422827.  422857.  422861.  422867.  422869.  422879.  422881.  422893.
  422897.  422899.  422911.  422923.  422927.  422969.  422987.  423001.
  423013.  423019.  423043.  423053.  423061.  423067.  423083.  423091.
  423097.  423103.  423109.  423121.  423127.  423133.  423173.  423179.
  423191.  423209.  423221.  423229.  423233.  423251.  423257.  423259.
  423277.  423281.  423287.  423289.  423299.  423307.  423323.  423341.
  423347.  423389.  423403.  423413.  423427.  423431.  423439.  423457.
  423461.  423463.  423469.  423481.  423497.  423503.  423509.  423541.
  423547.  423557.  423559.  423581.  423587.  423601.  423617.  423649.
  423667.  423697.  423707.  423713.  423727.  423749.  423751.  423763.
  423769.  423779.  423781.  423791.  423803.  423823.  423847.  423853.
  423859.  423869.  423883.  423887.  423931.  423949.  423961.  423977.
  423989.  423991.  424001.  424003.]