[ 426737.  426739.  426743.  426757.  426761.  426763.  426773.  426779.
  426787.  426799.  426841.  426859.  426863.  426871.  426889.  426893.
  426913.  426917.  426919.  426931.  426941.  426971.  426973.  426997.
  427001.  427013.  427039.  427043.  427067.  427069.  427073.  427079.
  427081.  427103.  427117.  427151.  427169.  427181.  427213.  427237.
  427241.  427243.  427247.  427249.  427279.  427283.  427307.  427309.
  427327.  427333.  427351.  427369.  427379.  427381.  427403.  427417.
  427421.  427423.  427429.  427433.  427439.  427447.  427451.  427457.
  427477.  427513.  427517.  427523.  427529.  427541.  427579.  427591.
  427597.  427619.  427621.  427681.  427711.  427717.  427723.  427727.
  427733.  427751.  427781.  427787.  427789.  427813.  427849.  427859.
  427877.  427879.  427883.  427913.  427919.  427939.  427949.  427951.
  427957.  427967.  427969.  427991.]