[ 430601.  430603.  430649.  430663.  430691.  430697.  430699.  430709.
  430723.  430739.  430741.  430747.  430751.  430753.  430769.  430783.
  430789.  430799.  430811.  430819.  430823.  430841.  430847.  430861.
  430873.  430879.  430883.  430891.  430897.  430907.  430909.  430921.
  430949.  430957.  430979.  430981.  430987.  430999.  431017.  431021.
  431029.  431047.  431051.  431063.  431077.  431083.  431099.  431107.
  431141.  431147.  431153.  431173.  431191.  431203.  431213.  431219.
  431237.  431251.  431257.  431267.  431269.  431287.  431297.  431311.
  431329.  431339.  431363.  431369.  431377.  431381.  431399.  431423.
  431429.  431441.  431447.  431449.  431479.  431513.  431521.  431533.
  431567.  431581.  431597.  431603.  431611.  431617.  431621.  431657.
  431659.  431663.  431671.  431693.  431707.  431729.  431731.  431759.
  431777.  431797.  431801.  431803.]