[ 438169.  438203.  438211.  438223.  438233.  438241.  438253.  438259.
  438271.  438281.  438287.  438301.  438313.  438329.  438341.  438377.
  438391.  438401.  438409.  438419.  438439.  438443.  438467.  438479.
  438499.  438517.  438521.  438523.  438527.  438533.  438551.  438569.
  438589.  438601.  438611.  438623.  438631.  438637.  438661.  438667.
  438671.  438701.  438707.  438721.  438733.  438761.  438769.  438793.
  438827.  438829.  438833.  438847.  438853.  438869.  438877.  438887.
  438899.  438913.  438937.  438941.  438953.  438961.  438967.  438979.
  438983.  438989.  439007.  439009.  439063.  439081.  439123.  439133.
  439141.  439157.  439163.  439171.  439183.  439199.  439217.  439253.
  439273.  439279.  439289.  439303.  439339.  439349.  439357.  439367.
  439381.  439409.  439421.  439427.  439429.  439441.  439459.  439463.
  439471.  439493.  439511.  439519.]