[ 443237.  443243.  443249.  443263.  443273.  443281.  443291.  443293.
  443341.  443347.  443353.  443363.  443369.  443389.  443407.  443413.
  443419.  443423.  443431.  443437.  443453.  443467.  443489.  443501.
  443533.  443543.  443551.  443561.  443563.  443567.  443587.  443591.
  443603.  443609.  443629.  443659.  443687.  443689.  443701.  443711.
  443731.  443749.  443753.  443759.  443761.  443771.  443777.  443791.
  443837.  443851.  443867.  443869.  443873.  443879.  443881.  443893.
  443899.  443909.  443917.  443939.  443941.  443953.  443983.  443987.
  443999.  444001.  444007.  444029.  444043.  444047.  444079.  444089.
  444109.  444113.  444121.  444127.  444131.  444151.  444167.  444173.
  444179.  444181.  444187.  444209.  444253.  444271.  444281.  444287.
  444289.  444293.  444307.  444341.  444343.  444347.  444349.  444401.
  444403.  444421.  444443.  444449.]