[ 445789.  445799.  445807.  445829.  445847.  445853.  445871.  445877.
  445883.  445891.  445931.  445937.  445943.  445967.  445969.  446003.
  446009.  446041.  446053.  446081.  446087.  446111.  446123.  446129.
  446141.  446179.  446189.  446191.  446197.  446221.  446227.  446231.
  446261.  446263.  446273.  446279.  446293.  446309.  446323.  446333.
  446353.  446363.  446387.  446389.  446399.  446401.  446417.  446441.
  446447.  446461.  446473.  446477.  446503.  446533.  446549.  446561.
  446569.  446597.  446603.  446609.  446647.  446657.  446713.  446717.
  446731.  446753.  446759.  446767.  446773.  446819.  446827.  446839.
  446863.  446881.  446891.  446893.  446909.  446911.  446921.  446933.
  446951.  446969.  446983.  447001.  447011.  447019.  447053.  447067.
  447079.  447101.  447107.  447119.  447133.  447137.  447173.  447179.
  447193.  447197.  447211.  447217.]