[ 447221.  447233.  447247.  447257.  447259.  447263.  447311.  447319.
  447323.  447331.  447353.  447401.  447409.  447427.  447439.  447443.
  447449.  447451.  447463.  447467.  447481.  447509.  447521.  447527.
  447541.  447569.  447571.  447611.  447617.  447637.  447641.  447677.
  447683.  447701.  447703.  447743.  447749.  447757.  447779.  447791.
  447793.  447817.  447823.  447827.  447829.  447841.  447859.  447877.
  447883.  447893.  447901.  447907.  447943.  447961.  447983.  447991.
  448003.  448013.  448027.  448031.  448057.  448067.  448073.  448093.
  448111.  448121.  448139.  448141.  448157.  448159.  448169.  448177.
  448187.  448193.  448199.  448207.  448241.  448249.  448303.  448309.
  448313.  448321.  448351.  448363.  448367.  448373.  448379.  448387.
  448397.  448421.  448451.  448519.  448531.  448561.  448597.  448607.
  448627.  448631.  448633.  448667.]