[ 448687.  448697.  448703.  448727.  448733.  448741.  448769.  448793.
  448801.  448807.  448829.  448843.  448853.  448859.  448867.  448871.
  448873.  448879.  448883.  448907.  448927.  448939.  448969.  448993.
  448997.  448999.  449003.  449011.  449051.  449077.  449083.  449093.
  449107.  449117.  449129.  449131.  449149.  449153.  449161.  449171.
  449173.  449201.  449203.  449209.  449227.  449243.  449249.  449261.
  449263.  449269.  449287.  449299.  449303.  449311.  449321.  449333.
  449347.  449353.  449363.  449381.  449399.  449411.  449417.  449419.
  449437.  449441.  449459.  449473.  449543.  449549.  449557.  449563.
  449567.  449569.  449591.  449609.  449621.  449629.  449653.  449663.
  449671.  449677.  449681.  449689.  449693.  449699.  449741.  449759.
  449767.  449773.  449783.  449797.  449807.  449821.  449833.  449851.
  449879.  449921.  449929.  449941.]