[ 449951.  449959.  449963.  449971.  449987.  449989.  450001.  450011.
  450019.  450029.  450067.  450071.  450077.  450083.  450101.  450103.
  450113.  450127.  450137.  450161.  450169.  450193.  450199.  450209.
  450217.  450223.  450227.  450239.  450257.  450259.  450277.  450287.
  450293.  450299.  450301.  450311.  450343.  450349.  450361.  450367.
  450377.  450383.  450391.  450403.  450413.  450421.  450431.  450451.
  450473.  450479.  450481.  450487.  450493.  450503.  450529.  450533.
  450557.  450563.  450581.  450587.  450599.  450601.  450617.  450641.
  450643.  450649.  450677.  450691.  450707.  450719.  450727.  450761.
  450767.  450787.  450797.  450799.  450803.  450809.  450811.  450817.
  450829.  450839.  450841.  450847.  450859.  450881.  450883.  450887.
  450893.  450899.  450913.  450917.  450929.  450943.  450949.  450971.
  450991.  450997.  451013.  451039.]