[ 451051.  451057.  451069.  451093.  451097.  451103.  451109.  451159.
  451177.  451181.  451183.  451201.  451207.  451249.  451277.  451279.
  451301.  451303.  451309.  451313.  451331.  451337.  451343.  451361.
  451387.  451397.  451411.  451439.  451441.  451481.  451499.  451519.
  451523.  451541.  451547.  451553.  451579.  451601.  451609.  451621.
  451637.  451657.  451663.  451667.  451669.  451679.  451681.  451691.
  451699.  451709.  451723.  451747.  451753.  451771.  451783.  451793.
  451799.  451823.  451831.  451837.  451859.  451873.  451879.  451897.
  451901.  451903.  451909.  451921.  451933.  451937.  451939.  451961.
  451967.  451987.  452009.  452017.  452027.  452033.  452041.  452077.
  452083.  452087.  452131.  452159.  452161.  452171.  452191.  452201.
  452213.  452227.  452233.  452239.  452269.  452279.  452293.  452297.
  452329.  452363.  452377.  452393.]