[ 453907.  453913.  453923.  453931.  453949.  453961.  453977.  453983.
  453991.  454009.  454021.  454031.  454033.  454039.  454061.  454063.
  454079.  454109.  454141.  454151.  454159.  454183.  454199.  454211.
  454213.  454219.  454229.  454231.  454247.  454253.  454277.  454297.
  454303.  454313.  454331.  454351.  454357.  454361.  454379.  454387.
  454409.  454417.  454451.  454453.  454483.  454501.  454507.  454513.
  454541.  454543.  454547.  454577.  454579.  454603.  454609.  454627.
  454637.  454673.  454679.  454709.  454711.  454721.  454723.  454759.
  454763.  454777.  454799.  454823.  454843.  454847.  454849.  454859.
  454889.  454891.  454907.  454919.  454921.  454931.  454943.  454967.
  454969.  454973.  454991.  455003.  455011.  455033.  455047.  455053.
  455093.  455099.  455123.  455149.  455159.  455167.  455171.  455177.
  455201.  455219.  455227.  455233.]