[ 455237.  455261.  455263.  455269.  455291.  455309.  455317.  455321.
  455333.  455339.  455341.  455353.  455381.  455393.  455401.  455407.
  455419.  455431.  455437.  455443.  455461.  455471.  455473.  455479.
  455489.  455491.  455513.  455527.  455531.  455537.  455557.  455573.
  455579.  455597.  455599.  455603.  455627.  455647.  455659.  455681.
  455683.  455687.  455701.  455711.  455717.  455737.  455761.  455783.
  455789.  455809.  455827.  455831.  455849.  455863.  455881.  455899.
  455921.  455933.  455941.  455953.  455969.  455977.  455989.  455993.
  455999.  456007.  456013.  456023.  456037.  456047.  456061.  456091.
  456107.  456109.  456119.  456149.  456151.  456167.  456193.  456223.
  456233.  456241.  456283.  456293.  456329.  456349.  456353.  456367.
  456377.  456403.  456409.  456427.  456439.  456451.  456457.  456461.
  456499.  456503.  456517.  456523.]