[ 467237.  467239.  467261.  467293.  467297.  467317.  467329.  467333.
  467353.  467371.  467399.  467417.  467431.  467437.  467447.  467471.
  467473.  467477.  467479.  467491.  467497.  467503.  467507.  467527.
  467531.  467543.  467549.  467557.  467587.  467591.  467611.  467617.
  467627.  467629.  467633.  467641.  467651.  467657.  467669.  467671.
  467681.  467689.  467699.  467713.  467729.  467737.  467743.  467749.
  467773.  467783.  467813.  467827.  467833.  467867.  467869.  467879.
  467881.  467893.  467897.  467899.  467903.  467927.  467941.  467953.
  467963.  467977.  468001.  468011.  468019.  468029.  468049.  468059.
  468067.  468071.  468079.  468107.  468109.  468113.  468121.  468133.
  468137.  468151.  468157.  468173.  468187.  468191.  468199.  468239.
  468241.  468253.  468271.  468277.  468289.  468319.  468323.  468353.
  468359.  468371.  468389.  468421.]