[ 468439.  468451.  468463.  468473.  468491.  468493.  468499.  468509.
  468527.  468551.  468557.  468577.  468581.  468593.  468599.  468613.
  468619.  468623.  468641.  468647.  468653.  468661.  468667.  468683.
  468691.  468697.  468703.  468709.  468719.  468737.  468739.  468761.
  468773.  468781.  468803.  468817.  468821.  468841.  468851.  468859.
  468869.  468883.  468887.  468889.  468893.  468899.  468913.  468953.
  468967.  468973.  468983.  469009.  469031.  469037.  469069.  469099.
  469121.  469127.  469141.  469153.  469169.  469193.  469207.  469219.
  469229.  469237.  469241.  469253.  469267.  469279.  469283.  469303.
  469321.  469331.  469351.  469363.  469367.  469369.  469379.  469397.
  469411.  469429.  469439.  469457.  469487.  469501.  469529.  469541.
  469543.  469561.  469583.  469589.  469613.  469627.  469631.  469649.
  469657.  469673.  469687.  469691.]