[ 47533.  47543.  47563.  47569.  47581.  47591.  47599.  47609.  47623.
  47629.  47639.  47653.  47657.  47659.  47681.  47699.  47701.  47711.
  47713.  47717.  47737.  47741.  47743.  47777.  47779.  47791.  47797.
  47807.  47809.  47819.  47837.  47843.  47857.  47869.  47881.  47903.
  47911.  47917.  47933.  47939.  47947.  47951.  47963.  47969.  47977.
  47981.  48017.  48023.  48029.  48049.  48073.  48079.  48091.  48109.
  48119.  48121.  48131.  48157.  48163.  48179.  48187.  48193.  48197.
  48221.  48239.  48247.  48259.  48271.  48281.  48299.  48311.  48313.
  48337.  48341.  48353.  48371.  48383.  48397.  48407.  48409.  48413.
  48437.  48449.  48463.  48473.  48479.  48481.  48487.  48491.  48497.
  48523.  48527.  48533.  48539.  48541.  48563.  48571.  48589.  48593.
  48611.]