[ 477329.  477341.  477359.  477361.  477383.  477409.  477439.  477461.
  477469.  477497.  477511.  477517.  477523.  477539.  477551.  477553.
  477557.  477571.  477577.  477593.  477619.  477623.  477637.  477671.
  477677.  477721.  477727.  477731.  477739.  477767.  477769.  477791.
  477797.  477809.  477811.  477821.  477823.  477839.  477847.  477857.
  477863.  477881.  477899.  477913.  477941.  477947.  477973.  477977.
  477991.  478001.  478039.  478063.  478067.  478069.  478087.  478099.
  478111.  478129.  478139.  478157.  478169.  478171.  478189.  478199.
  478207.  478213.  478241.  478243.  478253.  478259.  478271.  478273.
  478321.  478339.  478343.  478351.  478391.  478399.  478403.  478411.
  478417.  478421.  478427.  478433.  478441.  478451.  478453.  478459.
  478481.  478483.  478493.  478523.  478531.  478571.  478573.  478579.
  478589.  478603.  478627.  478631.]