[ 478637.  478651.  478679.  478697.  478711.  478727.  478729.  478739.
  478741.  478747.  478763.  478769.  478787.  478801.  478811.  478813.
  478823.  478831.  478843.  478853.  478861.  478871.  478879.  478897.
  478901.  478913.  478927.  478931.  478937.  478943.  478963.  478967.
  478991.  478999.  479023.  479027.  479029.  479041.  479081.  479131.
  479137.  479147.  479153.  479189.  479191.  479201.  479209.  479221.
  479231.  479239.  479243.  479263.  479267.  479287.  479299.  479309.
  479317.  479327.  479357.  479371.  479377.  479387.  479419.  479429.
  479431.  479441.  479461.  479473.  479489.  479497.  479509.  479513.
  479533.  479543.  479561.  479569.  479581.  479593.  479599.  479623.
  479629.  479639.  479701.  479749.  479753.  479761.  479771.  479777.
  479783.  479797.  479813.  479821.  479833.  479839.  479861.  479879.
  479881.  479891.  479903.  479909.]