[ 48619.  48623.  48647.  48649.  48661.  48673.  48677.  48679.  48731.
  48733.  48751.  48757.  48761.  48767.  48779.  48781.  48787.  48799.
  48809.  48817.  48821.  48823.  48847.  48857.  48859.  48869.  48871.
  48883.  48889.  48907.  48947.  48953.  48973.  48989.  48991.  49003.
  49009.  49019.  49031.  49033.  49037.  49043.  49057.  49069.  49081.
  49103.  49109.  49117.  49121.  49123.  49139.  49157.  49169.  49171.
  49177.  49193.  49199.  49201.  49207.  49211.  49223.  49253.  49261.
  49277.  49279.  49297.  49307.  49331.  49333.  49339.  49363.  49367.
  49369.  49391.  49393.  49409.  49411.  49417.  49429.  49433.  49451.
  49459.  49463.  49477.  49481.  49499.  49523.  49529.  49531.  49537.
  49547.  49549.  49559.  49597.  49603.  49613.  49627.  49633.  49639.
  49663.]