[ 491731.  491737.  491747.  491773.  491783.  491789.  491797.  491819.
  491833.  491837.  491851.  491857.  491867.  491873.  491899.  491923.
  491951.  491969.  491977.  491983.  492007.  492013.  492017.  492029.
  492047.  492053.  492059.  492061.  492067.  492077.  492083.  492103.
  492113.  492227.  492251.  492253.  492257.  492281.  492293.  492299.
  492319.  492377.  492389.  492397.  492403.  492409.  492413.  492421.
  492431.  492463.  492467.  492487.  492491.  492511.  492523.  492551.
  492563.  492587.  492601.  492617.  492619.  492629.  492631.  492641.
  492647.  492659.  492671.  492673.  492707.  492719.  492721.  492731.
  492757.  492761.  492763.  492769.  492781.  492799.  492839.  492853.
  492871.  492883.  492893.  492901.  492911.  492967.  492979.  493001.
  493013.  493021.  493027.  493043.  493049.  493067.  493093.  493109.
  493111.  493121.  493123.  493127.]