[ 499549.  499559.  499571.  499591.  499601.  499607.  499621.  499633.
  499637.  499649.  499661.  499663.  499669.  499673.  499679.  499687.
  499691.  499693.  499711.  499717.  499729.  499739.  499747.  499781.
  499787.  499801.  499819.  499853.  499879.  499883.  499897.  499903.
  499927.  499943.  499957.  499969.  499973.  499979.  500009.  500029.
  500041.  500057.  500069.  500083.  500107.  500111.  500113.  500119.
  500153.  500167.  500173.  500177.  500179.  500197.  500209.  500231.
  500233.  500237.  500239.  500249.  500257.  500287.  500299.  500317.
  500321.  500333.  500341.  500363.  500369.  500389.  500393.  500413.
  500417.  500431.  500443.  500459.  500471.  500473.  500483.  500501.
  500509.  500519.  500527.  500567.  500579.  500587.  500603.  500629.
  500671.  500677.  500693.  500699.  500713.  500719.  500723.  500729.
  500741.  500777.  500791.  500807.]