[ 510089.  510101.  510121.  510127.  510137.  510157.  510179.  510199.
  510203.  510217.  510227.  510233.  510241.  510247.  510253.  510271.
  510287.  510299.  510311.  510319.  510331.  510361.  510379.  510383.
  510401.  510403.  510449.  510451.  510457.  510463.  510481.  510529.
  510551.  510553.  510569.  510581.  510583.  510589.  510611.  510613.
  510617.  510619.  510677.  510683.  510691.  510707.  510709.  510751.
  510767.  510773.  510793.  510803.  510817.  510823.  510827.  510847.
  510889.  510907.  510919.  510931.  510941.  510943.  510989.  511001.
  511013.  511019.  511033.  511039.  511057.  511061.  511087.  511109.
  511111.  511123.  511151.  511153.  511163.  511169.  511171.  511177.
  511193.  511201.  511211.  511213.  511223.  511237.  511243.  511261.
  511279.  511289.  511297.  511327.  511333.  511337.  511351.  511361.
  511387.  511391.  511409.  511417.]