[ 512819.  512821.  512843.  512849.  512891.  512899.  512903.  512917.
  512921.  512927.  512929.  512959.  512977.  512989.  512999.  513001.
  513013.  513017.  513031.  513041.  513047.  513053.  513059.  513067.
  513083.  513101.  513103.  513109.  513131.  513137.  513157.  513167.
  513169.  513173.  513203.  513239.  513257.  513269.  513277.  513283.
  513307.  513311.  513313.  513319.  513341.  513347.  513353.  513367.
  513371.  513397.  513407.  513419.  513427.  513431.  513439.  513473.
  513479.  513481.  513509.  513511.  513529.  513533.  513593.  513631.
  513641.  513649.  513673.  513679.  513683.  513691.  513697.  513719.
  513727.  513731.  513739.  513749.  513761.  513767.  513769.  513781.
  513829.  513839.  513841.  513871.  513881.  513899.  513917.  513923.
  513937.  513943.  513977.  513991.  514001.  514009.  514013.  514021.
  514049.  514051.  514057.  514061.]