[ 514079.  514081.  514093.  514103.  514117.  514123.  514127.  514147.
  514177.  514187.  514201.  514219.  514229.  514243.  514247.  514249.
  514271.  514277.  514289.  514309.  514313.  514333.  514343.  514357.
  514361.  514379.  514399.  514417.  514429.  514433.  514453.  514499.
  514513.  514519.  514523.  514529.  514531.  514543.  514561.  514571.
  514621.  514637.  514639.  514643.  514649.  514651.  514669.  514681.
  514711.  514733.  514739.  514741.  514747.  514751.  514757.  514769.
  514783.  514793.  514819.  514823.  514831.  514841.  514847.  514853.
  514859.  514867.  514873.  514889.  514903.  514933.  514939.  514949.
  514967.  515041.  515087.  515089.  515111.  515143.  515149.  515153.
  515173.  515191.  515227.  515231.  515233.  515237.  515279.  515293.
  515311.  515323.  515351.  515357.  515369.  515371.  515377.  515381.
  515401.  515429.  515477.  515507.]