[ 519229.  519247.  519257.  519269.  519283.  519287.  519301.  519307.
  519349.  519353.  519359.  519371.  519373.  519383.  519391.  519413.
  519427.  519433.  519457.  519487.  519499.  519509.  519521.  519523.
  519527.  519539.  519551.  519553.  519577.  519581.  519587.  519611.
  519619.  519643.  519647.  519667.  519683.  519691.  519703.  519713.
  519733.  519737.  519769.  519787.  519793.  519797.  519803.  519817.
  519863.  519881.  519889.  519907.  519917.  519919.  519923.  519931.
  519943.  519947.  519971.  519989.  519997.  520019.  520021.  520031.
  520043.  520063.  520067.  520073.  520103.  520111.  520123.  520129.
  520151.  520193.  520213.  520241.  520279.  520291.  520297.  520307.
  520309.  520313.  520339.  520349.  520357.  520361.  520363.  520369.
  520379.  520381.  520393.  520409.  520411.  520423.  520427.  520433.
  520447.  520451.  520529.  520547.]