[ 524429.  524453.  524497.  524507.  524509.  524519.  524521.  524591.
  524593.  524599.  524633.  524669.  524681.  524683.  524701.  524707.
  524731.  524743.  524789.  524801.  524803.  524827.  524831.  524857.
  524863.  524869.  524873.  524893.  524899.  524921.  524933.  524939.
  524941.  524947.  524957.  524959.  524963.  524969.  524971.  524981.
  524983.  524999.  525001.  525013.  525017.  525029.  525043.  525101.
  525127.  525137.  525143.  525157.  525163.  525167.  525191.  525193.
  525199.  525209.  525221.  525241.  525247.  525253.  525257.  525299.
  525313.  525353.  525359.  525361.  525373.  525377.  525379.  525391.
  525397.  525409.  525431.  525433.  525439.  525457.  525461.  525467.
  525491.  525493.  525517.  525529.  525533.  525541.  525571.  525583.
  525593.  525599.  525607.  525641.  525649.  525671.  525677.  525697.
  525709.  525713.  525719.  525727.]