[ 525731.  525739.  525769.  525773.  525781.  525809.  525817.  525839.
  525869.  525871.  525887.  525893.  525913.  525923.  525937.  525947.
  525949.  525953.  525961.  525979.  525983.  526027.  526037.  526049.
  526051.  526063.  526067.  526069.  526073.  526087.  526117.  526121.
  526139.  526157.  526159.  526189.  526193.  526199.  526213.  526223.
  526231.  526249.  526271.  526283.  526289.  526291.  526297.  526307.
  526367.  526373.  526381.  526387.  526391.  526397.  526423.  526429.
  526441.  526453.  526459.  526483.  526499.  526501.  526511.  526531.
  526543.  526571.  526573.  526583.  526601.  526619.  526627.  526633.
  526637.  526649.  526651.  526657.  526667.  526679.  526681.  526703.
  526709.  526717.  526733.  526739.  526741.  526759.  526763.  526777.
  526781.  526829.  526831.  526837.  526853.  526859.  526871.  526909.
  526913.  526931.  526937.  526943.]