[ 528329.  528373.  528383.  528391.  528401.  528403.  528413.  528419.
  528433.  528469.  528487.  528491.  528509.  528511.  528527.  528559.
  528611.  528623.  528629.  528631.  528659.  528667.  528673.  528679.
  528691.  528707.  528709.  528719.  528763.  528779.  528791.  528799.
  528811.  528821.  528823.  528833.  528863.  528877.  528881.  528883.
  528911.  528929.  528947.  528967.  528971.  528973.  528991.  529003.
  529007.  529027.  529033.  529037.  529043.  529049.  529051.  529097.
  529103.  529117.  529121.  529127.  529129.  529153.  529157.  529181.
  529183.  529213.  529229.  529237.  529241.  529259.  529271.  529273.
  529301.  529307.  529313.  529327.  529343.  529349.  529357.  529381.
  529393.  529411.  529421.  529423.  529471.  529489.  529513.  529517.
  529519.  529531.  529547.  529577.  529579.  529603.  529619.  529637.
  529649.  529657.  529673.  529681.]