[ 532349.  532373.  532379.  532391.  532403.  532417.  532421.  532439.
  532447.  532451.  532453.  532489.  532501.  532523.  532529.  532531.
  532537.  532547.  532561.  532601.  532603.  532607.  532619.  532621.
  532633.  532639.  532663.  532669.  532687.  532691.  532709.  532733.
  532739.  532751.  532757.  532771.  532781.  532783.  532789.  532801.
  532811.  532823.  532849.  532853.  532867.  532907.  532919.  532949.
  532951.  532981.  532993.  532999.  533003.  533009.  533011.  533033.
  533051.  533053.  533063.  533077.  533089.  533111.  533129.  533149.
  533167.  533177.  533189.  533191.  533213.  533219.  533227.  533237.
  533249.  533257.  533261.  533263.  533297.  533303.  533317.  533321.
  533327.  533353.  533363.  533371.  533389.  533399.  533413.  533447.
  533453.  533459.  533509.  533543.  533549.  533573.  533581.  533593.
  533633.  533641.  533671.  533693.]