[ 533711.  533713.  533719.  533723.  533737.  533747.  533777.  533801.
  533809.  533821.  533831.  533837.  533857.  533879.  533887.  533893.
  533909.  533921.  533927.  533959.  533963.  533969.  533971.  533989.
  533993.  533999.  534007.  534013.  534019.  534029.  534043.  534047.
  534049.  534059.  534073.  534077.  534091.  534101.  534113.  534137.
  534167.  534173.  534199.  534203.  534211.  534229.  534241.  534253.
  534283.  534301.  534307.  534311.  534323.  534329.  534341.  534367.
  534371.  534403.  534407.  534431.  534439.  534473.  534491.  534511.
  534529.  534553.  534571.  534577.  534581.  534601.  534607.  534617.
  534629.  534631.  534637.  534647.  534649.  534659.  534661.  534671.
  534697.  534707.  534739.  534799.  534811.  534827.  534839.  534841.
  534851.  534857.  534883.  534889.  534913.  534923.  534931.  534943.
  534949.  534971.  535013.  535019.]