[ 535033.  535037.  535061.  535099.  535103.  535123.  535133.  535151.
  535159.  535169.  535181.  535193.  535207.  535219.  535229.  535237.
  535243.  535273.  535303.  535319.  535333.  535349.  535351.  535361.
  535387.  535391.  535399.  535481.  535487.  535489.  535499.  535511.
  535523.  535529.  535547.  535571.  535573.  535589.  535607.  535609.
  535627.  535637.  535663.  535669.  535673.  535679.  535697.  535709.
  535727.  535741.  535751.  535757.  535771.  535783.  535793.  535811.
  535849.  535859.  535861.  535879.  535919.  535937.  535939.  535943.
  535957.  535967.  535973.  535991.  535999.  536017.  536023.  536051.
  536057.  536059.  536069.  536087.  536099.  536101.  536111.  536141.
  536147.  536149.  536189.  536191.  536203.  536213.  536219.  536227.
  536233.  536243.  536267.  536273.  536279.  536281.  536287.  536293.
  536311.  536323.  536353.  536357.]