[ 54001.  54011.  54013.  54037.  54049.  54059.  54083.  54091.  54101.
  54121.  54133.  54139.  54151.  54163.  54167.  54181.  54193.  54217.
  54251.  54269.  54277.  54287.  54293.  54311.  54319.  54323.  54331.
  54347.  54361.  54367.  54371.  54377.  54401.  54403.  54409.  54413.
  54419.  54421.  54437.  54443.  54449.  54469.  54493.  54497.  54499.
  54503.  54517.  54521.  54539.  54541.  54547.  54559.  54563.  54577.
  54581.  54583.  54601.  54617.  54623.  54629.  54631.  54647.  54667.
  54673.  54679.  54709.  54713.  54721.  54727.  54751.  54767.  54773.
  54779.  54787.  54799.  54829.  54833.  54851.  54869.  54877.  54881.
  54907.  54917.  54919.  54941.  54949.  54959.  54973.  54979.  54983.
  55001.  55009.  55021.  55049.  55051.  55057.  55061.  55073.  55079.
  55103.]