[ 543017.  543019.  543029.  543061.  543097.  543113.  543131.  543139.
  543143.  543149.  543157.  543161.  543163.  543187.  543203.  543217.
  543223.  543227.  543233.  543241.  543253.  543259.  543281.  543287.
  543289.  543299.  543307.  543311.  543313.  543341.  543349.  543353.
  543359.  543379.  543383.  543407.  543427.  543463.  543497.  543503.
  543509.  543539.  543551.  543553.  543593.  543601.  543607.  543611.
  543617.  543637.  543659.  543661.  543671.  543679.  543689.  543703.
  543707.  543713.  543769.  543773.  543787.  543791.  543793.  543797.
  543811.  543827.  543841.  543853.  543857.  543859.  543871.  543877.
  543883.  543887.  543889.  543901.  543911.  543929.  543967.  543971.
  543997.  544001.  544007.  544009.  544013.  544021.  544031.  544097.
  544099.  544109.  544123.  544129.  544133.  544139.  544171.  544177.
  544183.  544199.  544223.  544259.]