[ 548459.  548461.  548489.  548501.  548503.  548519.  548521.  548533.
  548543.  548557.  548567.  548579.  548591.  548623.  548629.  548657.
  548671.  548677.  548687.  548693.  548707.  548719.  548749.  548753.
  548761.  548771.  548783.  548791.  548827.  548831.  548833.  548837.
  548843.  548851.  548861.  548869.  548893.  548897.  548903.  548909.
  548927.  548953.  548957.  548963.  549001.  549011.  549013.  549019.
  549023.  549037.  549071.  549089.  549091.  549097.  549121.  549139.
  549149.  549161.  549163.  549167.  549169.  549193.  549203.  549221.
  549229.  549247.  549257.  549259.  549281.  549313.  549319.  549323.
  549331.  549379.  549391.  549403.  549421.  549431.  549443.  549449.
  549481.  549503.  549509.  549511.  549517.  549533.  549547.  549551.
  549553.  549569.  549587.  549589.  549607.  549623.  549641.  549643.
  549649.  549667.  549683.  549691.]