[ 549701.  549707.  549713.  549719.  549733.  549737.  549739.  549749.
  549751.  549767.  549817.  549833.  549839.  549863.  549877.  549883.
  549911.  549937.  549943.  549949.  549977.  549979.  550007.  550009.
  550027.  550049.  550061.  550063.  550073.  550111.  550117.  550127.
  550129.  550139.  550163.  550169.  550177.  550181.  550189.  550211.
  550213.  550241.  550267.  550279.  550283.  550289.  550309.  550337.
  550351.  550369.  550379.  550427.  550439.  550441.  550447.  550457.
  550469.  550471.  550489.  550513.  550519.  550531.  550541.  550553.
  550577.  550607.  550609.  550621.  550631.  550637.  550651.  550657.
  550661.  550663.  550679.  550691.  550703.  550717.  550721.  550733.
  550757.  550763.  550789.  550801.  550811.  550813.  550831.  550841.
  550843.  550859.  550861.  550903.  550909.  550937.  550939.  550951.
  550961.  550969.  550973.  550993.]