[ 550997.  551003.  551017.  551027.  551039.  551059.  551063.  551069.
  551093.  551099.  551107.  551113.  551129.  551143.  551179.  551197.
  551207.  551219.  551231.  551233.  551269.  551281.  551297.  551311.
  551321.  551339.  551347.  551363.  551381.  551387.  551407.  551423.
  551443.  551461.  551483.  551489.  551503.  551519.  551539.  551543.
  551549.  551557.  551569.  551581.  551587.  551597.  551651.  551653.
  551659.  551671.  551689.  551693.  551713.  551717.  551723.  551729.
  551731.  551743.  551753.  551767.  551773.  551801.  551809.  551813.
  551843.  551849.  551861.  551909.  551911.  551917.  551927.  551933.
  551951.  551959.  551963.  551981.  552001.  552011.  552029.  552031.
  552047.  552053.  552059.  552089.  552091.  552103.  552107.  552113.
  552127.  552137.  552179.  552193.  552217.  552239.  552241.  552259.
  552263.  552271.  552283.  552301.]