[ 554951.  554959.  554969.  554977.  555029.  555041.  555043.  555053.
  555073.  555077.  555083.  555091.  555097.  555109.  555119.  555143.
  555167.  555209.  555221.  555251.  555253.  555257.  555277.  555287.
  555293.  555301.  555307.  555337.  555349.  555361.  555383.  555391.
  555419.  555421.  555439.  555461.  555487.  555491.  555521.  555523.
  555557.  555589.  555593.  555637.  555661.  555671.  555677.  555683.
  555691.  555697.  555707.  555739.  555743.  555761.  555767.  555823.
  555827.  555829.  555853.  555857.  555871.  555931.  555941.  555953.
  555967.  556007.  556021.  556027.  556037.  556043.  556051.  556067.
  556069.  556093.  556103.  556123.  556159.  556177.  556181.  556211.
  556219.  556229.  556243.  556253.  556261.  556267.  556271.  556273.
  556279.  556289.  556313.  556321.  556327.  556331.  556343.  556351.
  556373.  556399.  556403.  556441.]