[ 557729.  557731.  557741.  557743.  557747.  557759.  557761.  557779.
  557789.  557801.  557803.  557831.  557857.  557861.  557863.  557891.
  557899.  557903.  557927.  557981.  557987.  558007.  558017.  558029.
  558053.  558067.  558083.  558091.  558109.  558113.  558121.  558139.
  558149.  558167.  558179.  558197.  558203.  558209.  558223.  558241.
  558251.  558253.  558287.  558289.  558307.  558319.  558343.  558401.
  558413.  558421.  558427.  558431.  558457.  558469.  558473.  558479.
  558491.  558497.  558499.  558521.  558529.  558533.  558539.  558541.
  558563.  558583.  558587.  558599.  558611.  558629.  558643.  558661.
  558683.  558703.  558721.  558731.  558757.  558769.  558781.  558787.
  558791.  558793.  558827.  558829.  558863.  558869.  558881.  558893.
  558913.  558931.  558937.  558947.  558973.  558979.  558997.  559001.
  559049.  559051.  559067.  559081.]