[ 560249.  560281.  560293.  560297.  560299.  560311.  560317.  560341.
  560353.  560393.  560411.  560437.  560447.  560459.  560471.  560477.
  560479.  560489.  560491.  560501.  560503.  560531.  560543.  560551.
  560561.  560597.  560617.  560621.  560639.  560641.  560653.  560669.
  560683.  560689.  560701.  560719.  560737.  560753.  560761.  560767.
  560771.  560783.  560797.  560803.  560827.  560837.  560863.  560869.
  560873.  560887.  560891.  560893.  560897.  560929.  560939.  560941.
  560969.  560977.  561019.  561047.  561053.  561059.  561061.  561079.
  561083.  561091.  561097.  561101.  561103.  561109.  561161.  561173.
  561181.  561191.  561199.  561229.  561251.  561277.  561307.  561313.
  561343.  561347.  561359.  561367.  561373.  561377.  561389.  561409.
  561419.  561439.  561461.  561521.  561529.  561551.  561553.  561559.
  561599.  561607.  561667.  561703.]