[ 561713.  561733.  561761.  561767.  561787.  561797.  561809.  561829.
  561839.  561907.  561917.  561923.  561931.  561943.  561947.  561961.
  561973.  561983.  561997.  562007.  562019.  562021.  562043.  562091.
  562103.  562129.  562147.  562169.  562181.  562193.  562201.  562231.
  562259.  562271.  562273.  562283.  562291.  562297.  562301.  562307.
  562313.  562333.  562337.  562349.  562351.  562357.  562361.  562399.
  562403.  562409.  562417.  562421.  562427.  562439.  562459.  562477.
  562493.  562501.  562517.  562519.  562537.  562577.  562579.  562589.
  562591.  562607.  562613.  562621.  562631.  562633.  562651.  562663.
  562669.  562673.  562691.  562693.  562699.  562703.  562711.  562721.
  562739.  562753.  562759.  562763.  562781.  562789.  562813.  562831.
  562841.  562871.  562897.  562901.  562909.  562931.  562943.  562949.
  562963.  562967.  562973.  562979.]