[ 562987.  562997.  563009.  563011.  563021.  563039.  563041.  563047.
  563051.  563077.  563081.  563099.  563113.  563117.  563119.  563131.
  563149.  563153.  563183.  563197.  563219.  563249.  563263.  563287.
  563327.  563351.  563357.  563359.  563377.  563401.  563411.  563413.
  563417.  563419.  563447.  563449.  563467.  563489.  563501.  563503.
  563543.  563551.  563561.  563587.  563593.  563599.  563623.  563657.
  563663.  563723.  563743.  563747.  563777.  563809.  563813.  563821.
  563831.  563837.  563851.  563869.  563881.  563887.  563897.  563929.
  563933.  563947.  563971.  563987.  563999.  564013.  564017.  564041.
  564049.  564059.  564061.  564089.  564097.  564103.  564127.  564133.
  564149.  564163.  564173.  564191.  564197.  564227.  564229.  564233.
  564251.  564257.  564269.  564271.  564299.  564301.  564307.  564313.
  564323.  564353.  564359.  564367.]