[ 564371.  564373.  564391.  564401.  564407.  564409.  564419.  564437.
  564449.  564457.  564463.  564467.  564491.  564497.  564523.  564533.
  564593.  564607.  564617.  564643.  564653.  564667.  564671.  564679.
  564701.  564703.  564709.  564713.  564761.  564779.  564793.  564797.
  564827.  564871.  564881.  564899.  564917.  564919.  564923.  564937.
  564959.  564973.  564979.  564983.  564989.  564997.  565013.  565039.
  565049.  565057.  565069.  565109.  565111.  565127.  565163.  565171.
  565177.  565183.  565189.  565207.  565237.  565241.  565247.  565259.
  565261.  565273.  565283.  565289.  565303.  565319.  565333.  565337.
  565343.  565361.  565379.  565381.  565387.  565391.  565393.  565427.
  565429.  565441.  565451.  565463.  565469.  565483.  565489.  565507.
  565511.  565517.  565519.  565549.  565553.  565559.  565567.  565571.
  565583.  565589.  565597.  565603.]