[ 565613.  565637.  565651.  565661.  565667.  565723.  565727.  565769.
  565771.  565787.  565793.  565813.  565849.  565867.  565889.  565891.
  565907.  565909.  565919.  565921.  565937.  565973.  565979.  565997.
  566011.  566023.  566047.  566057.  566077.  566089.  566101.  566107.
  566131.  566149.  566161.  566173.  566179.  566183.  566201.  566213.
  566227.  566231.  566233.  566273.  566311.  566323.  566347.  566387.
  566393.  566413.  566417.  566429.  566431.  566437.  566441.  566443.
  566453.  566521.  566537.  566539.  566543.  566549.  566551.  566557.
  566563.  566567.  566617.  566633.  566639.  566653.  566659.  566677.
  566681.  566693.  566701.  566707.  566717.  566719.  566723.  566737.
  566759.  566767.  566791.  566821.  566833.  566851.  566857.  566879.
  566911.  566939.  566947.  566963.  566971.  566977.  566987.  566999.
  567011.  567013.  567031.  567053.]