[ 568439.  568441.  568453.  568471.  568481.  568493.  568523.  568541.
  568549.  568577.  568609.  568619.  568627.  568643.  568657.  568669.
  568679.  568691.  568699.  568709.  568723.  568751.  568783.  568787.
  568807.  568823.  568831.  568853.  568877.  568891.  568903.  568907.
  568913.  568921.  568963.  568979.  568987.  568991.  568999.  569003.
  569011.  569021.  569047.  569053.  569057.  569071.  569077.  569081.
  569083.  569111.  569117.  569137.  569141.  569159.  569161.  569189.
  569197.  569201.  569209.  569213.  569237.  569243.  569249.  569251.
  569263.  569267.  569269.  569321.  569323.  569369.  569417.  569419.
  569423.  569431.  569447.  569461.  569479.  569497.  569507.  569533.
  569573.  569579.  569581.  569599.  569603.  569609.  569617.  569623.
  569659.  569663.  569671.  569683.  569711.  569713.  569717.  569729.
  569731.  569747.  569759.  569771.]