[ 57193.  57203.  57221.  57223.  57241.  57251.  57259.  57269.  57271.
  57283.  57287.  57301.  57329.  57331.  57347.  57349.  57367.  57373.
  57383.  57389.  57397.  57413.  57427.  57457.  57467.  57487.  57493.
  57503.  57527.  57529.  57557.  57559.  57571.  57587.  57593.  57601.
  57637.  57641.  57649.  57653.  57667.  57679.  57689.  57697.  57709.
  57713.  57719.  57727.  57731.  57737.  57751.  57773.  57781.  57787.
  57791.  57793.  57803.  57809.  57829.  57839.  57847.  57853.  57859.
  57881.  57899.  57901.  57917.  57923.  57943.  57947.  57973.  57977.
  57991.  58013.  58027.  58031.  58043.  58049.  58057.  58061.  58067.
  58073.  58099.  58109.  58111.  58129.  58147.  58151.  58153.  58169.
  58171.  58189.  58193.  58199.  58207.  58211.  58217.  58229.  58231.
  58237.]