[ 573557.  573569.  573571.  573637.  573647.  573673.  573679.  573691.
  573719.  573737.  573739.  573757.  573761.  573763.  573787.  573791.
  573809.  573817.  573829.  573847.  573851.  573863.  573871.  573883.
  573887.  573899.  573901.  573929.  573941.  573953.  573967.  573973.
  573977.  574003.  574031.  574033.  574051.  574061.  574081.  574099.
  574109.  574127.  574157.  574159.  574163.  574169.  574181.  574183.
  574201.  574219.  574261.  574279.  574283.  574289.  574297.  574307.
  574309.  574363.  574367.  574373.  574393.  574423.  574429.  574433.
  574439.  574477.  574489.  574493.  574501.  574507.  574529.  574543.
  574547.  574597.  574619.  574621.  574627.  574631.  574643.  574657.
  574667.  574687.  574699.  574703.  574711.  574723.  574727.  574733.
  574741.  574789.  574799.  574801.  574813.  574817.  574859.  574907.
  574913.  574933.  574939.  574949.]