[ 576223.  576227.  576287.  576293.  576299.  576313.  576319.  576341.
  576377.  576379.  576391.  576421.  576427.  576431.  576439.  576461.
  576469.  576473.  576493.  576509.  576523.  576529.  576533.  576539.
  576551.  576553.  576577.  576581.  576613.  576617.  576637.  576647.
  576649.  576659.  576671.  576677.  576683.  576689.  576701.  576703.
  576721.  576727.  576731.  576739.  576743.  576749.  576757.  576769.
  576787.  576791.  576881.  576883.  576889.  576899.  576943.  576949.
  576967.  576977.  577007.  577009.  577033.  577043.  577063.  577067.
  577069.  577081.  577097.  577111.  577123.  577147.  577151.  577153.
  577169.  577177.  577193.  577219.  577249.  577259.  577271.  577279.
  577307.  577327.  577331.  577333.  577349.  577351.  577363.  577387.
  577397.  577399.  577427.  577453.  577457.  577463.  577471.  577483.
  577513.  577517.  577523.  577529.]