[ 578839.  578843.  578857.  578861.  578881.  578917.  578923.  578957.
  578959.  578971.  578999.  579011.  579017.  579023.  579053.  579079.
  579083.  579107.  579113.  579119.  579133.  579179.  579197.  579199.
  579239.  579251.  579259.  579263.  579277.  579281.  579283.  579287.
  579311.  579331.  579353.  579379.  579407.  579409.  579427.  579433.
  579451.  579473.  579497.  579499.  579503.  579517.  579521.  579529.
  579533.  579539.  579541.  579563.  579569.  579571.  579583.  579587.
  579611.  579613.  579629.  579637.  579641.  579643.  579653.  579673.
  579701.  579707.  579713.  579721.  579737.  579757.  579763.  579773.
  579779.  579809.  579829.  579851.  579869.  579877.  579881.  579883.
  579893.  579907.  579947.  579949.  579961.  579967.  579973.  579983.
  580001.  580031.  580033.  580079.  580081.  580093.  580133.  580163.
  580169.  580183.  580187.  580201.]