[ 581473.  581491.  581521.  581527.  581549.  581551.  581557.  581573.
  581597.  581599.  581617.  581639.  581657.  581663.  581683.  581687.
  581699.  581701.  581729.  581731.  581743.  581753.  581767.  581773.
  581797.  581809.  581821.  581843.  581857.  581863.  581869.  581873.
  581891.  581909.  581921.  581941.  581947.  581953.  581981.  581983.
  582011.  582013.  582017.  582031.  582037.  582067.  582083.  582119.
  582137.  582139.  582157.  582161.  582167.  582173.  582181.  582203.
  582209.  582221.  582223.  582227.  582247.  582251.  582299.  582317.
  582319.  582371.  582391.  582409.  582419.  582427.  582433.  582451.
  582457.  582469.  582499.  582509.  582511.  582541.  582551.  582563.
  582587.  582601.  582623.  582643.  582649.  582677.  582689.  582691.
  582719.  582721.  582727.  582731.  582737.  582761.  582763.  582767.
  582773.  582781.  582793.  582809.]