[ 58243.  58271.  58309.  58313.  58321.  58337.  58363.  58367.  58369.
  58379.  58391.  58393.  58403.  58411.  58417.  58427.  58439.  58441.
  58451.  58453.  58477.  58481.  58511.  58537.  58543.  58549.  58567.
  58573.  58579.  58601.  58603.  58613.  58631.  58657.  58661.  58679.
  58687.  58693.  58699.  58711.  58727.  58733.  58741.  58757.  58763.
  58771.  58787.  58789.  58831.  58889.  58897.  58901.  58907.  58909.
  58913.  58921.  58937.  58943.  58963.  58967.  58979.  58991.  58997.
  59009.  59011.  59021.  59023.  59029.  59051.  59053.  59063.  59069.
  59077.  59083.  59093.  59107.  59113.  59119.  59123.  59141.  59149.
  59159.  59167.  59183.  59197.  59207.  59209.  59219.  59221.  59233.
  59239.  59243.  59263.  59273.  59281.  59333.  59341.  59351.  59357.
  59359.]