[ 584153.  584167.  584183.  584203.  584249.  584261.  584279.  584281.
  584303.  584347.  584357.  584359.  584377.  584387.  584393.  584399.
  584411.  584417.  584429.  584447.  584471.  584473.  584509.  584531.
  584557.  584561.  584587.  584593.  584599.  584603.  584609.  584621.
  584627.  584659.  584663.  584677.  584693.  584699.  584707.  584713.
  584719.  584723.  584737.  584767.  584777.  584789.  584791.  584809.
  584849.  584863.  584869.  584873.  584879.  584897.  584911.  584917.
  584923.  584951.  584963.  584971.  584981.  584993.  584999.  585019.
  585023.  585031.  585037.  585041.  585043.  585049.  585061.  585071.
  585073.  585077.  585107.  585113.  585119.  585131.  585149.  585163.
  585199.  585217.  585251.  585269.  585271.  585283.  585289.  585313.
  585317.  585337.  585341.  585367.  585383.  585391.  585413.  585437.
  585443.  585461.  585467.  585493.]