[ 585503.  585517.  585547.  585551.  585569.  585577.  585581.  585587.
  585593.  585601.  585619.  585643.  585653.  585671.  585677.  585691.
  585721.  585727.  585733.  585737.  585743.  585749.  585757.  585779.
  585791.  585799.  585839.  585841.  585847.  585853.  585857.  585863.
  585877.  585881.  585883.  585889.  585899.  585911.  585913.  585917.
  585919.  585953.  585989.  585997.  586009.  586037.  586051.  586057.
  586067.  586073.  586087.  586111.  586121.  586123.  586129.  586139.
  586147.  586153.  586189.  586213.  586237.  586273.  586277.  586291.
  586301.  586309.  586319.  586349.  586361.  586363.  586367.  586387.
  586403.  586429.  586433.  586457.  586459.  586463.  586471.  586493.
  586499.  586501.  586541.  586543.  586567.  586571.  586577.  586589.
  586601.  586603.  586609.  586627.  586631.  586633.  586667.  586679.
  586693.  586711.  586723.  586741.]