[ 586769.  586787.  586793.  586801.  586811.  586813.  586819.  586837.
  586841.  586849.  586871.  586897.  586903.  586909.  586919.  586921.
  586933.  586939.  586951.  586961.  586973.  586979.  586981.  587017.
  587021.  587033.  587051.  587053.  587057.  587063.  587087.  587101.
  587107.  587117.  587123.  587131.  587137.  587143.  587149.  587173.
  587179.  587189.  587201.  587219.  587263.  587267.  587269.  587281.
  587287.  587297.  587303.  587341.  587371.  587381.  587387.  587413.
  587417.  587429.  587437.  587441.  587459.  587467.  587473.  587497.
  587513.  587519.  587527.  587533.  587539.  587549.  587551.  587563.
  587579.  587599.  587603.  587617.  587621.  587623.  587633.  587659.
  587669.  587677.  587687.  587693.  587711.  587731.  587737.  587747.
  587749.  587753.  587771.  587773.  587789.  587813.  587827.  587833.
  587849.  587863.  587887.  587891.]