[ 587897.  587927.  587933.  587947.  587959.  587969.  587971.  587987.
  587989.  587999.  588011.  588019.  588037.  588043.  588061.  588073.
  588079.  588083.  588097.  588113.  588121.  588131.  588151.  588167.
  588169.  588173.  588191.  588199.  588229.  588239.  588241.  588257.
  588277.  588293.  588311.  588347.  588359.  588361.  588383.  588389.
  588397.  588403.  588433.  588437.  588463.  588481.  588493.  588503.
  588509.  588517.  588521.  588529.  588569.  588571.  588619.  588631.
  588641.  588647.  588649.  588667.  588673.  588683.  588703.  588733.
  588737.  588743.  588767.  588773.  588779.  588811.  588827.  588839.
  588871.  588877.  588881.  588893.  588911.  588937.  588941.  588947.
  588949.  588953.  588977.  589021.  589027.  589049.  589063.  589109.
  589111.  589123.  589139.  589159.  589163.  589181.  589187.  589189.
  589207.  589213.  589219.  589231.]