[ 590669.  590713.  590717.  590719.  590741.  590753.  590771.  590797.
  590809.  590813.  590819.  590833.  590839.  590867.  590899.  590921.
  590923.  590929.  590959.  590963.  590983.  590987.  591023.  591053.
  591061.  591067.  591079.  591089.  591091.  591113.  591127.  591131.
  591137.  591161.  591163.  591181.  591193.  591233.  591259.  591271.
  591287.  591289.  591301.  591317.  591319.  591341.  591377.  591391.
  591403.  591407.  591421.  591431.  591443.  591457.  591469.  591499.
  591509.  591523.  591553.  591559.  591581.  591599.  591601.  591611.
  591623.  591649.  591653.  591659.  591673.  591691.  591709.  591739.
  591743.  591749.  591751.  591757.  591779.  591791.  591827.  591841.
  591847.  591863.  591881.  591887.  591893.  591901.  591937.  591959.
  591973.  592019.  592027.  592049.  592057.  592061.  592073.  592087.
  592099.  592121.  592129.  592133.]