[ 594697.  594709.  594721.  594739.  594749.  594751.  594773.  594793.
  594821.  594823.  594827.  594829.  594857.  594889.  594899.  594911.
  594917.  594929.  594931.  594953.  594959.  594961.  594977.  594989.
  595003.  595037.  595039.  595043.  595057.  595069.  595073.  595081.
  595087.  595093.  595097.  595117.  595123.  595129.  595139.  595141.
  595157.  595159.  595181.  595183.  595201.  595207.  595229.  595247.
  595253.  595261.  595267.  595271.  595277.  595291.  595303.  595313.
  595319.  595333.  595339.  595351.  595363.  595373.  595379.  595381.
  595411.  595451.  595453.  595481.  595513.  595519.  595523.  595547.
  595549.  595571.  595577.  595579.  595613.  595627.  595687.  595703.
  595709.  595711.  595717.  595733.  595741.  595801.  595807.  595817.
  595843.  595873.  595877.  595927.  595939.  595943.  595949.  595951.
  595957.  595961.  595963.  595967.]