[ 595981.  596009.  596021.  596027.  596047.  596053.  596059.  596069.
  596081.  596083.  596093.  596117.  596119.  596143.  596147.  596159.
  596179.  596209.  596227.  596231.  596243.  596251.  596257.  596261.
  596273.  596279.  596291.  596293.  596317.  596341.  596363.  596369.
  596399.  596419.  596423.  596461.  596489.  596503.  596507.  596537.
  596569.  596573.  596579.  596587.  596593.  596599.  596611.  596623.
  596633.  596653.  596663.  596669.  596671.  596693.  596707.  596737.
  596741.  596749.  596767.  596779.  596789.  596803.  596821.  596831.
  596839.  596851.  596857.  596861.  596863.  596879.  596899.  596917.
  596927.  596929.  596933.  596941.  596963.  596977.  596983.  596987.
  597031.  597049.  597053.  597059.  597073.  597127.  597131.  597133.
  597137.  597169.  597209.  597221.  597239.  597253.  597263.  597269.
  597271.  597301.  597307.  597349.]