[ 598691.  598711.  598721.  598727.  598729.  598777.  598783.  598789.
  598799.  598817.  598841.  598853.  598867.  598877.  598883.  598891.
  598903.  598931.  598933.  598963.  598967.  598973.  598981.  598987.
  598999.  599003.  599009.  599021.  599023.  599069.  599087.  599117.
  599143.  599147.  599149.  599153.  599191.  599213.  599231.  599243.
  599251.  599273.  599281.  599303.  599309.  599321.  599341.  599353.
  599359.  599371.  599383.  599387.  599399.  599407.  599413.  599419.
  599429.  599477.  599479.  599491.  599513.  599519.  599537.  599551.
  599561.  599591.  599597.  599603.  599611.  599623.  599629.  599657.
  599663.  599681.  599693.  599699.  599701.  599713.  599719.  599741.
  599759.  599779.  599783.  599803.  599831.  599843.  599857.  599869.
  599891.  599899.  599927.  599933.  599939.  599941.  599959.  599983.
  599993.  599999.  600011.  600043.]