[ 60509.  60521.  60527.  60539.  60589.  60601.  60607.  60611.  60617.
  60623.  60631.  60637.  60647.  60649.  60659.  60661.  60679.  60689.
  60703.  60719.  60727.  60733.  60737.  60757.  60761.  60763.  60773.
  60779.  60793.  60811.  60821.  60859.  60869.  60887.  60889.  60899.
  60901.  60913.  60917.  60919.  60923.  60937.  60943.  60953.  60961.
  61001.  61007.  61027.  61031.  61043.  61051.  61057.  61091.  61099.
  61121.  61129.  61141.  61151.  61153.  61169.  61211.  61223.  61231.
  61253.  61261.  61283.  61291.  61297.  61331.  61333.  61339.  61343.
  61357.  61363.  61379.  61381.  61403.  61409.  61417.  61441.  61463.
  61469.  61471.  61483.  61487.  61493.  61507.  61511.  61519.  61543.
  61547.  61553.  61559.  61561.  61583.  61603.  61609.  61613.  61627.
  61631.]