[ 605261.  605309.  605323.  605329.  605333.  605347.  605369.  605393.
  605401.  605411.  605413.  605443.  605471.  605477.  605497.  605503.
  605509.  605531.  605533.  605543.  605551.  605573.  605593.  605597.
  605599.  605603.  605609.  605617.  605629.  605639.  605641.  605687.
  605707.  605719.  605779.  605789.  605809.  605837.  605849.  605861.
  605867.  605873.  605879.  605887.  605893.  605909.  605921.  605933.
  605947.  605953.  605977.  605987.  605993.  606017.  606029.  606031.
  606037.  606041.  606049.  606059.  606077.  606079.  606083.  606091.
  606113.  606121.  606131.  606173.  606181.  606223.  606241.  606247.
  606251.  606299.  606301.  606311.  606313.  606323.  606341.  606379.
  606383.  606413.  606433.  606443.  606449.  606493.  606497.  606503.
  606521.  606527.  606539.  606559.  606569.  606581.  606587.  606589.
  606607.  606643.  606649.  606653.]