[ 609253.  609269.  609277.  609283.  609289.  609307.  609313.  609337.
  609359.  609361.  609373.  609379.  609391.  609397.  609403.  609407.
  609421.  609437.  609443.  609461.  609487.  609503.  609509.  609517.
  609527.  609533.  609541.  609571.  609589.  609593.  609599.  609601.
  609607.  609613.  609617.  609619.  609641.  609673.  609683.  609701.
  609709.  609743.  609751.  609757.  609779.  609781.  609803.  609809.
  609821.  609859.  609877.  609887.  609907.  609911.  609913.  609923.
  609929.  609979.  609989.  609991.  609997.  610031.  610063.  610081.
  610123.  610157.  610163.  610187.  610193.  610199.  610217.  610219.
  610229.  610243.  610271.  610279.  610289.  610301.  610327.  610331.
  610339.  610391.  610409.  610417.  610429.  610439.  610447.  610457.
  610469.  610501.  610523.  610541.  610543.  610553.  610559.  610567.
  610579.  610583.  610619.  610633.]