[ 610639.  610651.  610661.  610667.  610681.  610699.  610703.  610721.
  610733.  610739.  610741.  610763.  610781.  610783.  610787.  610801.
  610817.  610823.  610829.  610837.  610843.  610847.  610849.  610867.
  610877.  610879.  610891.  610913.  610919.  610921.  610933.  610957.
  610969.  610993.  611011.  611027.  611033.  611057.  611069.  611071.
  611081.  611101.  611111.  611113.  611131.  611137.  611147.  611189.
  611207.  611213.  611257.  611263.  611279.  611293.  611297.  611323.
  611333.  611389.  611393.  611411.  611419.  611441.  611449.  611453.
  611459.  611467.  611483.  611497.  611531.  611543.  611549.  611551.
  611557.  611561.  611587.  611603.  611621.  611641.  611657.  611671.
  611693.  611707.  611729.  611753.  611791.  611801.  611803.  611827.
  611833.  611837.  611839.  611873.  611879.  611887.  611903.  611921.
  611927.  611939.  611951.  611953.]