[ 611957.  611969.  611977.  611993.  611999.  612011.  612023.  612037.
  612041.  612043.  612049.  612061.  612067.  612071.  612083.  612107.
  612109.  612113.  612133.  612137.  612149.  612169.  612173.  612181.
  612193.  612217.  612223.  612229.  612259.  612263.  612301.  612307.
  612317.  612319.  612331.  612341.  612349.  612371.  612373.  612377.
  612383.  612401.  612407.  612439.  612481.  612497.  612511.  612553.
  612583.  612589.  612611.  612613.  612637.  612643.  612649.  612671.
  612679.  612713.  612719.  612727.  612737.  612751.  612763.  612791.
  612797.  612809.  612811.  612817.  612823.  612841.  612847.  612853.
  612869.  612877.  612889.  612923.  612929.  612947.  612967.  612971.
  612977.  613007.  613009.  613013.  613049.  613061.  613097.  613099.
  613141.  613153.  613163.  613169.  613177.  613181.  613189.  613199.
  613213.  613219.  613229.  613231.]