[ 619831.  619841.  619849.  619867.  619897.  619909.  619921.  619967.
  619979.  619981.  619987.  619999.  620003.  620029.  620033.  620051.
  620099.  620111.  620117.  620159.  620161.  620171.  620183.  620197.
  620201.  620227.  620233.  620237.  620239.  620251.  620261.  620297.
  620303.  620311.  620317.  620329.  620351.  620359.  620363.  620377.
  620383.  620393.  620401.  620413.  620429.  620437.  620441.  620461.
  620467.  620491.  620507.  620519.  620531.  620549.  620561.  620567.
  620569.  620579.  620603.  620623.  620639.  620647.  620657.  620663.
  620671.  620689.  620693.  620717.  620731.  620743.  620759.  620771.
  620773.  620777.  620813.  620821.  620827.  620831.  620849.  620869.
  620887.  620909.  620911.  620929.  620933.  620947.  620957.  620981.
  620999.  621007.  621013.  621017.  621029.  621031.  621043.  621059.
  621083.  621097.  621113.  621133.]