[ 623929.  623933.  623947.  623957.  623963.  623977.  623983.  623989.
  624007.  624031.  624037.  624047.  624049.  624067.  624089.  624097.
  624119.  624133.  624139.  624149.  624163.  624191.  624199.  624203.
  624209.  624229.  624233.  624241.  624251.  624259.  624271.  624277.
  624311.  624313.  624319.  624329.  624331.  624347.  624391.  624401.
  624419.  624443.  624451.  624467.  624469.  624479.  624487.  624497.
  624509.  624517.  624521.  624539.  624541.  624577.  624593.  624599.
  624601.  624607.  624643.  624649.  624667.  624683.  624707.  624709.
  624721.  624727.  624731.  624737.  624763.  624769.  624787.  624791.
  624797.  624803.  624809.  624829.  624839.  624847.  624851.  624859.
  624917.  624961.  624973.  624977.  624983.  624997.  625007.  625033.
  625057.  625063.  625087.  625103.  625109.  625111.  625129.  625133.
  625169.  625171.  625181.  625187.]