[ 625199.  625213.  625231.  625237.  625253.  625267.  625279.  625283.
  625307.  625319.  625343.  625351.  625367.  625369.  625397.  625409.
  625451.  625477.  625483.  625489.  625507.  625517.  625529.  625543.
  625589.  625591.  625609.  625621.  625627.  625631.  625637.  625643.
  625657.  625661.  625663.  625697.  625699.  625763.  625777.  625789.
  625811.  625819.  625831.  625837.  625861.  625871.  625883.  625909.
  625913.  625927.  625939.  625943.  625969.  625979.  625997.  626009.
  626011.  626033.  626051.  626063.  626113.  626117.  626147.  626159.
  626173.  626177.  626189.  626191.  626201.  626207.  626239.  626251.
  626261.  626317.  626323.  626333.  626341.  626347.  626363.  626377.
  626389.  626393.  626443.  626477.  626489.  626519.  626533.  626539.
  626581.  626597.  626599.  626609.  626611.  626617.  626621.  626623.
  626627.  626629.  626663.  626683.]