[ 626687.  626693.  626701.  626711.  626713.  626723.  626741.  626749.
  626761.  626771.  626783.  626797.  626809.  626833.  626837.  626861.
  626887.  626917.  626921.  626929.  626947.  626953.  626959.  626963.
  626987.  627017.  627041.  627059.  627071.  627073.  627083.  627089.
  627091.  627101.  627119.  627131.  627139.  627163.  627169.  627191.
  627197.  627217.  627227.  627251.  627257.  627269.  627271.  627293.
  627301.  627329.  627349.  627353.  627377.  627379.  627383.  627391.
  627433.  627449.  627479.  627481.  627491.  627511.  627541.  627547.
  627559.  627593.  627611.  627617.  627619.  627637.  627643.  627659.
  627661.  627667.  627673.  627709.  627721.  627733.  627749.  627773.
  627787.  627791.  627797.  627799.  627811.  627841.  627859.  627901.
  627911.  627919.  627943.  627947.  627953.  627961.  627973.  628013.
  628021.  628037.  628049.  628051.]