[ 62791.  62801.  62819.  62827.  62851.  62861.  62869.  62873.  62897.
  62903.  62921.  62927.  62929.  62939.  62969.  62971.  62981.  62983.
  62987.  62989.  63029.  63031.  63059.  63067.  63073.  63079.  63097.
  63103.  63113.  63127.  63131.  63149.  63179.  63197.  63199.  63211.
  63241.  63247.  63277.  63281.  63299.  63311.  63313.  63317.  63331.
  63337.  63347.  63353.  63361.  63367.  63377.  63389.  63391.  63397.
  63409.  63419.  63421.  63439.  63443.  63463.  63467.  63473.  63487.
  63493.  63499.  63521.  63527.  63533.  63541.  63559.  63577.  63587.
  63589.  63599.  63601.  63607.  63611.  63617.  63629.  63647.  63649.
  63659.  63667.  63671.  63689.  63691.  63697.  63703.  63709.  63719.
  63727.  63737.  63743.  63761.  63773.  63781.  63793.  63799.  63803.
  63809.]