[ 628057.  628063.  628093.  628097.  628127.  628139.  628171.  628183.
  628189.  628193.  628207.  628213.  628217.  628219.  628231.  628261.
  628267.  628289.  628301.  628319.  628357.  628363.  628373.  628379.
  628391.  628399.  628423.  628427.  628447.  628477.  628487.  628493.
  628499.  628547.  628561.  628583.  628591.  628651.  628673.  628679.
  628681.  628687.  628699.  628709.  628721.  628753.  628757.  628759.
  628781.  628783.  628787.  628799.  628801.  628811.  628819.  628841.
  628861.  628877.  628909.  628913.  628921.  628937.  628939.  628973.
  628993.  628997.  629003.  629009.  629011.  629023.  629029.  629059.
  629081.  629113.  629137.  629143.  629171.  629177.  629203.  629243.
  629249.  629263.  629281.  629311.  629339.  629341.  629351.  629371.
  629381.  629383.  629401.  629411.  629417.  629429.  629449.  629467.
  629483.  629491.  629509.  629513.]