[ 629537.  629567.  629569.  629591.  629593.  629609.  629611.  629617.
  629623.  629653.  629683.  629687.  629689.  629701.  629711.  629723.
  629737.  629743.  629747.  629767.  629773.  629779.  629803.  629807.
  629819.  629843.  629857.  629861.  629873.  629891.  629897.  629899.
  629903.  629921.  629927.  629929.  629939.  629963.  629977.  629987.
  629989.  630017.  630023.  630029.  630043.  630067.  630101.  630107.
  630127.  630151.  630163.  630167.  630169.  630181.  630193.  630197.
  630229.  630247.  630263.  630281.  630299.  630307.  630319.  630349.
  630353.  630391.  630433.  630451.  630467.  630473.  630481.  630493.
  630521.  630523.  630529.  630559.  630577.  630583.  630587.  630589.
  630593.  630607.  630613.  630659.  630677.  630689.  630701.  630709.
  630713.  630719.  630733.  630737.  630797.  630803.  630823.  630827.
  630841.  630863.  630871.  630893.]