[ 632147.  632153.  632189.  632209.  632221.  632227.  632231.  632251.
  632257.  632267.  632273.  632297.  632299.  632321.  632323.  632327.
  632329.  632347.  632351.  632353.  632363.  632371.  632381.  632389.
  632393.  632447.  632459.  632473.  632483.  632497.  632501.  632503.
  632521.  632557.  632561.  632591.  632609.  632623.  632627.  632629.
  632647.  632669.  632677.  632683.  632699.  632713.  632717.  632743.
  632747.  632773.  632777.  632813.  632839.  632843.  632851.  632857.
  632881.  632897.  632911.  632923.  632939.  632941.  632971.  632977.
  632987.  632993.  633001.  633013.  633037.  633053.  633067.  633079.
  633091.  633133.  633151.  633161.  633187.  633197.  633209.  633221.
  633253.  633257.  633263.  633271.  633287.  633307.  633317.  633337.
  633359.  633377.  633379.  633383.  633401.  633407.  633427.  633449.
  633461.  633463.  633467.  633469.]