[ 634759.  634793.  634807.  634817.  634841.  634853.  634859.  634861.
  634871.  634891.  634901.  634903.  634927.  634937.  634939.  634943.
  634969.  634979.  635003.  635021.  635039.  635051.  635057.  635087.
  635119.  635147.  635149.  635197.  635203.  635207.  635249.  635251.
  635263.  635267.  635279.  635287.  635291.  635293.  635309.  635317.
  635333.  635339.  635347.  635351.  635353.  635359.  635363.  635387.
  635389.  635413.  635423.  635431.  635441.  635449.  635461.  635471.
  635483.  635507.  635519.  635527.  635533.  635563.  635567.  635599.
  635603.  635617.  635639.  635653.  635659.  635689.  635707.  635711.
  635729.  635731.  635737.  635777.  635801.  635809.  635813.  635821.
  635837.  635849.  635867.  635879.  635891.  635893.  635909.  635917.
  635923.  635939.  635959.  635969.  635977.  635981.  635983.  635989.
  636017.  636023.  636043.  636059.]