[ 636061.  636071.  636073.  636107.  636109.  636133.  636137.  636149.
  636193.  636211.  636217.  636241.  636247.  636257.  636263.  636277.
  636283.  636287.  636301.  636313.  636319.  636331.  636343.  636353.
  636359.  636403.  636407.  636409.  636421.  636469.  636473.  636499.
  636533.  636539.  636541.  636547.  636553.  636563.  636569.  636613.
  636619.  636631.  636653.  636673.  636697.  636719.  636721.  636731.
  636739.  636749.  636761.  636763.  636773.  636781.  636809.  636817.
  636821.  636829.  636851.  636863.  636877.  636917.  636919.  636931.
  636947.  636953.  636967.  636983.  636997.  637001.  637003.  637067.
  637073.  637079.  637097.  637129.  637139.  637157.  637163.  637171.
  637199.  637201.  637229.  637243.  637271.  637277.  637283.  637291.
  637297.  637309.  637319.  637321.  637327.  637337.  637339.  637349.
  637369.  637379.  637409.  637421.]