[ 63823.  63839.  63841.  63853.  63857.  63863.  63901.  63907.  63913.
  63929.  63949.  63977.  63997.  64007.  64013.  64019.  64033.  64037.
  64063.  64067.  64081.  64091.  64109.  64123.  64151.  64153.  64157.
  64171.  64187.  64189.  64217.  64223.  64231.  64237.  64271.  64279.
  64283.  64301.  64303.  64319.  64327.  64333.  64373.  64381.  64399.
  64403.  64433.  64439.  64451.  64453.  64483.  64489.  64499.  64513.
  64553.  64567.  64577.  64579.  64591.  64601.  64609.  64613.  64621.
  64627.  64633.  64661.  64663.  64667.  64679.  64693.  64709.  64717.
  64747.  64763.  64781.  64783.  64793.  64811.  64817.  64849.  64853.
  64871.  64877.  64879.  64891.  64901.  64919.  64921.  64927.  64937.
  64951.  64969.  64997.  65003.  65011.  65027.  65029.  65033.  65053.
  65063.]