[ 638993.  638999.  639007.  639011.  639043.  639049.  639053.  639083.
  639091.  639137.  639143.  639151.  639157.  639167.  639169.  639181.
  639211.  639253.  639257.  639259.  639263.  639269.  639299.  639307.
  639311.  639329.  639337.  639361.  639371.  639391.  639433.  639439.
  639451.  639487.  639491.  639493.  639511.  639517.  639533.  639547.
  639563.  639571.  639577.  639589.  639599.  639601.  639631.  639637.
  639647.  639671.  639677.  639679.  639689.  639697.  639701.  639703.
  639713.  639719.  639731.  639739.  639757.  639833.  639839.  639851.
  639853.  639857.  639907.  639911.  639937.  639941.  639949.  639959.
  639983.  639997.  640007.  640009.  640019.  640027.  640039.  640043.
  640049.  640061.  640069.  640099.  640109.  640121.  640127.  640139.
  640151.  640153.  640163.  640193.  640219.  640223.  640229.  640231.
  640247.  640249.  640259.  640261.]