[ 640267.  640279.  640303.  640307.  640333.  640363.  640369.  640411.
  640421.  640457.  640463.  640477.  640483.  640499.  640529.  640531.
  640579.  640583.  640589.  640613.  640621.  640631.  640649.  640663.
  640667.  640669.  640687.  640691.  640727.  640733.  640741.  640771.
  640777.  640793.  640837.  640847.  640853.  640859.  640873.  640891.
  640901.  640907.  640919.  640933.  640943.  640949.  640957.  640963.
  640967.  640973.  640993.  641051.  641057.  641077.  641083.  641089.
  641093.  641101.  641129.  641131.  641143.  641167.  641197.  641203.
  641213.  641227.  641239.  641261.  641279.  641287.  641299.  641317.
  641327.  641371.  641387.  641411.  641413.  641419.  641437.  641441.
  641453.  641467.  641471.  641479.  641491.  641513.  641519.  641521.
  641549.  641551.  641579.  641581.  641623.  641633.  641639.  641681.
  641701.  641713.  641747.  641749.]