[ 644489.  644491.  644507.  644513.  644519.  644531.  644549.  644557.
  644563.  644569.  644593.  644597.  644599.  644617.  644629.  644647.
  644653.  644669.  644671.  644687.  644701.  644717.  644729.  644731.
  644747.  644753.  644767.  644783.  644789.  644797.  644801.  644837.
  644843.  644857.  644863.  644867.  644869.  644881.  644899.  644909.
  644911.  644923.  644933.  644951.  644977.  644999.  645011.  645013.
  645019.  645023.  645037.  645041.  645049.  645067.  645077.  645083.
  645091.  645097.  645131.  645137.  645149.  645179.  645187.  645233.
  645257.  645313.  645329.  645347.  645353.  645367.  645383.  645397.
  645409.  645419.  645431.  645433.  645443.  645467.  645481.  645493.
  645497.  645499.  645503.  645521.  645527.  645529.  645571.  645577.
  645581.  645583.  645599.  645611.  645629.  645641.  645647.  645649.
  645661.  645683.  645691.  645703.]