[ 645713.  645727.  645737.  645739.  645751.  645763.  645787.  645803.
  645833.  645839.  645851.  645857.  645877.  645889.  645893.  645901.
  645907.  645937.  645941.  645973.  645979.  646003.  646013.  646027.
  646039.  646067.  646073.  646099.  646103.  646147.  646157.  646159.
  646169.  646181.  646183.  646189.  646193.  646199.  646237.  646253.
  646259.  646267.  646271.  646273.  646291.  646301.  646307.  646309.
  646339.  646379.  646397.  646403.  646411.  646421.  646423.  646433.
  646453.  646519.  646523.  646537.  646543.  646549.  646571.  646573.
  646577.  646609.  646619.  646631.  646637.  646643.  646669.  646687.
  646721.  646757.  646771.  646781.  646823.  646831.  646837.  646843.
  646859.  646873.  646879.  646883.  646889.  646897.  646909.  646913.
  646927.  646937.  646957.  646979.  646981.  646991.  646993.  647011.
  647033.  647039.  647047.  647057.]