[ 648289.  648293.  648317.  648331.  648341.  648343.  648371.  648377.
  648379.  648383.  648391.  648433.  648437.  648449.  648481.  648509.
  648563.  648607.  648617.  648619.  648629.  648631.  648649.  648653.
  648671.  648677.  648689.  648709.  648719.  648731.  648763.  648779.
  648803.  648841.  648859.  648863.  648871.  648887.  648889.  648911.
  648917.  648931.  648937.  648953.  648961.  648971.  648997.  649001.
  649007.  649039.  649063.  649069.  649073.  649079.  649081.  649087.
  649093.  649123.  649141.  649147.  649151.  649157.  649183.  649217.
  649261.  649273.  649277.  649279.  649283.  649291.  649307.  649321.
  649361.  649379.  649381.  649403.  649421.  649423.  649427.  649457.
  649469.  649471.  649483.  649487.  649499.  649501.  649507.  649511.
  649529.  649541.  649559.  649567.  649573.  649577.  649613.  649619.
  649631.  649633.  649639.  649643.]