[ 649651.  649657.  649661.  649697.  649709.  649717.  649739.  649751.
  649769.  649771.  649777.  649783.  649787.  649793.  649799.  649801.
  649813.  649829.  649843.  649849.  649867.  649871.  649877.  649879.
  649897.  649907.  649921.  649937.  649969.  649981.  649991.  650011.
  650017.  650059.  650071.  650081.  650099.  650107.  650179.  650183.
  650189.  650213.  650227.  650261.  650269.  650281.  650291.  650317.
  650327.  650329.  650347.  650359.  650387.  650401.  650413.  650449.
  650477.  650479.  650483.  650519.  650537.  650543.  650549.  650563.
  650567.  650581.  650591.  650599.  650609.  650623.  650627.  650669.
  650701.  650759.  650761.  650779.  650813.  650821.  650827.  650833.
  650851.  650861.  650863.  650869.  650873.  650911.  650917.  650927.
  650933.  650953.  650971.  650987.  651017.  651019.  651029.  651043.
  651067.  651071.  651097.  651103.]