[ 651109.  651127.  651139.  651143.  651169.  651179.  651181.  651191.
  651193.  651221.  651223.  651239.  651247.  651251.  651257.  651271.
  651281.  651289.  651293.  651323.  651331.  651347.  651361.  651397.
  651401.  651437.  651439.  651461.  651473.  651481.  651487.  651503.
  651509.  651517.  651587.  651617.  651641.  651647.  651649.  651667.
  651683.  651689.  651697.  651727.  651731.  651733.  651767.  651769.
  651793.  651803.  651809.  651811.  651821.  651839.  651841.  651853.
  651857.  651863.  651869.  651877.  651881.  651901.  651913.  651943.
  651971.  651997.  652019.  652033.  652039.  652063.  652079.  652081.
  652087.  652117.  652121.  652153.  652189.  652207.  652217.  652229.
  652237.  652241.  652243.  652261.  652279.  652283.  652291.  652319.
  652321.  652331.  652339.  652343.  652357.  652361.  652369.  652373.
  652381.  652411.  652417.  652429.]