[ 655013.  655021.  655033.  655037.  655043.  655069.  655087.  655103.
  655111.  655121.  655157.  655181.  655211.  655219.  655223.  655229.
  655241.  655243.  655261.  655267.  655273.  655283.  655289.  655301.
  655331.  655337.  655351.  655357.  655373.  655379.  655387.  655399.
  655439.  655453.  655471.  655489.  655507.  655511.  655517.  655531.
  655541.  655547.  655559.  655561.  655579.  655583.  655597.  655601.
  655637.  655643.  655649.  655651.  655657.  655687.  655693.  655717.
  655723.  655727.  655757.  655807.  655847.  655849.  655859.  655883.
  655901.  655909.  655913.  655927.  655943.  655961.  655987.  656023.
  656039.  656063.  656077.  656113.  656119.  656129.  656141.  656147.
  656153.  656171.  656221.  656237.  656263.  656267.  656273.  656291.
  656297.  656303.  656311.  656321.  656323.  656329.  656333.  656347.
  656371.  656377.  656389.  656407.]