[ 657809.  657827.  657841.  657863.  657893.  657911.  657929.  657931.
  657947.  657959.  657973.  657983.  658001.  658043.  658051.  658057.
  658069.  658079.  658111.  658117.  658123.  658127.  658139.  658153.
  658159.  658169.  658187.  658199.  658211.  658219.  658247.  658253.
  658261.  658277.  658279.  658303.  658309.  658319.  658321.  658327.
  658349.  658351.  658367.  658379.  658391.  658403.  658417.  658433.
  658447.  658453.  658477.  658487.  658507.  658547.  658549.  658573.
  658579.  658589.  658591.  658601.  658607.  658613.  658633.  658639.
  658643.  658649.  658663.  658681.  658703.  658751.  658753.  658783.
  658807.  658817.  658831.  658837.  658841.  658871.  658873.  658883.
  658897.  658907.  658913.  658919.  658943.  658961.  658963.  658969.
  658979.  658991.  658997.  659011.  659023.  659047.  659059.  659063.
  659069.  659077.  659101.  659137.]