[ 659159.  659171.  659173.  659177.  659189.  659221.  659231.  659237.
  659251.  659279.  659299.  659317.  659327.  659333.  659353.  659371.
  659419.  659423.  659437.  659453.  659467.  659473.  659497.  659501.
  659513.  659521.  659531.  659539.  659563.  659569.  659591.  659597.
  659609.  659611.  659621.  659629.  659639.  659653.  659657.  659669.
  659671.  659689.  659693.  659713.  659723.  659741.  659759.  659761.
  659783.  659819.  659831.  659843.  659849.  659863.  659873.  659881.
  659899.  659917.  659941.  659947.  659951.  659963.  659983.  659999.
  660001.  660013.  660029.  660047.  660053.  660061.  660067.  660071.
  660073.  660097.  660103.  660119.  660131.  660137.  660157.  660167.
  660181.  660197.  660199.  660217.  660227.  660241.  660251.  660271.
  660277.  660281.  660299.  660329.  660337.  660347.  660349.  660367.
  660377.  660379.  660391.  660403.]