[ 660409.  660449.  660493.  660503.  660509.  660521.  660529.  660547.
  660557.  660559.  660563.  660589.  660593.  660599.  660601.  660607.
  660617.  660619.  660643.  660659.  660661.  660683.  660719.  660727.
  660731.  660733.  660757.  660769.  660787.  660791.  660799.  660809.
  660811.  660817.  660833.  660851.  660853.  660887.  660893.  660899.
  660901.  660917.  660923.  660941.  660949.  660973.  660983.  661009.
  661019.  661027.  661049.  661061.  661091.  661093.  661097.  661099.
  661103.  661109.  661117.  661121.  661139.  661183.  661187.  661189.
  661201.  661217.  661231.  661237.  661253.  661259.  661267.  661321.
  661327.  661343.  661361.  661373.  661393.  661417.  661421.  661439.
  661459.  661477.  661481.  661483.  661513.  661517.  661541.  661547.
  661553.  661603.  661607.  661613.  661621.  661663.  661673.  661679.
  661697.  661721.  661741.  661769.]