[ 675179.  675187.  675197.  675221.  675239.  675247.  675251.  675253.
  675263.  675271.  675299.  675313.  675319.  675341.  675347.  675391.
  675407.  675413.  675419.  675449.  675457.  675463.  675481.  675511.
  675539.  675541.  675551.  675553.  675559.  675569.  675581.  675593.
  675601.  675607.  675611.  675617.  675629.  675643.  675713.  675739.
  675743.  675751.  675781.  675797.  675817.  675823.  675827.  675839.
  675841.  675859.  675863.  675877.  675881.  675889.  675923.  675929.
  675931.  675959.  675973.  675977.  675979.  676007.  676009.  676031.
  676037.  676043.  676051.  676057.  676061.  676069.  676099.  676103.
  676111.  676129.  676147.  676171.  676211.  676217.  676219.  676241.
  676253.  676259.  676279.  676289.  676297.  676337.  676339.  676349.
  676363.  676373.  676387.  676391.  676409.  676411.  676421.  676427.
  676463.  676469.  676493.  676523.]