[ 676573.  676589.  676597.  676601.  676649.  676661.  676679.  676703.
  676717.  676721.  676727.  676733.  676747.  676751.  676763.  676771.
  676807.  676829.  676859.  676861.  676883.  676891.  676903.  676909.
  676919.  676927.  676931.  676937.  676943.  676961.  676967.  676979.
  676981.  676987.  676993.  677011.  677021.  677029.  677041.  677057.
  677077.  677081.  677107.  677111.  677113.  677119.  677147.  677167.
  677177.  677213.  677227.  677231.  677233.  677239.  677309.  677311.
  677321.  677323.  677333.  677357.  677371.  677387.  677423.  677441.
  677447.  677459.  677461.  677471.  677473.  677531.  677533.  677539.
  677543.  677561.  677563.  677587.  677627.  677639.  677647.  677657.
  677681.  677683.  677687.  677717.  677737.  677767.  677779.  677783.
  677791.  677813.  677827.  677857.  677891.  677927.  677947.  677953.
  677959.  677983.  678023.  678037.]