[ 678047.  678061.  678077.  678101.  678103.  678133.  678157.  678169.
  678179.  678191.  678199.  678203.  678211.  678217.  678221.  678229.
  678253.  678289.  678299.  678329.  678341.  678343.  678367.  678371.
  678383.  678401.  678407.  678409.  678413.  678421.  678437.  678451.
  678463.  678479.  678481.  678493.  678499.  678533.  678541.  678553.
  678563.  678577.  678581.  678593.  678599.  678607.  678611.  678631.
  678637.  678641.  678647.  678649.  678653.  678659.  678719.  678721.
  678731.  678739.  678749.  678757.  678761.  678763.  678767.  678773.
  678779.  678809.  678823.  678829.  678833.  678859.  678871.  678883.
  678901.  678907.  678941.  678943.  678949.  678959.  678971.  678989.
  679033.  679037.  679039.  679051.  679067.  679087.  679111.  679123.
  679127.  679153.  679157.  679169.  679171.  679183.  679207.  679219.
  679223.  679229.  679249.  679277.]