[ 691343.  691349.  691363.  691381.  691399.  691409.  691433.  691451.
  691463.  691489.  691499.  691531.  691553.  691573.  691583.  691589.
  691591.  691631.  691637.  691651.  691661.  691681.  691687.  691693.
  691697.  691709.  691721.  691723.  691727.  691729.  691739.  691759.
  691763.  691787.  691799.  691813.  691829.  691837.  691841.  691843.
  691871.  691877.  691891.  691897.  691903.  691907.  691919.  691921.
  691931.  691949.  691973.  691979.  691991.  691997.  692009.  692017.
  692051.  692059.  692063.  692071.  692089.  692099.  692117.  692141.
  692147.  692149.  692161.  692191.  692221.  692239.  692249.  692269.
  692273.  692281.  692287.  692297.  692299.  692309.  692327.  692333.
  692347.  692353.  692371.  692387.  692389.  692399.  692401.  692407.
  692413.  692423.  692431.  692441.  692453.  692459.  692467.  692513.
  692521.  692537.  692539.  692543.]