[ 693943.  693961.  693967.  693989.  694019.  694033.  694039.  694061.
  694069.  694079.  694081.  694087.  694091.  694123.  694189.  694193.
  694201.  694207.  694223.  694259.  694261.  694271.  694273.  694277.
  694313.  694319.  694327.  694333.  694339.  694349.  694357.  694361.
  694367.  694373.  694381.  694387.  694391.  694409.  694427.  694457.
  694471.  694481.  694483.  694487.  694511.  694513.  694523.  694541.
  694549.  694559.  694567.  694571.  694591.  694597.  694609.  694619.
  694633.  694649.  694651.  694717.  694721.  694747.  694763.  694781.
  694783.  694789.  694829.  694831.  694867.  694871.  694873.  694879.
  694901.  694919.  694951.  694957.  694979.  694987.  694997.  694999.
  695003.  695017.  695021.  695047.  695059.  695069.  695081.  695087.
  695089.  695099.  695111.  695117.  695131.  695141.  695171.  695207.
  695239.  695243.  695257.  695263.]