[ 695269.  695281.  695293.  695297.  695309.  695323.  695327.  695329.
  695347.  695369.  695371.  695377.  695389.  695407.  695411.  695441.
  695447.  695467.  695477.  695491.  695503.  695509.  695561.  695567.
  695573.  695581.  695593.  695599.  695603.  695621.  695627.  695641.
  695659.  695663.  695677.  695687.  695689.  695701.  695719.  695743.
  695749.  695771.  695777.  695791.  695801.  695809.  695839.  695843.
  695867.  695873.  695879.  695881.  695899.  695917.  695927.  695939.
  695999.  696019.  696053.  696061.  696067.  696077.  696079.  696083.
  696107.  696109.  696119.  696149.  696181.  696239.  696253.  696257.
  696263.  696271.  696281.  696313.  696317.  696323.  696343.  696349.
  696359.  696361.  696373.  696379.  696403.  696413.  696427.  696433.
  696457.  696481.  696491.  696497.  696503.  696517.  696523.  696533.
  696547.  696569.  696607.  696611.]