[ 696617.  696623.  696629.  696653.  696659.  696679.  696691.  696719.
  696721.  696737.  696743.  696757.  696763.  696793.  696809.  696811.
  696823.  696827.  696833.  696851.  696853.  696887.  696889.  696893.
  696907.  696929.  696937.  696961.  696989.  696991.  697009.  697013.
  697019.  697033.  697049.  697063.  697069.  697079.  697087.  697093.
  697111.  697121.  697127.  697133.  697141.  697157.  697181.  697201.
  697211.  697217.  697259.  697261.  697267.  697271.  697303.  697327.
  697351.  697373.  697379.  697381.  697387.  697397.  697399.  697409.
  697423.  697441.  697447.  697453.  697457.  697481.  697507.  697511.
  697513.  697519.  697523.  697553.  697579.  697583.  697591.  697601.
  697603.  697637.  697643.  697673.  697681.  697687.  697691.  697693.
  697703.  697727.  697729.  697733.  697757.  697759.  697787.  697819.
  697831.  697877.  697891.  697897.]