[ 697909.  697913.  697937.  697951.  697967.  697973.  697979.  697993.
  697999.  698017.  698021.  698039.  698051.  698053.  698077.  698083.
  698111.  698171.  698183.  698239.  698249.  698251.  698261.  698263.
  698273.  698287.  698293.  698297.  698311.  698329.  698339.  698359.
  698371.  698387.  698393.  698413.  698417.  698419.  698437.  698447.
  698471.  698483.  698491.  698507.  698521.  698527.  698531.  698539.
  698543.  698557.  698567.  698591.  698641.  698653.  698669.  698701.
  698713.  698723.  698729.  698773.  698779.  698821.  698827.  698849.
  698891.  698899.  698903.  698923.  698939.  698977.  698983.  699001.
  699007.  699037.  699053.  699059.  699073.  699077.  699089.  699113.
  699119.  699133.  699151.  699157.  699169.  699187.  699191.  699197.
  699211.  699217.  699221.  699241.  699253.  699271.  699287.  699289.
  699299.  699319.  699323.  699343.]