[ 699367.  699373.  699379.  699383.  699401.  699427.  699437.  699443.
  699449.  699463.  699469.  699493.  699511.  699521.  699527.  699529.
  699539.  699541.  699557.  699571.  699581.  699617.  699631.  699641.
  699649.  699697.  699709.  699719.  699733.  699757.  699761.  699767.
  699791.  699793.  699817.  699823.  699863.  699931.  699943.  699947.
  699953.  699961.  699967.  700001.  700027.  700057.  700067.  700079.
  700081.  700087.  700099.  700103.  700109.  700127.  700129.  700171.
  700199.  700201.  700211.  700223.  700229.  700237.  700241.  700277.
  700279.  700303.  700307.  700319.  700331.  700339.  700361.  700363.
  700367.  700387.  700391.  700393.  700423.  700429.  700433.  700459.
  700471.  700499.  700523.  700537.  700561.  700571.  700573.  700577.
  700591.  700597.  700627.  700633.  700639.  700643.  700673.  700681.
  700703.  700717.  700751.  700759.]