[ 703411.  703441.  703447.  703459.  703463.  703471.  703489.  703499.
  703531.  703537.  703559.  703561.  703631.  703643.  703657.  703663.
  703673.  703679.  703691.  703699.  703709.  703711.  703721.  703733.
  703753.  703763.  703789.  703819.  703837.  703849.  703861.  703873.
  703883.  703897.  703903.  703907.  703943.  703949.  703957.  703981.
  703991.  704003.  704009.  704017.  704023.  704027.  704029.  704059.
  704069.  704087.  704101.  704111.  704117.  704131.  704141.  704153.
  704161.  704177.  704183.  704189.  704213.  704219.  704233.  704243.
  704251.  704269.  704279.  704281.  704287.  704299.  704303.  704309.
  704321.  704357.  704393.  704399.  704419.  704441.  704447.  704449.
  704453.  704461.  704477.  704507.  704521.  704527.  704549.  704551.
  704567.  704569.  704579.  704581.  704593.  704603.  704617.  704647.
  704657.  704663.  704681.  704687.]