[ 707341.  707359.  707383.  707407.  707429.  707431.  707437.  707459.
  707467.  707501.  707527.  707543.  707561.  707563.  707573.  707627.
  707633.  707647.  707653.  707669.  707671.  707677.  707683.  707689.
  707711.  707717.  707723.  707747.  707753.  707767.  707789.  707797.
  707801.  707813.  707827.  707831.  707849.  707857.  707869.  707873.
  707887.  707911.  707923.  707929.  707933.  707939.  707951.  707953.
  707957.  707969.  707981.  707983.  708007.  708011.  708017.  708023.
  708031.  708041.  708047.  708049.  708053.  708061.  708091.  708109.
  708119.  708131.  708137.  708139.  708161.  708163.  708179.  708199.
  708221.  708223.  708229.  708251.  708269.  708283.  708287.  708293.
  708311.  708329.  708343.  708347.  708353.  708359.  708361.  708371.
  708403.  708437.  708457.  708473.  708479.  708481.  708493.  708497.
  708517.  708527.  708559.  708563.]