[ 713939.  713941.  713957.  713981.  713987.  714029.  714037.  714061.
  714073.  714107.  714113.  714139.  714143.  714151.  714163.  714169.
  714199.  714223.  714227.  714247.  714257.  714283.  714341.  714349.
  714361.  714377.  714443.  714463.  714479.  714481.  714487.  714503.
  714509.  714517.  714521.  714529.  714551.  714557.  714563.  714569.
  714577.  714601.  714619.  714673.  714677.  714691.  714719.  714739.
  714751.  714773.  714781.  714787.  714797.  714809.  714827.  714839.
  714841.  714851.  714853.  714869.  714881.  714887.  714893.  714907.
  714911.  714919.  714943.  714947.  714949.  714971.  714991.  715019.
  715031.  715049.  715063.  715069.  715073.  715087.  715109.  715123.
  715151.  715153.  715157.  715159.  715171.  715189.  715193.  715223.
  715229.  715237.  715243.  715249.  715259.  715289.  715301.  715303.
  715313.  715339.  715357.  715361.]