[ 718187.  718241.  718259.  718271.  718303.  718321.  718331.  718337.
  718343.  718349.  718357.  718379.  718381.  718387.  718391.  718411.
  718423.  718427.  718433.  718453.  718457.  718463.  718493.  718511.
  718513.  718541.  718547.  718559.  718579.  718603.  718621.  718633.
  718657.  718661.  718691.  718703.  718717.  718723.  718741.  718747.
  718759.  718801.  718807.  718813.  718841.  718847.  718871.  718897.
  718901.  718919.  718931.  718937.  718943.  718973.  718999.  719009.
  719011.  719027.  719041.  719057.  719063.  719071.  719101.  719119.
  719143.  719149.  719153.  719167.  719177.  719179.  719183.  719189.
  719197.  719203.  719227.  719237.  719239.  719267.  719281.  719297.
  719333.  719351.  719353.  719377.  719393.  719413.  719419.  719441.
  719447.  719483.  719503.  719533.  719557.  719567.  719569.  719573.
  719597.  719599.  719633.  719639.]