[ 719659.  719671.  719681.  719683.  719689.  719699.  719713.  719717.
  719723.  719731.  719749.  719753.  719773.  719779.  719791.  719801.
  719813.  719821.  719833.  719839.  719893.  719903.  719911.  719941.
  719947.  719951.  719959.  719981.  719989.  720007.  720019.  720023.
  720053.  720059.  720089.  720091.  720101.  720127.  720133.  720151.
  720173.  720179.  720193.  720197.  720211.  720221.  720229.  720241.
  720253.  720257.  720281.  720283.  720289.  720299.  720301.  720311.
  720319.  720359.  720361.  720367.  720373.  720397.  720403.  720407.
  720413.  720439.  720481.  720491.  720497.  720527.  720547.  720569.
  720571.  720607.  720611.  720617.  720619.  720653.  720661.  720677.
  720683.  720697.  720703.  720743.  720763.  720767.  720773.  720779.
  720791.  720793.  720829.  720847.  720857.  720869.  720877.  720887.
  720899.  720901.  720913.  720931.]