[ 720943.  720947.  720961.  720971.  720983.  720991.  720997.  721003.
  721013.  721037.  721043.  721051.  721057.  721079.  721087.  721109.
  721111.  721117.  721129.  721139.  721141.  721159.  721163.  721169.
  721177.  721181.  721199.  721207.  721213.  721219.  721223.  721229.
  721243.  721261.  721267.  721283.  721291.  721307.  721319.  721321.
  721333.  721337.  721351.  721363.  721379.  721381.  721387.  721397.
  721439.  721451.  721481.  721499.  721529.  721547.  721561.  721571.
  721577.  721597.  721613.  721619.  721621.  721631.  721661.  721663.
  721687.  721697.  721703.  721709.  721733.  721739.  721783.  721793.
  721843.  721849.  721859.  721883.  721891.  721909.  721921.  721951.
  721961.  721979.  721991.  721997.  722011.  722023.  722027.  722047.
  722063.  722069.  722077.  722093.  722119.  722123.  722147.  722149.
  722153.  722159.  722167.  722173.]