[ 722213.  722237.  722243.  722257.  722273.  722287.  722291.  722299.
  722311.  722317.  722321.  722333.  722341.  722353.  722363.  722369.
  722377.  722389.  722411.  722417.  722431.  722459.  722467.  722479.
  722489.  722509.  722521.  722537.  722539.  722563.  722581.  722599.
  722611.  722633.  722639.  722663.  722669.  722713.  722723.  722737.
  722749.  722783.  722791.  722797.  722807.  722819.  722833.  722849.
  722881.  722899.  722903.  722921.  722933.  722963.  722971.  722977.
  722983.  723029.  723031.  723043.  723049.  723053.  723067.  723071.
  723089.  723101.  723103.  723109.  723113.  723119.  723127.  723133.
  723157.  723161.  723167.  723169.  723181.  723193.  723209.  723221.
  723227.  723257.  723259.  723263.  723269.  723271.  723287.  723293.
  723319.  723337.  723353.  723361.  723379.  723391.  723407.  723409.
  723413.  723421.  723439.  723451.]