[ 723467.  723473.  723479.  723491.  723493.  723529.  723551.  723553.
  723559.  723563.  723587.  723589.  723601.  723607.  723617.  723623.
  723661.  723721.  723727.  723739.  723761.  723791.  723797.  723799.
  723803.  723823.  723829.  723839.  723851.  723857.  723859.  723893.
  723901.  723907.  723913.  723917.  723923.  723949.  723959.  723967.
  723973.  723977.  723997.  724001.  724007.  724021.  724079.  724093.
  724099.  724111.  724117.  724121.  724123.  724153.  724187.  724211.
  724219.  724259.  724267.  724277.  724291.  724303.  724309.  724313.
  724331.  724393.  724403.  724433.  724441.  724447.  724453.  724459.
  724469.  724481.  724487.  724499.  724513.  724517.  724519.  724531.
  724547.  724553.  724567.  724573.  724583.  724597.  724601.  724609.
  724621.  724627.  724631.  724639.  724643.  724651.  724721.  724723.
  724729.  724733.  724747.  724751.]