[ 726157.  726163.  726169.  726181.  726191.  726221.  726287.  726289.
  726301.  726307.  726331.  726337.  726367.  726371.  726377.  726379.
  726391.  726413.  726419.  726431.  726457.  726463.  726469.  726487.
  726497.  726521.  726527.  726533.  726559.  726589.  726599.  726601.
  726611.  726619.  726623.  726629.  726641.  726647.  726659.  726679.
  726689.  726697.  726701.  726707.  726751.  726779.  726787.  726797.
  726809.  726811.  726839.  726841.  726853.  726893.  726899.  726911.
  726917.  726923.  726941.  726953.  726983.  726989.  726991.  727003.
  727009.  727019.  727021.  727049.  727061.  727063.  727079.  727121.
  727123.  727157.  727159.  727169.  727183.  727189.  727201.  727211.
  727241.  727247.  727249.  727261.  727267.  727271.  727273.  727289.
  727297.  727313.  727327.  727343.  727351.  727369.  727399.  727409.
  727427.  727451.  727459.  727471.]