[ 728873.  728881.  728891.  728899.  728911.  728921.  728927.  728929.
  728941.  728947.  728953.  728969.  728971.  728993.  729019.  729023.
  729037.  729041.  729059.  729073.  729139.  729143.  729173.  729187.
  729191.  729199.  729203.  729217.  729257.  729269.  729271.  729293.
  729301.  729329.  729331.  729359.  729367.  729371.  729373.  729389.
  729403.  729413.  729451.  729457.  729473.  729493.  729497.  729503.
  729511.  729527.  729551.  729557.  729559.  729569.  729571.  729577.
  729587.  729601.  729607.  729613.  729637.  729643.  729649.  729661.
  729671.  729679.  729689.  729713.  729719.  729737.  729749.  729761.
  729779.  729787.  729791.  729821.  729851.  729871.  729877.  729907.
  729913.  729919.  729931.  729941.  729943.  729947.  729977.  729979.
  729991.  730003.  730021.  730033.  730049.  730069.  730091.  730111.
  730139.  730157.  730187.  730199.]