[ 731603.  731611.  731623.  731639.  731651.  731681.  731683.  731711.
  731713.  731719.  731729.  731737.  731741.  731761.  731767.  731779.
  731803.  731807.  731821.  731827.  731831.  731839.  731851.  731869.
  731881.  731893.  731909.  731911.  731921.  731923.  731933.  731957.
  731981.  731999.  732023.  732029.  732041.  732073.  732077.  732079.
  732097.  732101.  732133.  732157.  732169.  732181.  732187.  732191.
  732197.  732209.  732211.  732217.  732229.  732233.  732239.  732257.
  732271.  732283.  732287.  732293.  732299.  732311.  732323.  732331.
  732373.  732439.  732449.  732461.  732467.  732491.  732493.  732497.
  732509.  732521.  732533.  732541.  732601.  732617.  732631.  732653.
  732673.  732689.  732703.  732709.  732713.  732731.  732749.  732761.
  732769.  732799.  732817.  732827.  732829.  732833.  732841.  732863.
  732877.  732889.  732911.  732923.]