[ 734273.  734291.  734303.  734329.  734347.  734381.  734389.  734401.
  734411.  734423.  734429.  734431.  734443.  734471.  734473.  734477.
  734479.  734497.  734537.  734543.  734549.  734557.  734567.  734627.
  734647.  734653.  734659.  734663.  734687.  734693.  734707.  734717.
  734729.  734737.  734743.  734759.  734771.  734803.  734807.  734813.
  734819.  734837.  734849.  734869.  734879.  734887.  734897.  734911.
  734933.  734941.  734953.  734957.  734959.  734971.  735001.  735019.
  735043.  735061.  735067.  735071.  735073.  735083.  735107.  735109.
  735113.  735139.  735143.  735157.  735169.  735173.  735181.  735187.
  735193.  735209.  735211.  735239.  735247.  735263.  735271.  735283.
  735307.  735311.  735331.  735337.  735341.  735359.  735367.  735373.
  735389.  735391.  735419.  735421.  735431.  735439.  735443.  735451.
  735461.  735467.  735473.  735479.]