[ 735491.  735529.  735533.  735557.  735571.  735617.  735649.  735653.
  735659.  735673.  735689.  735697.  735719.  735731.  735733.  735739.
  735751.  735781.  735809.  735821.  735829.  735853.  735871.  735877.
  735883.  735901.  735919.  735937.  735949.  735953.  735979.  735983.
  735997.  736007.  736013.  736027.  736037.  736039.  736051.  736061.
  736063.  736091.  736093.  736097.  736111.  736121.  736147.  736159.
  736181.  736187.  736243.  736247.  736249.  736259.  736273.  736277.
  736279.  736357.  736361.  736363.  736367.  736369.  736381.  736387.
  736399.  736403.  736409.  736429.  736433.  736441.  736447.  736469.
  736471.  736511.  736577.  736607.  736639.  736657.  736679.  736691.
  736699.  736717.  736721.  736741.  736787.  736793.  736817.  736823.
  736843.  736847.  736867.  736871.  736889.  736903.  736921.  736927.
  736937.  736951.  736961.  736973.]