[ 738317.  738319.  738341.  738349.  738373.  738379.  738383.  738391.
  738401.  738403.  738421.  738443.  738457.  738469.  738487.  738499.
  738509.  738523.  738539.  738547.  738581.  738583.  738589.  738623.
  738643.  738677.  738707.  738713.  738721.  738743.  738757.  738781.
  738791.  738797.  738811.  738827.  738839.  738847.  738851.  738863.
  738877.  738889.  738917.  738919.  738923.  738937.  738953.  738961.
  738977.  738989.  739003.  739021.  739027.  739031.  739051.  739061.
  739069.  739087.  739099.  739103.  739111.  739117.  739121.  739153.
  739163.  739171.  739183.  739187.  739199.  739201.  739217.  739241.
  739253.  739273.  739283.  739301.  739303.  739307.  739327.  739331.
  739337.  739351.  739363.  739369.  739373.  739379.  739391.  739393.
  739397.  739399.  739433.  739439.  739463.  739469.  739493.  739507.
  739511.  739513.  739523.  739549.]