[ 743837.  743849.  743851.  743881.  743891.  743917.  743921.  743923.
  743933.  743947.  743987.  743989.  744019.  744043.  744071.  744077.
  744083.  744113.  744127.  744137.  744179.  744187.  744199.  744203.
  744221.  744239.  744251.  744253.  744283.  744301.  744313.  744353.
  744371.  744377.  744389.  744391.  744397.  744407.  744409.  744431.
  744451.  744493.  744503.  744511.  744539.  744547.  744559.  744599.
  744607.  744637.  744641.  744649.  744659.  744661.  744677.  744701.
  744707.  744721.  744727.  744739.  744761.  744767.  744791.  744811.
  744817.  744823.  744829.  744833.  744859.  744893.  744911.  744917.
  744941.  744949.  744959.  744977.  745001.  745013.  745027.  745033.
  745037.  745051.  745067.  745103.  745117.  745133.  745141.  745181.
  745187.  745189.  745201.  745231.  745243.  745247.  745249.  745273.
  745301.  745307.  745337.  745343.]