[ 745357.  745369.  745379.  745391.  745397.  745471.  745477.  745517.
  745529.  745531.  745543.  745567.  745573.  745601.  745609.  745621.
  745631.  745649.  745673.  745697.  745699.  745709.  745711.  745727.
  745733.  745741.  745747.  745751.  745753.  745757.  745817.  745837.
  745859.  745873.  745903.  745931.  745933.  745939.  745951.  745973.
  745981.  745993.  745999.  746017.  746023.  746033.  746041.  746047.
  746069.  746099.  746101.  746107.  746117.  746129.  746153.  746167.
  746171.  746177.  746183.  746191.  746197.  746203.  746209.  746227.
  746231.  746233.  746243.  746267.  746287.  746303.  746309.  746329.
  746353.  746363.  746371.  746411.  746413.  746429.  746477.  746479.
  746483.  746497.  746503.  746507.  746509.  746531.  746533.  746561.
  746563.  746597.  746653.  746659.  746671.  746677.  746723.  746737.
  746743.  746747.  746749.  746773.]