[ 746777.  746791.  746797.  746807.  746813.  746839.  746843.  746869.
  746873.  746891.  746899.  746903.  746939.  746951.  746957.  746959.
  746969.  746981.  746989.  747037.  747049.  747053.  747073.  747107.
  747113.  747139.  747157.  747161.  747199.  747203.  747223.  747239.
  747259.  747277.  747283.  747287.  747319.  747323.  747343.  747361.
  747377.  747391.  747401.  747407.  747421.  747427.  747449.  747451.
  747457.  747463.  747493.  747497.  747499.  747521.  747529.  747547.
  747557.  747563.  747583.  747587.  747599.  747611.  747619.  747647.
  747673.  747679.  747713.  747731.  747737.  747743.  747763.  747781.
  747811.  747827.  747829.  747833.  747839.  747841.  747853.  747863.
  747869.  747871.  747889.  747917.  747919.  747941.  747953.  747977.
  747979.  747991.  748003.  748019.  748021.  748039.  748057.  748091.
  748093.  748133.  748169.  748183.]