[ 749431.  749443.  749449.  749453.  749461.  749467.  749471.  749543.
  749557.  749587.  749641.  749653.  749659.  749677.  749701.  749711.
  749729.  749741.  749747.  749761.  749773.  749779.  749803.  749807.
  749809.  749843.  749851.  749863.  749891.  749893.  749899.  749909.
  749923.  749927.  749939.  749941.  749971.  749993.  750019.  750037.
  750059.  750077.  750083.  750097.  750119.  750121.  750131.  750133.
  750137.  750151.  750157.  750161.  750163.  750173.  750179.  750203.
  750209.  750223.  750229.  750287.  750311.  750313.  750353.  750383.
  750401.  750413.  750419.  750437.  750457.  750473.  750487.  750509.
  750517.  750521.  750553.  750571.  750599.  750613.  750641.  750653.
  750661.  750667.  750679.  750691.  750707.  750713.  750719.  750721.
  750749.  750769.  750787.  750791.  750797.  750803.  750809.  750817.
  750829.  750853.  750857.  750863.]