[ 750917.  750929.  750943.  750961.  750977.  750983.  751001.  751007.
  751021.  751027.  751057.  751061.  751087.  751103.  751123.  751133.
  751139.  751141.  751147.  751151.  751181.  751183.  751189.  751193.
  751199.  751207.  751217.  751237.  751259.  751273.  751277.  751291.
  751297.  751301.  751307.  751319.  751321.  751327.  751343.  751351.
  751357.  751363.  751367.  751379.  751411.  751423.  751447.  751453.
  751463.  751481.  751523.  751529.  751549.  751567.  751579.  751609.
  751613.  751627.  751631.  751633.  751637.  751643.  751661.  751669.
  751691.  751711.  751717.  751727.  751739.  751747.  751753.  751759.
  751763.  751787.  751799.  751813.  751823.  751841.  751853.  751867.
  751871.  751879.  751901.  751909.  751913.  751921.  751943.  751957.
  751969.  751987.  751997.  752009.  752023.  752033.  752053.  752083.
  752093.  752107.  752111.  752117.]