[ 752137.  752149.  752177.  752183.  752189.  752197.  752201.  752203.
  752207.  752251.  752263.  752273.  752281.  752287.  752291.  752293.
  752299.  752303.  752351.  752359.  752383.  752413.  752431.  752447.
  752449.  752459.  752483.  752489.  752503.  752513.  752519.  752527.
  752569.  752581.  752593.  752603.  752627.  752639.  752651.  752681.
  752683.  752699.  752701.  752707.  752747.  752771.  752789.  752797.
  752803.  752809.  752819.  752821.  752831.  752833.  752861.  752867.
  752881.  752891.  752903.  752911.  752929.  752933.  752977.  752993.
  753001.  753007.  753019.  753023.  753031.  753079.  753091.  753127.
  753133.  753139.  753143.  753161.  753187.  753191.  753197.  753229.
  753257.  753307.  753329.  753341.  753353.  753367.  753373.  753383.
  753409.  753421.  753427.  753437.  753439.  753461.  753463.  753497.
  753499.  753527.  753547.  753569.]