[ 754811.  754829.  754861.  754877.  754891.  754903.  754907.  754921.
  754931.  754937.  754939.  754967.  754969.  754973.  754979.  754981.
  754991.  754993.  755009.  755033.  755057.  755071.  755077.  755081.
  755087.  755107.  755137.  755143.  755147.  755171.  755173.  755203.
  755213.  755233.  755239.  755257.  755267.  755273.  755309.  755311.
  755317.  755329.  755333.  755351.  755357.  755371.  755387.  755393.
  755399.  755401.  755413.  755437.  755441.  755449.  755473.  755483.
  755509.  755539.  755551.  755561.  755567.  755569.  755593.  755597.
  755617.  755627.  755663.  755681.  755707.  755717.  755719.  755737.
  755759.  755767.  755771.  755789.  755791.  755809.  755813.  755861.
  755863.  755869.  755879.  755899.  755903.  755959.  755969.  755977.
  756011.  756023.  756043.  756053.  756097.  756101.  756127.  756131.
  756139.  756149.  756167.  756179.]