[ 756191.  756199.  756227.  756247.  756251.  756253.  756271.  756281.
  756289.  756293.  756319.  756323.  756331.  756373.  756403.  756419.
  756421.  756433.  756443.  756463.  756467.  756527.  756533.  756541.
  756563.  756571.  756593.  756601.  756607.  756629.  756641.  756649.
  756667.  756673.  756683.  756689.  756703.  756709.  756719.  756727.
  756739.  756773.  756799.  756829.  756839.  756853.  756869.  756881.
  756887.  756919.  756923.  756961.  756967.  756971.  757019.  757039.
  757063.  757067.  757109.  757111.  757151.  757157.  757171.  757181.
  757201.  757241.  757243.  757247.  757259.  757271.  757291.  757297.
  757307.  757319.  757327.  757331.  757343.  757363.  757381.  757387.
  757403.  757409.  757417.  757429.  757433.  757457.  757481.  757487.
  757507.  757513.  757517.  757543.  757553.  757577.  757579.  757583.
  757607.  757633.  757651.  757661.]