[ 757693.  757699.  757709.  757711.  757727.  757751.  757753.  757763.
  757793.  757807.  757811.  757819.  757829.  757879.  757903.  757909.
  757927.  757937.  757943.  757951.  757993.  757997.  758003.  758029.
  758041.  758053.  758071.  758083.  758099.  758101.  758111.  758137.
  758141.  758159.  758179.  758189.  758201.  758203.  758227.  758231.
  758237.  758243.  758267.  758269.  758273.  758279.  758299.  758323.
  758339.  758341.  758357.  758363.  758383.  758393.  758411.  758431.
  758441.  758449.  758453.  758491.  758501.  758503.  758519.  758521.
  758551.  758561.  758573.  758579.  758599.  758617.  758629.  758633.
  758671.  758687.  758699.  758707.  758711.  758713.  758729.  758731.
  758741.  758743.  758753.  758767.  758783.  758789.  758819.  758827.
  758837.  758851.  758867.  758887.  758893.  758899.  758929.  758941.
  758957.  758963.  758969.  758971.]