[ 758987.  759001.  759019.  759029.  759037.  759047.  759053.  759089.
  759103.  759113.  759131.  759149.  759167.  759173.  759179.  759181.
  759193.  759223.  759229.  759263.  759287.  759293.  759301.  759313.
  759329.  759359.  759371.  759377.  759397.  759401.  759431.  759433.
  759457.  759463.  759467.  759491.  759503.  759523.  759547.  759553.
  759557.  759559.  759569.  759571.  759581.  759589.  759599.  759617.
  759623.  759631.  759637.  759641.  759653.  759659.  759673.  759691.
  759697.  759701.  759709.  759719.  759727.  759739.  759757.  759763.
  759797.  759799.  759821.  759833.  759881.  759893.  759911.  759923.
  759929.  759947.  759953.  759959.  759961.  759973.  760007.  760043.
  760063.  760079.  760093.  760103.  760117.  760129.  760141.  760147.
  760153.  760163.  760169.  760183.  760187.  760211.  760229.  760231.
  760237.  760241.  760261.  760267.]