[ 762967.  762973.  762989.  763001.  763013.  763027.  763031.  763039.
  763043.  763067.  763073.  763093.  763111.  763123.  763141.  763157.
  763159.  763183.  763201.  763223.  763237.  763261.  763267.  763271.
  763303.  763307.  763339.  763349.  763369.  763381.  763391.  763403.
  763409.  763417.  763423.  763429.  763447.  763457.  763471.  763481.
  763493.  763513.  763523.  763549.  763559.  763573.  763579.  763583.
  763597.  763601.  763613.  763619.  763621.  763627.  763649.  763663.
  763673.  763699.  763739.  763751.  763753.  763757.  763771.  763787.
  763801.  763811.  763823.  763843.  763859.  763879.  763883.  763897.
  763901.  763907.  763913.  763921.  763927.  763937.  763943.  763957.
  763967.  763999.  764003.  764011.  764017.  764021.  764041.  764051.
  764053.  764059.  764081.  764089.  764111.  764131.  764143.  764149.
  764171.  764189.  764209.  764233.]