[ 770873.  770881.  770897.  770909.  770927.  770929.  770951.  770971.
  770981.  770993.  771011.  771013.  771019.  771031.  771037.  771047.
  771049.  771073.  771079.  771091.  771109.  771143.  771163.  771179.
  771181.  771209.  771217.  771227.  771233.  771269.  771283.  771289.
  771293.  771299.  771301.  771349.  771359.  771389.  771401.  771403.
  771427.  771431.  771437.  771439.  771461.  771473.  771481.  771499.
  771503.  771509.  771517.  771527.  771553.  771569.  771583.  771587.
  771607.  771619.  771623.  771629.  771637.  771643.  771653.  771679.
  771691.  771697.  771703.  771739.  771763.  771769.  771781.  771809.
  771853.  771863.  771877.  771887.  771889.  771899.  771917.  771937.
  771941.  771961.  771971.  771973.  771997.  772001.  772003.  772019.
  772061.  772073.  772081.  772091.  772097.  772127.  772139.  772147.
  772159.  772169.  772181.  772207.]