[ 773609.  773611.  773657.  773659.  773681.  773683.  773693.  773713.
  773719.  773723.  773767.  773777.  773779.  773803.  773821.  773831.
  773837.  773849.  773863.  773867.  773869.  773879.  773897.  773909.
  773933.  773939.  773951.  773953.  773987.  773989.  773999.  774001.
  774017.  774023.  774047.  774071.  774073.  774083.  774107.  774119.
  774127.  774131.  774133.  774143.  774149.  774161.  774173.  774181.
  774199.  774217.  774223.  774229.  774233.  774239.  774283.  774289.
  774313.  774317.  774337.  774343.  774377.  774427.  774439.  774463.
  774467.  774491.  774511.  774523.  774541.  774551.  774577.  774583.
  774589.  774593.  774601.  774629.  774643.  774661.  774667.  774671.
  774679.  774691.  774703.  774733.  774757.  774773.  774779.  774791.
  774797.  774799.  774803.  774811.  774821.  774833.  774853.  774857.
  774863.  774901.  774919.  774929.]