[ 776449.  776453.  776467.  776471.  776483.  776497.  776507.  776513.
  776521.  776551.  776557.  776561.  776563.  776569.  776599.  776627.
  776651.  776683.  776693.  776719.  776729.  776749.  776753.  776759.
  776801.  776813.  776819.  776837.  776851.  776861.  776869.  776879.
  776887.  776899.  776921.  776947.  776969.  776977.  776983.  776987.
  777001.  777011.  777013.  777031.  777041.  777071.  777097.  777103.
  777109.  777137.  777143.  777151.  777167.  777169.  777173.  777181.
  777187.  777191.  777199.  777209.  777221.  777241.  777247.  777251.
  777269.  777277.  777313.  777317.  777349.  777353.  777373.  777383.
  777389.  777391.  777419.  777421.  777431.  777433.  777437.  777451.
  777463.  777473.  777479.  777541.  777551.  777571.  777583.  777589.
  777617.  777619.  777641.  777643.  777661.  777671.  777677.  777683.
  777731.  777737.  777743.  777761.]