[ 777769.  777781.  777787.  777817.  777839.  777857.  777859.  777863.
  777871.  777877.  777901.  777911.  777919.  777977.  777979.  777989.
  778013.  778027.  778049.  778051.  778061.  778079.  778081.  778091.
  778097.  778109.  778111.  778121.  778123.  778153.  778163.  778187.
  778201.  778213.  778223.  778237.  778241.  778247.  778301.  778307.
  778313.  778319.  778333.  778357.  778361.  778363.  778391.  778397.
  778403.  778409.  778417.  778439.  778469.  778507.  778511.  778513.
  778523.  778529.  778537.  778541.  778553.  778559.  778567.  778579.
  778597.  778633.  778643.  778663.  778667.  778681.  778693.  778697.
  778699.  778709.  778717.  778727.  778733.  778759.  778763.  778769.
  778777.  778793.  778819.  778831.  778847.  778871.  778873.  778879.
  778903.  778907.  778913.  778927.  778933.  778951.  778963.  778979.
  778993.  779003.  779011.  779021.]