[ 779039.  779063.  779069.  779081.  779101.  779111.  779131.  779137.
  779159.  779173.  779189.  779221.  779231.  779239.  779249.  779267.
  779327.  779329.  779341.  779347.  779351.  779353.  779357.  779377.
  779413.  779477.  779489.  779507.  779521.  779531.  779543.  779561.
  779563.  779573.  779579.  779591.  779593.  779599.  779609.  779617.
  779621.  779657.  779659.  779663.  779693.  779699.  779707.  779731.
  779747.  779749.  779761.  779767.  779771.  779791.  779797.  779827.
  779837.  779869.  779873.  779879.  779887.  779899.  779927.  779939.
  779971.  779981.  779983.  779993.  780029.  780037.  780041.  780047.
  780049.  780061.  780119.  780127.  780163.  780173.  780179.  780191.
  780193.  780211.  780223.  780233.  780253.  780257.  780287.  780323.
  780343.  780347.  780371.  780379.  780383.  780389.  780397.  780401.
  780421.  780433.  780457.  780469.]