[ 781771.  781799.  781801.  781817.  781819.  781853.  781861.  781867.
  781883.  781889.  781897.  781919.  781951.  781961.  781967.  781969.
  781973.  781987.  781997.  781999.  782003.  782009.  782011.  782053.
  782057.  782071.  782083.  782087.  782107.  782113.  782123.  782129.
  782137.  782141.  782147.  782149.  782183.  782189.  782191.  782209.
  782219.  782231.  782251.  782263.  782267.  782297.  782311.  782329.
  782339.  782371.  782381.  782387.  782389.  782393.  782429.  782443.
  782461.  782473.  782489.  782497.  782501.  782519.  782539.  782581.
  782611.  782641.  782659.  782669.  782671.  782687.  782689.  782707.
  782711.  782723.  782777.  782783.  782791.  782839.  782849.  782861.
  782891.  782911.  782921.  782941.  782963.  782981.  782983.  782993.
  783007.  783011.  783019.  783023.  783043.  783077.  783089.  783119.
  783121.  783131.  783137.  783143.]