[ 783149.  783151.  783191.  783193.  783197.  783227.  783247.  783257.
  783259.  783269.  783283.  783317.  783323.  783329.  783337.  783359.
  783361.  783373.  783379.  783407.  783413.  783421.  783473.  783487.
  783527.  783529.  783533.  783553.  783557.  783569.  783571.  783599.
  783613.  783619.  783641.  783647.  783661.  783677.  783689.  783691.
  783701.  783703.  783707.  783719.  783721.  783733.  783737.  783743.
  783749.  783763.  783767.  783779.  783781.  783787.  783791.  783793.
  783799.  783803.  783829.  783869.  783877.  783931.  783953.  784009.
  784039.  784061.  784081.  784087.  784097.  784103.  784109.  784117.
  784129.  784153.  784171.  784181.  784183.  784211.  784213.  784219.
  784229.  784243.  784249.  784283.  784307.  784309.  784313.  784321.
  784327.  784349.  784351.  784367.  784373.  784379.  784387.  784409.
  784411.  784423.  784447.  784451.]