[ 784457.  784463.  784471.  784481.  784489.  784501.  784513.  784541.
  784543.  784547.  784561.  784573.  784577.  784583.  784603.  784627.
  784649.  784661.  784687.  784697.  784717.  784723.  784727.  784753.
  784789.  784799.  784831.  784837.  784841.  784859.  784867.  784897.
  784913.  784919.  784939.  784957.  784961.  784981.  785003.  785017.
  785033.  785053.  785093.  785101.  785107.  785119.  785123.  785129.
  785143.  785153.  785159.  785167.  785203.  785207.  785219.  785221.
  785227.  785249.  785269.  785287.  785293.  785299.  785303.  785311.
  785321.  785329.  785333.  785341.  785347.  785353.  785357.  785363.
  785377.  785413.  785423.  785431.  785459.  785461.  785483.  785501.
  785503.  785527.  785537.  785549.  785569.  785573.  785579.  785591.
  785597.  785623.  785627.  785641.  785651.  785671.  785693.  785717.
  785731.  785737.  785753.  785773.]