[ 785777.  785779.  785801.  785803.  785809.  785839.  785857.  785861.
  785879.  785903.  785921.  785923.  785947.  785951.  785963.  786001.
  786013.  786017.  786031.  786047.  786053.  786059.  786061.  786077.
  786109.  786127.  786151.  786167.  786173.  786179.  786197.  786211.
  786223.  786241.  786251.  786271.  786307.  786311.  786319.  786329.
  786337.  786349.  786371.  786407.  786419.  786431.  786433.  786449.
  786469.  786491.  786547.  786551.  786553.  786587.  786589.  786613.
  786629.  786659.  786661.  786673.  786691.  786697.  786701.  786703.
  786707.  786719.  786739.  786763.  786803.  786823.  786829.  786833.
  786859.  786881.  786887.  786889.  786901.  786931.  786937.  786941.
  786949.  786959.  786971.  786979.  786983.  787021.  787043.  787051.
  787057.  787067.  787069.  787079.  787091.  787099.  787123.  787139.
  787153.  787181.  787187.  787207.]