[ 787217.  787243.  787261.  787277.  787289.  787309.  787331.  787333.
  787337.  787357.  787361.  787427.  787429.  787433.  787439.  787447.
  787469.  787477.  787483.  787489.  787513.  787517.  787519.  787529.
  787537.  787541.  787547.  787573.  787601.  787609.  787621.  787639.
  787649.  787667.  787697.  787711.  787747.  787751.  787757.  787769.
  787771.  787777.  787783.  787793.  787807.  787811.  787817.  787823.
  787837.  787879.  787883.  787903.  787907.  787939.  787973.  787981.
  787993.  787999.  788009.  788023.  788027.  788033.  788041.  788071.
  788077.  788087.  788089.  788093.  788107.  788129.  788153.  788159.
  788167.  788173.  788189.  788209.  788213.  788231.  788261.  788267.
  788287.  788309.  788317.  788321.  788351.  788353.  788357.  788363.
  788369.  788377.  788383.  788387.  788393.  788399.  788413.  788419.
  788429.  788449.  788467.  788479.]