[ 789941.  789959.  789961.  789967.  789977.  789979.  790003.  790021.
  790033.  790043.  790051.  790057.  790063.  790087.  790093.  790099.
  790121.  790169.  790171.  790189.  790199.  790201.  790219.  790241.
  790261.  790271.  790277.  790289.  790291.  790327.  790331.  790333.
  790351.  790369.  790379.  790397.  790403.  790417.  790421.  790429.
  790451.  790459.  790481.  790501.  790513.  790519.  790523.  790529.
  790547.  790567.  790583.  790589.  790607.  790613.  790633.  790637.
  790649.  790651.  790693.  790697.  790703.  790709.  790733.  790739.
  790747.  790753.  790781.  790793.  790817.  790819.  790831.  790843.
  790861.  790871.  790879.  790883.  790897.  790927.  790957.  790961.
  790967.  790969.  790991.  790997.  791003.  791009.  791017.  791029.
  791047.  791053.  791081.  791093.  791099.  791111.  791117.  791137.
  791159.  791191.  791201.  791209.]