[ 792559.  792563.  792581.  792593.  792601.  792613.  792629.  792637.
  792641.  792643.  792647.  792667.  792679.  792689.  792691.  792697.
  792703.  792709.  792713.  792731.  792751.  792769.  792793.  792797.
  792821.  792871.  792881.  792893.  792907.  792919.  792929.  792941.
  792959.  792973.  792983.  792989.  792991.  793043.  793069.  793099.
  793103.  793123.  793129.  793139.  793159.  793181.  793187.  793189.
  793207.  793229.  793253.  793279.  793297.  793301.  793327.  793333.
  793337.  793343.  793379.  793399.  793439.  793447.  793453.  793487.
  793489.  793493.  793511.  793517.  793519.  793537.  793547.  793553.
  793561.  793591.  793601.  793607.  793621.  793627.  793633.  793669.
  793673.  793691.  793699.  793711.  793717.  793721.  793733.  793739.
  793757.  793769.  793777.  793787.  793789.  793813.  793841.  793843.
  793853.  793867.  793889.  793901.]