[ 793927.  793931.  793939.  793957.  793967.  793979.  793981.  793999.
  794009.  794011.  794023.  794033.  794039.  794041.  794063.  794071.
  794077.  794089.  794111.  794113.  794119.  794137.  794141.  794149.
  794153.  794161.  794173.  794179.  794191.  794201.  794203.  794207.
  794221.  794231.  794239.  794249.  794327.  794341.  794363.  794383.
  794389.  794399.  794407.  794413.  794449.  794471.  794473.  794477.
  794483.  794491.  794509.  794531.  794537.  794543.  794551.  794557.
  794569.  794579.  794587.  794593.  794641.  794653.  794657.  794659.
  794669.  794693.  794711.  794741.  794743.  794749.  794779.  794831.
  794879.  794881.  794887.  794921.  794923.  794953.  794957.  794993.
  794999.  795001.  795007.  795023.  795071.  795077.  795079.  795083.
  795097.  795101.  795103.  795121.  795127.  795139.  795149.  795161.
  795187.  795203.  795211.  795217.]