[ 796567.  796571.  796583.  796591.  796619.  796633.  796657.  796673.
  796687.  796693.  796699.  796709.  796711.  796751.  796759.  796769.
  796777.  796781.  796799.  796801.  796813.  796819.  796847.  796849.
  796853.  796867.  796871.  796877.  796889.  796921.  796931.  796933.
  796937.  796951.  796967.  796969.  796981.  797003.  797009.  797021.
  797029.  797033.  797039.  797051.  797053.  797057.  797063.  797077.
  797119.  797131.  797143.  797161.  797171.  797201.  797207.  797273.
  797281.  797287.  797309.  797311.  797333.  797353.  797359.  797383.
  797389.  797399.  797417.  797429.  797473.  797497.  797507.  797509.
  797539.  797549.  797551.  797557.  797561.  797567.  797569.  797579.
  797581.  797591.  797593.  797611.  797627.  797633.  797647.  797681.
  797689.  797701.  797711.  797729.  797743.  797747.  797767.  797773.
  797813.  797833.  797851.  797869.]