[ 800587.  800593.  800599.  800621.  800623.  800647.  800651.  800659.
  800663.  800669.  800677.  800687.  800693.  800707.  800711.  800729.
  800731.  800741.  800743.  800759.  800773.  800783.  800801.  800861.
  800873.  800879.  800897.  800903.  800909.  800923.  800953.  800959.
  800971.  800977.  800993.  800999.  801001.  801007.  801011.  801019.
  801037.  801061.  801077.  801079.  801103.  801107.  801127.  801137.
  801179.  801187.  801197.  801217.  801247.  801277.  801289.  801293.
  801301.  801331.  801337.  801341.  801349.  801371.  801379.  801403.
  801407.  801419.  801421.  801461.  801469.  801487.  801503.  801517.
  801539.  801551.  801557.  801569.  801571.  801607.  801611.  801617.
  801631.  801641.  801677.  801683.  801701.  801707.  801709.  801733.
  801761.  801791.  801809.  801811.  801817.  801833.  801841.  801859.
  801883.  801947.  801949.  801959.]