[ 801973.  801989.  802007.  802019.  802027.  802031.  802037.  802073.
  802103.  802121.  802127.  802129.  802133.  802141.  802147.  802159.
  802163.  802177.  802181.  802183.  802189.  802231.  802253.  802279.
  802283.  802297.  802331.  802339.  802357.  802387.  802421.  802441.
  802453.  802463.  802471.  802499.  802511.  802523.  802531.  802573.
  802583.  802589.  802597.  802603.  802609.  802643.  802649.  802651.
  802661.  802667.  802709.  802721.  802729.  802733.  802751.  802759.
  802777.  802783.  802787.  802793.  802799.  802811.  802829.  802831.
  802873.  802909.  802913.  802933.  802951.  802969.  802979.  802987.
  803027.  803041.  803053.  803057.  803059.  803087.  803093.  803119.
  803141.  803171.  803189.  803207.  803227.  803237.  803251.  803269.
  803273.  803287.  803311.  803323.  803333.  803347.  803359.  803389.
  803393.  803399.  803417.  803441.]