[ 806017.  806023.  806027.  806033.  806041.  806051.  806059.  806087.
  806107.  806111.  806129.  806137.  806153.  806159.  806177.  806203.
  806213.  806233.  806257.  806261.  806263.  806269.  806291.  806297.
  806317.  806329.  806363.  806369.  806371.  806381.  806383.  806389.
  806447.  806453.  806467.  806483.  806503.  806513.  806521.  806543.
  806549.  806579.  806581.  806609.  806639.  806657.  806671.  806719.
  806737.  806761.  806783.  806789.  806791.  806801.  806807.  806821.
  806857.  806893.  806903.  806917.  806929.  806941.  806947.  806951.
  806977.  806999.  807011.  807017.  807071.  807077.  807083.  807089.
  807097.  807113.  807119.  807127.  807151.  807181.  807187.  807193.
  807197.  807203.  807217.  807221.  807241.  807251.  807259.  807281.
  807299.  807337.  807371.  807379.  807383.  807403.  807407.  807409.
  807419.  807427.  807463.  807473.]