[ 808957.  808961.  808981.  808991.  808993.  809023.  809041.  809051.
  809063.  809087.  809093.  809101.  809141.  809143.  809147.  809173.
  809177.  809189.  809201.  809203.  809213.  809231.  809239.  809243.
  809261.  809269.  809273.  809297.  809309.  809323.  809339.  809357.
  809359.  809377.  809383.  809399.  809401.  809407.  809423.  809437.
  809443.  809447.  809453.  809461.  809491.  809507.  809521.  809527.
  809563.  809569.  809579.  809581.  809587.  809603.  809629.  809701.
  809707.  809719.  809729.  809737.  809741.  809747.  809749.  809759.
  809771.  809779.  809797.  809801.  809803.  809821.  809827.  809833.
  809839.  809843.  809869.  809891.  809903.  809909.  809917.  809929.
  809981.  809983.  809993.  810013.  810023.  810049.  810053.  810059.
  810071.  810079.  810091.  810109.  810137.  810149.  810151.  810191.
  810193.  810209.  810223.  810239.]