[ 810253.  810259.  810269.  810281.  810307.  810319.  810343.  810349.
  810353.  810361.  810367.  810377.  810379.  810389.  810391.  810401.
  810409.  810419.  810427.  810437.  810443.  810457.  810473.  810487.
  810493.  810503.  810517.  810533.  810539.  810541.  810547.  810553.
  810571.  810581.  810583.  810587.  810643.  810653.  810659.  810671.
  810697.  810737.  810757.  810763.  810769.  810791.  810809.  810839.
  810853.  810871.  810881.  810893.  810907.  810913.  810923.  810941.
  810949.  810961.  810967.  810973.  810989.  811037.  811039.  811067.
  811081.  811099.  811123.  811127.  811147.  811157.  811163.  811171.
  811183.  811193.  811199.  811207.  811231.  811241.  811253.  811259.
  811273.  811277.  811289.  811297.  811337.  811351.  811379.  811387.
  811411.  811429.  811441.  811457.  811469.  811493.  811501.  811511.
  811519.  811523.  811553.  811561.]