[ 812963.  812969.  813013.  813017.  813023.  813041.  813049.  813061.
  813083.  813089.  813091.  813097.  813107.  813121.  813133.  813157.
  813167.  813199.  813203.  813209.  813217.  813221.  813227.  813251.
  813269.  813277.  813283.  813287.  813299.  813301.  813311.  813343.
  813361.  813367.  813377.  813383.  813401.  813419.  813427.  813443.
  813493.  813499.  813503.  813511.  813529.  813541.  813559.  813577.
  813583.  813601.  813613.  813623.  813647.  813677.  813697.  813707.
  813721.  813749.  813767.  813797.  813811.  813817.  813829.  813833.
  813847.  813863.  813871.  813893.  813907.  813931.  813961.  813971.
  813991.  813997.  814003.  814007.  814013.  814019.  814031.  814043.
  814049.  814061.  814063.  814067.  814069.  814081.  814097.  814127.
  814129.  814139.  814171.  814183.  814193.  814199.  814211.  814213.
  814237.  814241.  814243.  814279.]