[ 814309.  814327.  814337.  814367.  814379.  814381.  814393.  814399.
  814403.  814423.  814447.  814469.  814477.  814493.  814501.  814531.
  814537.  814543.  814559.  814577.  814579.  814601.  814603.  814609.
  814631.  814633.  814643.  814687.  814699.  814717.  814741.  814747.
  814763.  814771.  814783.  814789.  814799.  814823.  814829.  814841.
  814859.  814873.  814883.  814889.  814901.  814903.  814927.  814937.
  814939.  814943.  814949.  814991.  815029.  815033.  815047.  815053.
  815063.  815123.  815141.  815149.  815159.  815173.  815197.  815209.
  815231.  815251.  815257.  815261.  815273.  815279.  815291.  815317.
  815333.  815341.  815351.  815389.  815401.  815411.  815413.  815417.
  815431.  815453.  815459.  815471.  815491.  815501.  815519.  815527.
  815533.  815539.  815543.  815569.  815587.  815599.  815621.  815623.
  815627.  815653.  815663.  815669.]