[ 817051.  817073.  817081.  817087.  817093.  817111.  817123.  817127.
  817147.  817151.  817153.  817163.  817169.  817183.  817211.  817237.
  817273.  817277.  817279.  817291.  817303.  817319.  817321.  817331.
  817337.  817357.  817379.  817403.  817409.  817433.  817457.  817463.
  817483.  817519.  817529.  817549.  817561.  817567.  817603.  817637.
  817651.  817669.  817679.  817697.  817709.  817711.  817721.  817723.
  817727.  817757.  817769.  817777.  817783.  817787.  817793.  817823.
  817837.  817841.  817867.  817871.  817877.  817889.  817891.  817897.
  817907.  817913.  817919.  817933.  817951.  817979.  817987.  818011.
  818017.  818021.  818093.  818099.  818101.  818113.  818123.  818143.
  818171.  818173.  818189.  818219.  818231.  818239.  818249.  818281.
  818287.  818291.  818303.  818309.  818327.  818339.  818341.  818347.
  818353.  818359.  818371.  818383.]