[ 818393.  818399.  818413.  818429.  818453.  818473.  818509.  818561.
  818569.  818579.  818581.  818603.  818621.  818659.  818683.  818687.
  818689.  818707.  818717.  818723.  818813.  818819.  818821.  818827.
  818837.  818887.  818897.  818947.  818959.  818963.  818969.  818977.
  818999.  819001.  819017.  819029.  819031.  819037.  819061.  819073.
  819083.  819101.  819131.  819149.  819157.  819167.  819173.  819187.
  819229.  819239.  819241.  819251.  819253.  819263.  819271.  819289.
  819307.  819311.  819317.  819319.  819367.  819373.  819389.  819391.
  819407.  819409.  819419.  819431.  819437.  819443.  819449.  819457.
  819463.  819473.  819487.  819491.  819493.  819499.  819503.  819509.
  819523.  819563.  819583.  819593.  819607.  819617.  819619.  819629.
  819647.  819653.  819659.  819673.  819691.  819701.  819719.  819737.
  819739.  819761.  819769.  819773.]