[ 819781.  819787.  819799.  819811.  819823.  819827.  819829.  819853.
  819899.  819911.  819913.  819937.  819943.  819977.  819989.  819991.
  820037.  820051.  820067.  820073.  820093.  820109.  820117.  820129.
  820133.  820163.  820177.  820187.  820201.  820213.  820223.  820231.
  820241.  820243.  820247.  820271.  820273.  820279.  820319.  820321.
  820331.  820333.  820343.  820349.  820361.  820367.  820399.  820409.
  820411.  820427.  820429.  820441.  820459.  820481.  820489.  820537.
  820541.  820559.  820577.  820597.  820609.  820619.  820627.  820637.
  820643.  820649.  820657.  820679.  820681.  820691.  820711.  820723.
  820733.  820747.  820753.  820759.  820763.  820789.  820793.  820837.
  820873.  820891.  820901.  820907.  820909.  820921.  820927.  820957.
  820969.  820991.  820997.  821003.  821027.  821039.  821053.  821057.
  821063.  821069.  821081.  821089.]