[ 822431.  822433.  822517.  822539.  822541.  822551.  822553.  822557.
  822571.  822581.  822587.  822589.  822599.  822607.  822611.  822631.
  822667.  822671.  822673.  822683.  822691.  822697.  822713.  822721.
  822727.  822739.  822743.  822761.  822763.  822781.  822791.  822793.
  822803.  822821.  822823.  822839.  822853.  822881.  822883.  822889.
  822893.  822901.  822907.  822949.  822971.  822973.  822989.  823001.
  823003.  823013.  823033.  823051.  823117.  823127.  823129.  823153.
  823169.  823177.  823183.  823201.  823219.  823231.  823237.  823241.
  823243.  823261.  823271.  823283.  823309.  823337.  823349.  823351.
  823357.  823373.  823399.  823421.  823447.  823451.  823457.  823481.
  823483.  823489.  823499.  823519.  823541.  823547.  823553.  823573.
  823591.  823601.  823619.  823621.  823637.  823643.  823651.  823663.
  823679.  823703.  823709.  823717.]