[ 825047.  825049.  825059.  825067.  825073.  825101.  825107.  825109.
  825131.  825161.  825191.  825193.  825199.  825203.  825229.  825241.
  825247.  825259.  825277.  825281.  825283.  825287.  825301.  825329.
  825337.  825343.  825347.  825353.  825361.  825389.  825397.  825403.
  825413.  825421.  825439.  825443.  825467.  825479.  825491.  825509.
  825527.  825533.  825547.  825551.  825553.  825577.  825593.  825611.
  825613.  825637.  825647.  825661.  825679.  825689.  825697.  825701.
  825709.  825733.  825739.  825749.  825763.  825779.  825791.  825821.
  825827.  825829.  825857.  825883.  825889.  825919.  825947.  825959.
  825961.  825971.  825983.  825991.  825997.  826019.  826037.  826039.
  826051.  826061.  826069.  826087.  826093.  826097.  826129.  826151.
  826153.  826169.  826171.  826193.  826201.  826211.  826271.  826283.
  826289.  826303.  826313.  826333.]