[ 826339.  826349.  826351.  826363.  826379.  826381.  826391.  826393.
  826403.  826411.  826453.  826477.  826493.  826499.  826541.  826549.
  826559.  826561.  826571.  826583.  826603.  826607.  826613.  826621.
  826663.  826667.  826669.  826673.  826681.  826697.  826699.  826711.
  826717.  826723.  826729.  826753.  826759.  826783.  826799.  826807.
  826811.  826831.  826849.  826867.  826879.  826883.  826907.  826921.
  826927.  826939.  826957.  826963.  826967.  826979.  826997.  827009.
  827023.  827039.  827041.  827063.  827087.  827129.  827131.  827143.
  827147.  827161.  827213.  827227.  827231.  827251.  827269.  827293.
  827303.  827311.  827327.  827347.  827369.  827389.  827417.  827423.
  827429.  827443.  827447.  827461.  827473.  827501.  827521.  827537.
  827539.  827549.  827581.  827591.  827599.  827633.  827639.  827677.
  827681.  827693.  827699.  827719.]