[ 827737.  827741.  827767.  827779.  827791.  827803.  827809.  827821.
  827833.  827837.  827843.  827851.  827857.  827867.  827873.  827899.
  827903.  827923.  827927.  827929.  827941.  827969.  827987.  827989.
  828007.  828011.  828013.  828029.  828043.  828059.  828067.  828071.
  828101.  828109.  828119.  828127.  828131.  828133.  828169.  828199.
  828209.  828221.  828239.  828277.  828349.  828361.  828371.  828379.
  828383.  828397.  828407.  828409.  828431.  828449.  828517.  828523.
  828547.  828557.  828577.  828587.  828601.  828637.  828643.  828649.
  828673.  828677.  828691.  828697.  828701.  828703.  828721.  828731.
  828743.  828757.  828787.  828797.  828809.  828811.  828823.  828829.
  828833.  828859.  828871.  828881.  828889.  828899.  828901.  828917.
  828923.  828941.  828953.  828967.  828977.  829001.  829013.  829057.
  829063.  829069.  829093.  829097.]