[ 829111.  829121.  829123.  829151.  829159.  829177.  829187.  829193.
  829211.  829223.  829229.  829237.  829249.  829267.  829273.  829289.
  829319.  829349.  829399.  829453.  829457.  829463.  829469.  829501.
  829511.  829519.  829537.  829547.  829561.  829601.  829613.  829627.
  829637.  829639.  829643.  829657.  829687.  829693.  829709.  829721.
  829723.  829727.  829729.  829733.  829757.  829789.  829811.  829813.
  829819.  829831.  829841.  829847.  829849.  829867.  829877.  829883.
  829949.  829967.  829979.  829987.  829993.  830003.  830017.  830041.
  830051.  830099.  830111.  830117.  830131.  830143.  830153.  830173.
  830177.  830191.  830233.  830237.  830257.  830267.  830279.  830293.
  830309.  830311.  830327.  830329.  830339.  830341.  830353.  830359.
  830363.  830383.  830387.  830411.  830413.  830419.  830441.  830447.
  830449.  830477.  830483.  830497.]