[ 833033.  833047.  833057.  833099.  833101.  833117.  833171.  833177.
  833179.  833191.  833197.  833201.  833219.  833251.  833269.  833281.
  833293.  833299.  833309.  833347.  833353.  833363.  833377.  833389.
  833429.  833449.  833453.  833461.  833467.  833477.  833479.  833491.
  833509.  833537.  833557.  833563.  833593.  833597.  833617.  833633.
  833659.  833669.  833689.  833711.  833713.  833717.  833719.  833737.
  833747.  833759.  833783.  833801.  833821.  833839.  833843.  833857.
  833873.  833887.  833893.  833897.  833923.  833927.  833933.  833947.
  833977.  833999.  834007.  834013.  834023.  834059.  834107.  834131.
  834133.  834137.  834143.  834149.  834151.  834181.  834199.  834221.
  834257.  834259.  834269.  834277.  834283.  834287.  834299.  834311.
  834341.  834367.  834433.  834439.  834469.  834487.  834497.  834503.
  834511.  834523.  834527.  834569.]