[ 837373.  837377.  837379.  837409.  837413.  837439.  837451.  837461.
  837467.  837497.  837503.  837509.  837521.  837533.  837583.  837601.
  837611.  837619.  837631.  837659.  837667.  837673.  837677.  837679.
  837721.  837731.  837737.  837773.  837779.  837797.  837817.  837833.
  837847.  837853.  837887.  837923.  837929.  837931.  837937.  837943.
  837979.  838003.  838021.  838037.  838039.  838043.  838063.  838069.
  838091.  838093.  838099.  838133.  838139.  838141.  838153.  838157.
  838169.  838171.  838193.  838207.  838247.  838249.  838349.  838351.
  838363.  838367.  838379.  838391.  838393.  838399.  838403.  838421.
  838429.  838441.  838447.  838459.  838463.  838471.  838483.  838517.
  838547.  838553.  838561.  838571.  838583.  838589.  838597.  838601.
  838609.  838613.  838631.  838633.  838657.  838667.  838687.  838693.
  838711.  838751.  838757.  838769.]