[ 838771.  838777.  838781.  838807.  838813.  838837.  838853.  838889.
  838897.  838909.  838913.  838919.  838927.  838931.  838939.  838949.
  838951.  838963.  838969.  838991.  838993.  839009.  839029.  839051.
  839071.  839087.  839117.  839131.  839161.  839203.  839207.  839221.
  839227.  839261.  839269.  839303.  839323.  839327.  839351.  839353.
  839369.  839381.  839413.  839429.  839437.  839441.  839453.  839459.
  839471.  839473.  839483.  839491.  839497.  839519.  839539.  839551.
  839563.  839599.  839603.  839609.  839611.  839617.  839621.  839633.
  839651.  839653.  839669.  839693.  839723.  839731.  839767.  839771.
  839791.  839801.  839809.  839831.  839837.  839873.  839879.  839887.
  839897.  839899.  839903.  839911.  839921.  839957.  839959.  839963.
  839981.  839999.  840023.  840053.  840061.  840067.  840083.  840109.
  840137.  840139.  840149.  840163.]