[ 840179.  840181.  840187.  840197.  840223.  840239.  840241.  840253.
  840269.  840277.  840289.  840299.  840319.  840331.  840341.  840347.
  840353.  840439.  840451.  840457.  840467.  840473.  840479.  840491.
  840523.  840547.  840557.  840571.  840589.  840601.  840611.  840643.
  840661.  840683.  840703.  840709.  840713.  840727.  840733.  840743.
  840757.  840761.  840767.  840817.  840821.  840823.  840839.  840841.
  840859.  840863.  840907.  840911.  840923.  840929.  840941.  840943.
  840967.  840979.  840989.  840991.  841003.  841013.  841019.  841021.
  841063.  841069.  841079.  841081.  841091.  841097.  841103.  841147.
  841157.  841189.  841193.  841207.  841213.  841219.  841223.  841231.
  841237.  841241.  841259.  841273.  841277.  841283.  841289.  841297.
  841307.  841327.  841333.  841349.  841369.  841391.  841397.  841411.
  841427.  841447.  841457.  841459.]