[ 841541.  841549.  841559.  841573.  841597.  841601.  841637.  841651.
  841661.  841663.  841691.  841697.  841727.  841741.  841751.  841793.
  841801.  841849.  841859.  841873.  841879.  841889.  841913.  841921.
  841927.  841931.  841933.  841979.  841987.  842003.  842021.  842041.
  842047.  842063.  842071.  842077.  842081.  842087.  842089.  842111.
  842113.  842141.  842147.  842159.  842161.  842167.  842173.  842183.
  842203.  842209.  842249.  842267.  842279.  842291.  842293.  842311.
  842321.  842323.  842339.  842341.  842351.  842353.  842371.  842383.
  842393.  842399.  842407.  842417.  842419.  842423.  842447.  842449.
  842473.  842477.  842483.  842489.  842497.  842507.  842519.  842521.
  842531.  842551.  842581.  842587.  842599.  842617.  842623.  842627.
  842657.  842701.  842729.  842747.  842759.  842767.  842771.  842791.
  842801.  842813.  842819.  842857.]