[ 842869.  842879.  842887.  842923.  842939.  842951.  842957.  842969.
  842977.  842981.  842987.  842993.  843043.  843067.  843079.  843091.
  843103.  843113.  843127.  843131.  843137.  843173.  843179.  843181.
  843209.  843211.  843229.  843253.  843257.  843289.  843299.  843301.
  843307.  843331.  843347.  843361.  843371.  843377.  843379.  843383.
  843397.  843443.  843449.  843457.  843461.  843473.  843487.  843497.
  843503.  843527.  843539.  843553.  843559.  843587.  843589.  843607.
  843613.  843629.  843643.  843649.  843677.  843679.  843701.  843737.
  843757.  843763.  843779.  843781.  843793.  843797.  843811.  843823.
  843833.  843841.  843881.  843883.  843889.  843901.  843907.  843911.
  844001.  844013.  844043.  844061.  844069.  844087.  844093.  844111.
  844117.  844121.  844127.  844139.  844141.  844153.  844157.  844163.
  844183.  844187.  844199.  844201.]