[ 844243.  844247.  844253.  844279.  844289.  844297.  844309.  844321.
  844351.  844369.  844421.  844427.  844429.  844433.  844439.  844447.
  844453.  844457.  844463.  844469.  844483.  844489.  844499.  844507.
  844511.  844513.  844517.  844523.  844549.  844553.  844601.  844603.
  844609.  844619.  844621.  844631.  844639.  844643.  844651.  844709.
  844717.  844733.  844757.  844763.  844769.  844771.  844777.  844841.
  844847.  844861.  844867.  844891.  844897.  844903.  844913.  844927.
  844957.  844999.  845003.  845017.  845021.  845027.  845041.  845069.
  845083.  845099.  845111.  845129.  845137.  845167.  845179.  845183.
  845197.  845203.  845209.  845219.  845231.  845237.  845261.  845279.
  845287.  845303.  845309.  845333.  845347.  845357.  845363.  845371.
  845381.  845387.  845431.  845441.  845447.  845459.  845489.  845491.
  845531.  845567.  845599.  845623.]