[ 845653.  845657.  845659.  845683.  845717.  845723.  845729.  845749.
  845753.  845771.  845777.  845809.  845833.  845849.  845863.  845879.
  845881.  845893.  845909.  845921.  845927.  845941.  845951.  845969.
  845981.  845983.  845987.  845989.  846037.  846059.  846061.  846067.
  846113.  846137.  846149.  846161.  846179.  846187.  846217.  846229.
  846233.  846247.  846259.  846271.  846323.  846341.  846343.  846353.
  846359.  846361.  846383.  846389.  846397.  846401.  846403.  846407.
  846421.  846427.  846437.  846457.  846487.  846493.  846499.  846529.
  846563.  846577.  846589.  846647.  846661.  846667.  846673.  846689.
  846721.  846733.  846739.  846749.  846751.  846757.  846779.  846823.
  846841.  846851.  846869.  846871.  846877.  846913.  846917.  846919.
  846931.  846943.  846949.  846953.  846961.  846973.  846977.  846983.
  846997.  847009.  847031.  847037.]