[ 848429.  848443.  848461.  848467.  848473.  848489.  848531.  848537.
  848557.  848567.  848579.  848591.  848593.  848599.  848611.  848629.
  848633.  848647.  848651.  848671.  848681.  848699.  848707.  848713.
  848737.  848747.  848761.  848779.  848789.  848791.  848797.  848803.
  848807.  848839.  848843.  848849.  848851.  848857.  848879.  848893.
  848909.  848921.  848923.  848927.  848933.  848941.  848959.  848983.
  848993.  849019.  849047.  849049.  849061.  849083.  849097.  849103.
  849119.  849127.  849131.  849143.  849161.  849179.  849197.  849203.
  849217.  849221.  849223.  849241.  849253.  849271.  849301.  849311.
  849347.  849349.  849353.  849383.  849391.  849419.  849427.  849461.
  849467.  849481.  849523.  849533.  849539.  849571.  849581.  849587.
  849593.  849599.  849601.  849649.  849691.  849701.  849703.  849721.
  849727.  849731.  849733.  849743.]