[ 849763.  849767.  849773.  849829.  849833.  849839.  849857.  849869.
  849883.  849917.  849923.  849931.  849943.  849967.  849973.  849991.
  849997.  850009.  850021.  850027.  850033.  850043.  850049.  850061.
  850063.  850081.  850093.  850121.  850133.  850139.  850147.  850177.
  850181.  850189.  850207.  850211.  850229.  850243.  850247.  850253.
  850261.  850271.  850273.  850301.  850303.  850331.  850337.  850349.
  850351.  850373.  850387.  850393.  850397.  850403.  850417.  850427.
  850433.  850439.  850453.  850457.  850481.  850529.  850537.  850567.
  850571.  850613.  850631.  850637.  850673.  850679.  850691.  850711.
  850727.  850753.  850781.  850807.  850823.  850849.  850853.  850879.
  850891.  850897.  850933.  850943.  850951.  850973.  850979.  851009.
  851017.  851033.  851041.  851051.  851057.  851087.  851093.  851113.
  851117.  851131.  851153.  851159.]