[ 85243.  85247.  85259.  85297.  85303.  85313.  85331.  85333.  85361.
  85363.  85369.  85381.  85411.  85427.  85429.  85439.  85447.  85451.
  85453.  85469.  85487.  85513.  85517.  85523.  85531.  85549.  85571.
  85577.  85597.  85601.  85607.  85619.  85621.  85627.  85639.  85643.
  85661.  85667.  85669.  85691.  85703.  85711.  85717.  85733.  85751.
  85781.  85793.  85817.  85819.  85829.  85831.  85837.  85843.  85847.
  85853.  85889.  85903.  85909.  85931.  85933.  85991.  85999.  86011.
  86017.  86027.  86029.  86069.  86077.  86083.  86111.  86113.  86117.
  86131.  86137.  86143.  86161.  86171.  86179.  86183.  86197.  86201.
  86209.  86239.  86243.  86249.  86257.  86263.  86269.  86287.  86291.
  86293.  86297.  86311.  86323.  86341.  86351.  86353.  86357.  86369.
  86371.]