[ 853949.  853969.  853981.  853999.  854017.  854033.  854039.  854041.
  854047.  854053.  854083.  854089.  854093.  854099.  854111.  854123.
  854129.  854141.  854149.  854159.  854171.  854213.  854257.  854263.
  854299.  854303.  854323.  854327.  854333.  854351.  854353.  854363.
  854383.  854387.  854407.  854417.  854419.  854423.  854431.  854443.
  854459.  854461.  854467.  854479.  854527.  854533.  854569.  854587.
  854593.  854599.  854617.  854621.  854629.  854647.  854683.  854713.
  854729.  854747.  854771.  854801.  854807.  854849.  854869.  854881.
  854897.  854899.  854921.  854923.  854927.  854929.  854951.  854957.
  854963.  854993.  854999.  855031.  855059.  855061.  855067.  855079.
  855089.  855119.  855131.  855143.  855187.  855191.  855199.  855203.
  855221.  855229.  855241.  855269.  855271.  855277.  855293.  855307.
  855311.  855317.  855331.  855359.]