[ 857977.  857981.  858001.  858029.  858043.  858073.  858083.  858101.
  858103.  858113.  858127.  858149.  858161.  858167.  858217.  858223.
  858233.  858239.  858241.  858251.  858259.  858269.  858281.  858293.
  858301.  858307.  858311.  858317.  858373.  858397.  858427.  858433.
  858457.  858463.  858467.  858479.  858497.  858503.  858527.  858563.
  858577.  858589.  858623.  858631.  858673.  858691.  858701.  858707.
  858709.  858713.  858749.  858757.  858763.  858769.  858787.  858817.
  858821.  858833.  858841.  858859.  858877.  858883.  858899.  858911.
  858919.  858931.  858943.  858953.  858961.  858989.  858997.  859003.
  859031.  859037.  859049.  859051.  859057.  859081.  859091.  859093.
  859109.  859121.  859181.  859189.  859213.  859223.  859249.  859259.
  859267.  859273.  859277.  859279.  859297.  859321.  859361.  859363.
  859373.  859381.  859393.  859423.]