[ 860789.  860791.  860809.  860813.  860819.  860843.  860861.  860887.
  860891.  860911.  860917.  860921.  860927.  860929.  860939.  860941.
  860957.  860969.  860971.  861001.  861013.  861019.  861031.  861037.
  861043.  861053.  861059.  861079.  861083.  861089.  861109.  861121.
  861131.  861139.  861163.  861167.  861191.  861199.  861221.  861239.
  861293.  861299.  861317.  861347.  861353.  861361.  861391.  861433.
  861437.  861439.  861491.  861493.  861499.  861541.  861547.  861551.
  861559.  861563.  861571.  861589.  861599.  861613.  861617.  861647.
  861659.  861691.  861701.  861703.  861719.  861733.  861739.  861743.
  861761.  861797.  861799.  861803.  861823.  861829.  861853.  861857.
  861871.  861877.  861881.  861899.  861901.  861907.  861929.  861937.
  861941.  861947.  861977.  861979.  861997.  862009.  862013.  862031.
  862033.  862061.  862067.  862097.]