[ 862117.  862123.  862129.  862139.  862157.  862159.  862171.  862177.
  862181.  862187.  862207.  862219.  862229.  862231.  862241.  862249.
  862259.  862261.  862273.  862283.  862289.  862297.  862307.  862319.
  862331.  862343.  862369.  862387.  862397.  862399.  862409.  862417.
  862423.  862441.  862447.  862471.  862481.  862483.  862487.  862493.
  862501.  862541.  862553.  862559.  862567.  862571.  862573.  862583.
  862607.  862627.  862633.  862649.  862651.  862669.  862703.  862727.
  862739.  862769.  862777.  862783.  862789.  862811.  862819.  862861.
  862879.  862907.  862909.  862913.  862919.  862921.  862943.  862957.
  862973.  862987.  862991.  862997.  863003.  863017.  863047.  863081.
  863087.  863119.  863123.  863131.  863143.  863153.  863179.  863197.
  863231.  863251.  863279.  863287.  863299.  863309.  863323.  863363.
  863377.  863393.  863479.  863491.]