[ 863497.  863509.  863521.  863537.  863539.  863561.  863593.  863609.
  863633.  863641.  863671.  863689.  863693.  863711.  863729.  863743.
  863749.  863767.  863771.  863783.  863801.  863803.  863833.  863843.
  863851.  863867.  863869.  863879.  863887.  863897.  863899.  863909.
  863917.  863921.  863959.  863983.  864007.  864011.  864013.  864029.
  864037.  864047.  864049.  864053.  864077.  864079.  864091.  864103.
  864107.  864119.  864121.  864131.  864137.  864151.  864167.  864169.
  864191.  864203.  864211.  864221.  864223.  864251.  864277.  864289.
  864299.  864301.  864307.  864319.  864323.  864341.  864359.  864361.
  864379.  864407.  864419.  864427.  864439.  864449.  864491.  864503.
  864509.  864511.  864533.  864541.  864551.  864581.  864583.  864587.
  864613.  864623.  864629.  864631.  864641.  864673.  864679.  864691.
  864707.  864733.  864737.  864757.]