[ 86381.  86389.  86399.  86413.  86423.  86441.  86453.  86461.  86467.
  86477.  86491.  86501.  86509.  86531.  86533.  86539.  86561.  86573.
  86579.  86587.  86599.  86627.  86629.  86677.  86689.  86693.  86711.
  86719.  86729.  86743.  86753.  86767.  86771.  86783.  86813.  86837.
  86843.  86851.  86857.  86861.  86869.  86923.  86927.  86929.  86939.
  86951.  86959.  86969.  86981.  86993.  87011.  87013.  87037.  87041.
  87049.  87071.  87083.  87103.  87107.  87119.  87121.  87133.  87149.
  87151.  87179.  87181.  87187.  87211.  87221.  87223.  87251.  87253.
  87257.  87277.  87281.  87293.  87299.  87313.  87317.  87323.  87337.
  87359.  87383.  87403.  87407.  87421.  87427.  87433.  87443.  87473.
  87481.  87491.  87509.  87511.  87517.  87523.  87539.  87541.  87547.
  87553.]