[ 864781.  864793.  864803.  864811.  864817.  864883.  864887.  864901.
  864911.  864917.  864947.  864953.  864959.  864967.  864979.  864989.
  865001.  865003.  865043.  865049.  865057.  865061.  865069.  865087.
  865091.  865103.  865121.  865153.  865159.  865177.  865201.  865211.
  865213.  865217.  865231.  865247.  865253.  865259.  865261.  865301.
  865307.  865313.  865321.  865327.  865339.  865343.  865349.  865357.
  865363.  865379.  865409.  865457.  865477.  865481.  865483.  865493.
  865499.  865511.  865537.  865577.  865591.  865597.  865609.  865619.
  865637.  865639.  865643.  865661.  865681.  865687.  865717.  865721.
  865729.  865741.  865747.  865751.  865757.  865769.  865771.  865783.
  865801.  865807.  865817.  865819.  865829.  865847.  865859.  865867.
  865871.  865877.  865889.  865933.  865937.  865957.  865979.  865993.
  866003.  866009.  866011.  866029.]