[ 867443.  867457.  867463.  867467.  867487.  867509.  867511.  867541.
  867547.  867553.  867563.  867571.  867577.  867589.  867617.  867619.
  867623.  867631.  867641.  867653.  867677.  867679.  867689.  867701.
  867719.  867733.  867743.  867773.  867781.  867793.  867803.  867817.
  867827.  867829.  867857.  867871.  867887.  867913.  867943.  867947.
  867959.  867991.  868019.  868033.  868039.  868051.  868069.  868073.
  868081.  868103.  868111.  868121.  868123.  868151.  868157.  868171.
  868177.  868199.  868211.  868229.  868249.  868267.  868271.  868277.
  868291.  868313.  868327.  868331.  868337.  868349.  868369.  868379.
  868381.  868397.  868409.  868423.  868451.  868453.  868459.  868487.
  868489.  868493.  868529.  868531.  868537.  868559.  868561.  868577.
  868583.  868603.  868613.  868639.  868663.  868669.  868691.  868697.
  868727.  868739.  868741.  868771.]