[ 868783.  868787.  868793.  868799.  868801.  868817.  868841.  868849.
  868867.  868873.  868877.  868883.  868891.  868909.  868937.  868939.
  868943.  868951.  868957.  868993.  868997.  868999.  869017.  869021.
  869039.  869053.  869059.  869069.  869081.  869119.  869131.  869137.
  869153.  869173.  869179.  869203.  869233.  869249.  869251.  869257.
  869273.  869291.  869293.  869299.  869303.  869317.  869321.  869339.
  869369.  869371.  869381.  869399.  869413.  869419.  869437.  869443.
  869461.  869467.  869471.  869489.  869501.  869521.  869543.  869551.
  869563.  869579.  869587.  869597.  869599.  869657.  869663.  869683.
  869689.  869707.  869717.  869747.  869753.  869773.  869777.  869779.
  869807.  869809.  869819.  869849.  869863.  869879.  869887.  869893.
  869899.  869909.  869927.  869951.  869959.  869983.  869989.  870007.
  870013.  870031.  870047.  870049.]