[ 879689.  879691.  879701.  879707.  879709.  879713.  879721.  879743.
  879797.  879799.  879817.  879821.  879839.  879859.  879863.  879881.
  879917.  879919.  879941.  879953.  879961.  879973.  879979.  880001.
  880007.  880021.  880027.  880031.  880043.  880057.  880067.  880069.
  880091.  880097.  880109.  880127.  880133.  880151.  880153.  880199.
  880211.  880219.  880223.  880247.  880249.  880259.  880283.  880301.
  880303.  880331.  880337.  880343.  880349.  880361.  880367.  880409.
  880421.  880423.  880427.  880483.  880487.  880513.  880519.  880531.
  880541.  880543.  880553.  880559.  880571.  880573.  880589.  880603.
  880661.  880667.  880673.  880681.  880687.  880699.  880703.  880709.
  880723.  880727.  880729.  880751.  880793.  880799.  880801.  880813.
  880819.  880823.  880853.  880861.  880871.  880883.  880903.  880907.
  880909.  880939.  880949.  880951.]