[ 880961.  880981.  880993.  881003.  881009.  881017.  881029.  881057.
  881071.  881077.  881099.  881119.  881141.  881143.  881147.  881159.
  881171.  881173.  881191.  881197.  881207.  881219.  881233.  881249.
  881269.  881273.  881311.  881317.  881327.  881333.  881351.  881357.
  881369.  881393.  881407.  881411.  881417.  881437.  881449.  881471.
  881473.  881477.  881479.  881509.  881527.  881533.  881537.  881539.
  881591.  881597.  881611.  881641.  881663.  881669.  881681.  881707.
  881711.  881729.  881743.  881779.  881813.  881833.  881849.  881897.
  881899.  881911.  881917.  881939.  881953.  881963.  881983.  881987.
  882017.  882019.  882029.  882031.  882047.  882061.  882067.  882071.
  882083.  882103.  882139.  882157.  882169.  882173.  882179.  882187.
  882199.  882239.  882241.  882247.  882251.  882253.  882263.  882289.
  882313.  882359.  882367.  882377.]