[ 885217.  885223.  885233.  885239.  885251.  885257.  885263.  885289.
  885301.  885307.  885331.  885359.  885371.  885383.  885389.  885397.
  885403.  885421.  885427.  885449.  885473.  885487.  885497.  885503.
  885509.  885517.  885529.  885551.  885553.  885589.  885607.  885611.
  885623.  885679.  885713.  885721.  885727.  885733.  885737.  885769.
  885791.  885793.  885803.  885811.  885821.  885823.  885839.  885869.
  885881.  885883.  885889.  885893.  885919.  885923.  885931.  885943.
  885947.  885959.  885961.  885967.  885971.  885977.  885991.  886007.
  886013.  886019.  886021.  886031.  886043.  886069.  886097.  886117.
  886129.  886163.  886177.  886181.  886183.  886189.  886199.  886241.
  886243.  886247.  886271.  886283.  886307.  886313.  886337.  886339.
  886349.  886367.  886381.  886387.  886421.  886427.  886429.  886433.
  886453.  886463.  886469.  886471.]