[ 886493.  886511.  886517.  886519.  886537.  886541.  886547.  886549.
  886583.  886591.  886607.  886609.  886619.  886643.  886651.  886663.
  886667.  886741.  886747.  886751.  886759.  886777.  886793.  886799.
  886807.  886819.  886859.  886867.  886891.  886909.  886913.  886967.
  886969.  886973.  886979.  886981.  886987.  886993.  886999.  887017.
  887057.  887059.  887069.  887093.  887101.  887113.  887141.  887143.
  887153.  887171.  887177.  887191.  887203.  887233.  887261.  887267.
  887269.  887291.  887311.  887323.  887333.  887377.  887387.  887399.
  887401.  887423.  887441.  887449.  887459.  887479.  887483.  887503.
  887533.  887543.  887567.  887569.  887573.  887581.  887599.  887617.
  887629.  887633.  887641.  887651.  887657.  887659.  887669.  887671.
  887681.  887693.  887701.  887707.  887717.  887743.  887749.  887759.
  887819.  887827.  887837.  887839.]