[ 889211.  889237.  889247.  889261.  889271.  889279.  889289.  889309.
  889313.  889327.  889337.  889349.  889351.  889363.  889367.  889373.
  889391.  889411.  889429.  889439.  889453.  889481.  889489.  889501.
  889519.  889579.  889589.  889597.  889631.  889639.  889657.  889673.
  889687.  889697.  889699.  889703.  889727.  889747.  889769.  889783.
  889829.  889871.  889873.  889877.  889879.  889891.  889901.  889907.
  889909.  889921.  889937.  889951.  889957.  889963.  889997.  890003.
  890011.  890027.  890053.  890063.  890083.  890107.  890111.  890117.
  890119.  890129.  890147.  890159.  890161.  890177.  890221.  890231.
  890237.  890287.  890291.  890303.  890317.  890333.  890371.  890377.
  890419.  890429.  890437.  890441.  890459.  890467.  890501.  890531.
  890543.  890551.  890563.  890597.  890609.  890653.  890657.  890671.
  890683.  890707.  890711.  890717.]