[ 890737.  890761.  890789.  890797.  890803.  890809.  890821.  890833.
  890843.  890861.  890863.  890867.  890881.  890887.  890893.  890927.
  890933.  890941.  890957.  890963.  890969.  890993.  890999.  891001.
  891017.  891047.  891049.  891061.  891067.  891091.  891101.  891103.
  891133.  891151.  891161.  891173.  891179.  891223.  891239.  891251.
  891277.  891287.  891311.  891323.  891329.  891349.  891377.  891379.
  891389.  891391.  891409.  891421.  891427.  891439.  891481.  891487.
  891491.  891493.  891509.  891521.  891523.  891551.  891557.  891559.
  891563.  891571.  891577.  891587.  891593.  891601.  891617.  891629.
  891643.  891647.  891659.  891661.  891677.  891679.  891707.  891743.
  891749.  891763.  891767.  891797.  891799.  891809.  891817.  891823.
  891827.  891829.  891851.  891859.  891887.  891889.  891893.  891899.
  891907.  891923.  891929.  891967.]