[ 893351.  893359.  893363.  893381.  893383.  893407.  893413.  893419.
  893429.  893441.  893449.  893479.  893489.  893509.  893521.  893549.
  893567.  893591.  893603.  893609.  893653.  893657.  893671.  893681.
  893701.  893719.  893723.  893743.  893777.  893797.  893821.  893839.
  893857.  893863.  893873.  893881.  893897.  893903.  893917.  893929.
  893933.  893939.  893989.  893999.  894011.  894037.  894059.  894067.
  894073.  894097.  894109.  894119.  894137.  894139.  894151.  894161.
  894167.  894181.  894191.  894193.  894203.  894209.  894211.  894221.
  894227.  894233.  894239.  894247.  894259.  894277.  894281.  894287.
  894301.  894329.  894343.  894371.  894391.  894403.  894407.  894409.
  894419.  894427.  894431.  894449.  894451.  894503.  894511.  894521.
  894527.  894541.  894547.  894559.  894581.  894589.  894611.  894613.
  894637.  894643.  894667.  894689.]