[ 894709.  894713.  894721.  894731.  894749.  894763.  894779.  894791.
  894793.  894811.  894869.  894871.  894893.  894917.  894923.  894947.
  894973.  894997.  895003.  895007.  895009.  895039.  895049.  895051.
  895079.  895087.  895127.  895133.  895151.  895157.  895159.  895171.
  895189.  895211.  895231.  895241.  895243.  895247.  895253.  895277.
  895283.  895291.  895309.  895313.  895319.  895333.  895343.  895351.
  895357.  895361.  895387.  895393.  895421.  895423.  895457.  895463.
  895469.  895471.  895507.  895529.  895553.  895571.  895579.  895591.
  895613.  895627.  895633.  895649.  895651.  895667.  895669.  895673.
  895681.  895691.  895703.  895709.  895721.  895729.  895757.  895771.
  895777.  895787.  895789.  895799.  895801.  895813.  895823.  895841.
  895861.  895879.  895889.  895901.  895903.  895913.  895927.  895933.
  895957.  895987.  896003.  896009.]