[ 896047.  896069.  896101.  896107.  896111.  896113.  896123.  896143.
  896167.  896191.  896201.  896263.  896281.  896293.  896297.  896299.
  896323.  896327.  896341.  896347.  896353.  896369.  896381.  896417.
  896443.  896447.  896449.  896453.  896479.  896491.  896509.  896521.
  896531.  896537.  896543.  896549.  896557.  896561.  896573.  896587.
  896617.  896633.  896647.  896669.  896677.  896681.  896717.  896719.
  896723.  896771.  896783.  896803.  896837.  896867.  896879.  896897.
  896921.  896927.  896947.  896953.  896963.  896983.  897007.  897011.
  897019.  897049.  897053.  897059.  897067.  897077.  897101.  897103.
  897119.  897133.  897137.  897157.  897163.  897191.  897223.  897229.
  897241.  897251.  897263.  897269.  897271.  897301.  897307.  897317.
  897319.  897329.  897349.  897359.  897373.  897401.  897433.  897443.
  897461.  897467.  897469.  897473.]