[ 897497.  897499.  897517.  897527.  897553.  897557.  897563.  897571.
  897577.  897581.  897593.  897601.  897607.  897629.  897647.  897649.
  897671.  897691.  897703.  897707.  897709.  897727.  897751.  897779.
  897781.  897817.  897829.  897847.  897877.  897881.  897887.  897899.
  897907.  897931.  897947.  897971.  897983.  898013.  898019.  898033.
  898063.  898067.  898069.  898091.  898097.  898109.  898129.  898133.
  898147.  898153.  898171.  898181.  898189.  898199.  898211.  898213.
  898223.  898231.  898241.  898243.  898253.  898259.  898279.  898283.
  898291.  898307.  898319.  898327.  898361.  898369.  898409.  898421.
  898423.  898427.  898439.  898459.  898477.  898481.  898483.  898493.
  898519.  898523.  898543.  898549.  898553.  898561.  898607.  898613.
  898621.  898661.  898663.  898669.  898673.  898691.  898717.  898727.
  898753.  898763.  898769.  898787.]