[ 900331.  900349.  900397.  900409.  900443.  900461.  900481.  900491.
  900511.  900539.  900551.  900553.  900563.  900569.  900577.  900583.
  900587.  900589.  900593.  900607.  900623.  900649.  900659.  900671.
  900673.  900689.  900701.  900719.  900737.  900743.  900751.  900761.
  900763.  900773.  900797.  900803.  900817.  900821.  900863.  900869.
  900917.  900929.  900931.  900937.  900959.  900971.  900973.  900997.
  901007.  901009.  901013.  901063.  901067.  901079.  901093.  901097.
  901111.  901133.  901141.  901169.  901171.  901177.  901183.  901193.
  901207.  901211.  901213.  901247.  901249.  901253.  901273.  901279.
  901309.  901333.  901339.  901367.  901399.  901403.  901423.  901427.
  901429.  901441.  901447.  901451.  901457.  901471.  901489.  901499.
  901501.  901513.  901517.  901529.  901547.  901567.  901591.  901613.
  901643.  901657.  901679.  901687.]