[ 903163.  903179.  903197.  903211.  903223.  903251.  903257.  903269.
  903311.  903323.  903337.  903347.  903359.  903367.  903389.  903391.
  903403.  903407.  903421.  903443.  903449.  903451.  903457.  903479.
  903493.  903527.  903541.  903547.  903563.  903569.  903607.  903613.
  903641.  903649.  903673.  903677.  903691.  903701.  903709.  903751.
  903757.  903761.  903781.  903803.  903827.  903841.  903871.  903883.
  903899.  903913.  903919.  903949.  903967.  903979.  904019.  904027.
  904049.  904067.  904069.  904073.  904087.  904093.  904097.  904103.
  904117.  904121.  904147.  904157.  904181.  904193.  904201.  904207.
  904217.  904219.  904261.  904283.  904289.  904297.  904303.  904357.
  904361.  904369.  904399.  904441.  904459.  904483.  904489.  904499.
  904511.  904513.  904517.  904523.  904531.  904559.  904573.  904577.
  904601.  904619.  904627.  904633.]