[ 904637.  904643.  904661.  904663.  904667.  904679.  904681.  904693.
  904697.  904721.  904727.  904733.  904759.  904769.  904777.  904781.
  904789.  904793.  904801.  904811.  904823.  904847.  904861.  904867.
  904873.  904879.  904901.  904903.  904907.  904919.  904931.  904933.
  904987.  904997.  904999.  905011.  905053.  905059.  905071.  905083.
  905087.  905111.  905123.  905137.  905143.  905147.  905161.  905167.
  905171.  905189.  905197.  905207.  905209.  905213.  905227.  905249.
  905269.  905291.  905297.  905299.  905329.  905339.  905347.  905381.
  905413.  905449.  905453.  905461.  905477.  905491.  905497.  905507.
  905551.  905581.  905587.  905599.  905617.  905621.  905629.  905647.
  905651.  905659.  905677.  905683.  905687.  905693.  905701.  905713.
  905719.  905759.  905761.  905767.  905783.  905803.  905819.  905833.
  905843.  905897.  905909.  905917.]