[ 907213.  907217.  907223.  907229.  907237.  907259.  907267.  907279.
  907297.  907301.  907321.  907331.  907363.  907367.  907369.  907391.
  907393.  907397.  907399.  907427.  907433.  907447.  907457.  907469.
  907471.  907481.  907493.  907507.  907513.  907549.  907561.  907567.
  907583.  907589.  907637.  907651.  907657.  907663.  907667.  907691.
  907693.  907703.  907717.  907723.  907727.  907733.  907757.  907759.
  907793.  907807.  907811.  907813.  907831.  907843.  907849.  907871.
  907891.  907909.  907913.  907927.  907957.  907967.  907969.  907997.
  907999.  908003.  908041.  908053.  908057.  908071.  908081.  908101.
  908113.  908129.  908137.  908153.  908179.  908183.  908197.  908213.
  908221.  908233.  908249.  908287.  908317.  908321.  908353.  908359.
  908363.  908377.  908381.  908417.  908419.  908441.  908449.  908459.
  908471.  908489.  908491.  908503.]