[ 908513.  908521.  908527.  908533.  908539.  908543.  908549.  908573.
  908581.  908591.  908597.  908603.  908617.  908623.  908627.  908653.
  908669.  908671.  908711.  908723.  908731.  908741.  908749.  908759.
  908771.  908797.  908807.  908813.  908819.  908821.  908849.  908851.
  908857.  908861.  908863.  908879.  908881.  908893.  908909.  908911.
  908927.  908953.  908959.  908993.  909019.  909023.  909031.  909037.
  909043.  909047.  909061.  909071.  909089.  909091.  909107.  909113.
  909119.  909133.  909151.  909173.  909203.  909217.  909239.  909241.
  909247.  909253.  909281.  909287.  909289.  909299.  909301.  909317.
  909319.  909329.  909331.  909341.  909343.  909371.  909379.  909383.
  909401.  909409.  909437.  909451.  909457.  909463.  909481.  909521.
  909529.  909539.  909541.  909547.  909577.  909599.  909611.  909613.
  909631.  909637.  909679.  909683.]