[ 90989.  90997.  91009.  91019.  91033.  91079.  91081.  91097.  91099.
  91121.  91127.  91129.  91139.  91141.  91151.  91153.  91159.  91163.
  91183.  91193.  91199.  91229.  91237.  91243.  91249.  91253.  91283.
  91291.  91297.  91303.  91309.  91331.  91367.  91369.  91373.  91381.
  91387.  91393.  91397.  91411.  91423.  91433.  91453.  91457.  91459.
  91463.  91493.  91499.  91513.  91529.  91541.  91571.  91573.  91577.
  91583.  91591.  91621.  91631.  91639.  91673.  91691.  91703.  91711.
  91733.  91753.  91757.  91771.  91781.  91801.  91807.  91811.  91813.
  91823.  91837.  91841.  91867.  91873.  91909.  91921.  91939.  91943.
  91951.  91957.  91961.  91967.  91969.  91997.  92003.  92009.  92033.
  92041.  92051.  92077.  92083.  92107.  92111.  92119.  92143.  92153.
  92173.]