[ 911147.  911159.  911161.  911167.  911171.  911173.  911179.  911201.
  911219.  911227.  911231.  911233.  911249.  911269.  911291.  911293.
  911303.  911311.  911321.  911327.  911341.  911357.  911359.  911363.
  911371.  911413.  911419.  911437.  911453.  911459.  911503.  911507.
  911527.  911549.  911593.  911597.  911621.  911633.  911657.  911663.
  911671.  911681.  911683.  911689.  911707.  911719.  911723.  911737.
  911749.  911773.  911777.  911783.  911819.  911831.  911837.  911839.
  911851.  911861.  911873.  911879.  911893.  911899.  911903.  911917.
  911947.  911951.  911957.  911959.  911969.  912007.  912031.  912047.
  912049.  912053.  912061.  912083.  912089.  912103.  912167.  912173.
  912187.  912193.  912211.  912217.  912227.  912239.  912251.  912269.
  912287.  912337.  912343.  912349.  912367.  912391.  912397.  912403.
  912409.  912413.  912449.  912451.]