[ 912463.  912467.  912469.  912481.  912487.  912491.  912497.  912511.
  912521.  912523.  912533.  912539.  912559.  912581.  912631.  912647.
  912649.  912727.  912763.  912773.  912797.  912799.  912809.  912823.
  912829.  912839.  912851.  912853.  912859.  912869.  912871.  912911.
  912929.  912941.  912953.  912959.  912971.  912973.  912979.  912991.
  913013.  913027.  913037.  913039.  913063.  913067.  913103.  913139.
  913151.  913177.  913183.  913217.  913247.  913259.  913279.  913309.
  913321.  913327.  913331.  913337.  913373.  913397.  913417.  913421.
  913433.  913441.  913447.  913457.  913483.  913487.  913513.  913571.
  913573.  913579.  913589.  913637.  913639.  913687.  913709.  913723.
  913739.  913753.  913771.  913799.  913811.  913853.  913873.  913889.
  913907.  913921.  913933.  913943.  913981.  913999.  914021.  914027.
  914041.  914047.  914117.  914131.]