[ 914161.  914189.  914191.  914213.  914219.  914237.  914239.  914257.
  914269.  914279.  914293.  914321.  914327.  914339.  914351.  914357.
  914359.  914363.  914369.  914371.  914429.  914443.  914449.  914461.
  914467.  914477.  914491.  914513.  914519.  914521.  914533.  914561.
  914569.  914579.  914581.  914591.  914597.  914609.  914611.  914629.
  914647.  914657.  914701.  914713.  914723.  914731.  914737.  914777.
  914783.  914789.  914791.  914801.  914813.  914819.  914827.  914843.
  914857.  914861.  914867.  914873.  914887.  914891.  914897.  914941.
  914951.  914971.  914981.  915007.  915017.  915029.  915041.  915049.
  915053.  915067.  915071.  915113.  915139.  915143.  915157.  915181.
  915191.  915197.  915199.  915203.  915221.  915223.  915247.  915251.
  915253.  915259.  915283.  915301.  915311.  915353.  915367.  915379.
  915391.  915437.  915451.  915479.]