[ 919519.  919531.  919559.  919571.  919591.  919613.  919621.  919631.
  919679.  919691.  919693.  919703.  919729.  919757.  919759.  919769.
  919781.  919799.  919811.  919817.  919823.  919859.  919871.  919883.
  919901.  919903.  919913.  919927.  919937.  919939.  919949.  919951.
  919969.  919979.  920011.  920021.  920039.  920053.  920107.  920123.
  920137.  920147.  920149.  920167.  920197.  920201.  920203.  920209.
  920219.  920233.  920263.  920267.  920273.  920279.  920281.  920291.
  920323.  920333.  920357.  920371.  920377.  920393.  920399.  920407.
  920411.  920419.  920441.  920443.  920467.  920473.  920477.  920497.
  920509.  920519.  920539.  920561.  920609.  920641.  920651.  920653.
  920677.  920687.  920701.  920707.  920729.  920741.  920743.  920753.
  920761.  920783.  920789.  920791.  920807.  920827.  920833.  920849.
  920863.  920869.  920891.  920921.]