[ 922289.  922291.  922303.  922309.  922321.  922331.  922333.  922351.
  922357.  922367.  922391.  922423.  922451.  922457.  922463.  922487.
  922489.  922499.  922511.  922513.  922517.  922531.  922549.  922561.
  922601.  922613.  922619.  922627.  922631.  922637.  922639.  922643.
  922667.  922679.  922681.  922699.  922717.  922729.  922739.  922741.
  922781.  922807.  922813.  922853.  922861.  922897.  922907.  922931.
  922973.  922993.  923017.  923023.  923029.  923047.  923051.  923053.
  923107.  923123.  923129.  923137.  923141.  923147.  923171.  923177.
  923179.  923183.  923201.  923203.  923227.  923233.  923239.  923249.
  923309.  923311.  923333.  923341.  923347.  923369.  923371.  923387.
  923399.  923407.  923411.  923437.  923441.  923449.  923453.  923467.
  923471.  923501.  923509.  923513.  923539.  923543.  923551.  923561.
  923567.  923579.  923581.  923591.]