[ 923599.  923603.  923617.  923641.  923653.  923687.  923693.  923701.
  923711.  923719.  923743.  923773.  923789.  923809.  923833.  923849.
  923851.  923861.  923869.  923903.  923917.  923929.  923939.  923947.
  923953.  923959.  923963.  923971.  923977.  923983.  923987.  924019.
  924023.  924031.  924037.  924041.  924043.  924059.  924073.  924083.
  924097.  924101.  924109.  924139.  924151.  924173.  924191.  924197.
  924241.  924269.  924281.  924283.  924299.  924323.  924337.  924359.
  924361.  924383.  924397.  924401.  924403.  924419.  924421.  924431.
  924437.  924463.  924493.  924499.  924503.  924523.  924527.  924529.
  924551.  924557.  924601.  924617.  924641.  924643.  924659.  924661.
  924683.  924697.  924709.  924713.  924719.  924727.  924731.  924743.
  924751.  924757.  924769.  924773.  924779.  924793.  924809.  924811.
  924827.  924829.  924841.  924871.]