[ 927643.  927649.  927653.  927671.  927677.  927683.  927709.  927727.
  927743.  927763.  927769.  927779.  927791.  927803.  927821.  927833.
  927841.  927847.  927853.  927863.  927869.  927961.  927967.  927973.
  928001.  928043.  928051.  928063.  928079.  928097.  928099.  928111.
  928139.  928141.  928153.  928157.  928159.  928163.  928177.  928223.
  928231.  928253.  928267.  928271.  928273.  928289.  928307.  928313.
  928331.  928337.  928351.  928399.  928409.  928423.  928427.  928429.
  928453.  928457.  928463.  928469.  928471.  928513.  928547.  928559.
  928561.  928597.  928607.  928619.  928621.  928637.  928643.  928649.
  928651.  928661.  928679.  928699.  928703.  928769.  928771.  928787.
  928793.  928799.  928813.  928817.  928819.  928849.  928859.  928871.
  928883.  928903.  928913.  928927.  928933.  928979.  929003.  929009.
  929011.  929023.  929029.  929051.]