[ 933217.  933221.  933241.  933259.  933263.  933269.  933293.  933301.
  933313.  933319.  933329.  933349.  933389.  933397.  933403.  933407.
  933421.  933433.  933463.  933479.  933497.  933523.  933551.  933553.
  933563.  933601.  933607.  933613.  933643.  933649.  933671.  933677.
  933703.  933707.  933739.  933761.  933781.  933787.  933797.  933809.
  933811.  933817.  933839.  933847.  933851.  933853.  933883.  933893.
  933923.  933931.  933943.  933949.  933953.  933967.  933973.  933979.
  934001.  934009.  934033.  934039.  934049.  934051.  934057.  934067.
  934069.  934079.  934111.  934117.  934121.  934127.  934151.  934159.
  934187.  934223.  934229.  934243.  934253.  934259.  934277.  934291.
  934301.  934319.  934343.  934387.  934393.  934399.  934403.  934429.
  934441.  934463.  934469.  934481.  934487.  934489.  934499.  934517.
  934523.  934537.  934543.  934547.]