[ 935861.  935899.  935903.  935971.  935999.  936007.  936029.  936053.
  936097.  936113.  936119.  936127.  936151.  936161.  936179.  936181.
  936197.  936203.  936223.  936227.  936233.  936253.  936259.  936281.
  936283.  936311.  936319.  936329.  936361.  936379.  936391.  936401.
  936407.  936413.  936437.  936451.  936469.  936487.  936493.  936499.
  936511.  936521.  936527.  936539.  936557.  936577.  936587.  936599.
  936619.  936647.  936659.  936667.  936673.  936679.  936697.  936709.
  936713.  936731.  936737.  936739.  936769.  936773.  936779.  936797.
  936811.  936827.  936869.  936889.  936907.  936911.  936917.  936919.
  936937.  936941.  936953.  936967.  937003.  937007.  937009.  937031.
  937033.  937049.  937067.  937121.  937127.  937147.  937151.  937171.
  937187.  937207.  937229.  937231.  937241.  937243.  937253.  937331.
  937337.  937351.  937373.  937379.]