[ 938761.  938803.  938807.  938827.  938831.  938843.  938857.  938869.
  938879.  938881.  938921.  938939.  938947.  938953.  938963.  938969.
  938981.  938983.  938989.  939007.  939011.  939019.  939061.  939089.
  939091.  939109.  939119.  939121.  939157.  939167.  939179.  939181.
  939193.  939203.  939229.  939247.  939287.  939293.  939299.  939317.
  939347.  939349.  939359.  939361.  939373.  939377.  939391.  939413.
  939431.  939439.  939443.  939451.  939469.  939487.  939511.  939551.
  939581.  939599.  939611.  939613.  939623.  939649.  939661.  939677.
  939707.  939713.  939737.  939739.  939749.  939767.  939769.  939773.
  939791.  939793.  939823.  939839.  939847.  939853.  939871.  939881.
  939901.  939923.  939931.  939971.  939973.  939989.  939997.  940001.
  940003.  940019.  940031.  940067.  940073.  940087.  940097.  940127.
  940157.  940169.  940183.  940189.]