[ 94351.  94379.  94397.  94399.  94421.  94427.  94433.  94439.  94441.
  94447.  94463.  94477.  94483.  94513.  94529.  94531.  94541.  94543.
  94547.  94559.  94561.  94573.  94583.  94597.  94603.  94613.  94621.
  94649.  94651.  94687.  94693.  94709.  94723.  94727.  94747.  94771.
  94777.  94781.  94789.  94793.  94811.  94819.  94823.  94837.  94841.
  94847.  94849.  94873.  94889.  94903.  94907.  94933.  94949.  94951.
  94961.  94993.  94999.  95003.  95009.  95021.  95027.  95063.  95071.
  95083.  95087.  95089.  95093.  95101.  95107.  95111.  95131.  95143.
  95153.  95177.  95189.  95191.  95203.  95213.  95219.  95231.  95233.
  95239.  95257.  95261.  95267.  95273.  95279.  95287.  95311.  95317.
  95327.  95339.  95369.  95383.  95393.  95401.  95413.  95419.  95429.
  95441.]