[ 948457.  948469.  948487.  948517.  948533.  948547.  948551.  948557.
  948581.  948593.  948659.  948671.  948707.  948713.  948721.  948749.
  948767.  948797.  948799.  948839.  948847.  948853.  948877.  948887.
  948901.  948907.  948929.  948943.  948947.  948971.  948973.  948989.
  949001.  949019.  949021.  949033.  949037.  949043.  949051.  949111.
  949121.  949129.  949147.  949153.  949159.  949171.  949211.  949213.
  949241.  949243.  949253.  949261.  949303.  949307.  949381.  949387.
  949391.  949409.  949423.  949427.  949439.  949441.  949451.  949453.
  949471.  949477.  949513.  949517.  949523.  949567.  949583.  949589.
  949607.  949609.  949621.  949631.  949633.  949643.  949649.  949651.
  949667.  949673.  949687.  949691.  949699.  949733.  949759.  949771.
  949777.  949789.  949811.  949849.  949853.  949889.  949891.  949903.
  949931.  949937.  949939.  949951.]