[ 952657.  952667.  952669.  952681.  952687.  952691.  952709.  952739.
  952741.  952753.  952771.  952789.  952811.  952813.  952823.  952829.
  952843.  952859.  952873.  952877.  952883.  952921.  952927.  952933.
  952937.  952943.  952957.  952967.  952979.  952981.  952997.  953023.
  953039.  953041.  953053.  953077.  953081.  953093.  953111.  953131.
  953149.  953171.  953179.  953191.  953221.  953237.  953243.  953261.
  953273.  953297.  953321.  953333.  953341.  953347.  953399.  953431.
  953437.  953443.  953473.  953483.  953497.  953501.  953503.  953507.
  953521.  953539.  953543.  953551.  953567.  953593.  953621.  953639.
  953647.  953651.  953671.  953681.  953699.  953707.  953731.  953747.
  953773.  953789.  953791.  953831.  953851.  953861.  953873.  953881.
  953917.  953923.  953929.  953941.  953969.  953977.  953983.  953987.
  954001.  954007.  954011.  954043.]