[ 954067.  954097.  954103.  954131.  954133.  954139.  954157.  954167.
  954181.  954203.  954209.  954221.  954229.  954253.  954257.  954259.
  954263.  954269.  954277.  954287.  954307.  954319.  954323.  954367.
  954377.  954379.  954391.  954409.  954433.  954451.  954461.  954469.
  954491.  954497.  954509.  954517.  954539.  954571.  954599.  954619.
  954623.  954641.  954649.  954671.  954677.  954697.  954713.  954719.
  954727.  954743.  954757.  954763.  954827.  954829.  954847.  954851.
  954853.  954857.  954869.  954871.  954911.  954917.  954923.  954929.
  954971.  954973.  954977.  954979.  954991.  955037.  955039.  955051.
  955061.  955063.  955091.  955093.  955103.  955127.  955139.  955147.
  955153.  955183.  955193.  955211.  955217.  955223.  955243.  955261.
  955267.  955271.  955277.  955307.  955309.  955313.  955319.  955333.
  955337.  955363.  955379.  955391.]