[ 955433.  955439.  955441.  955457.  955469.  955477.  955481.  955483.
  955501.  955511.  955541.  955601.  955607.  955613.  955649.  955657.
  955693.  955697.  955709.  955711.  955727.  955729.  955769.  955777.
  955781.  955793.  955807.  955813.  955819.  955841.  955853.  955879.
  955883.  955891.  955901.  955919.  955937.  955939.  955951.  955957.
  955963.  955967.  955987.  955991.  955993.  956003.  956051.  956057.
  956083.  956107.  956113.  956119.  956143.  956147.  956177.  956231.
  956237.  956261.  956269.  956273.  956281.  956303.  956311.  956341.
  956353.  956357.  956377.  956383.  956387.  956393.  956399.  956401.
  956429.  956477.  956503.  956513.  956521.  956569.  956587.  956617.
  956633.  956689.  956699.  956713.  956723.  956749.  956759.  956789.
  956801.  956831.  956843.  956849.  956861.  956881.  956903.  956909.
  956929.  956941.  956951.  956953.]