[ 956987.  956993.  956999.  957031.  957037.  957041.  957043.  957059.
  957071.  957091.  957097.  957107.  957109.  957119.  957133.  957139.
  957161.  957169.  957181.  957193.  957211.  957221.  957241.  957247.
  957263.  957289.  957317.  957331.  957337.  957349.  957361.  957403.
  957409.  957413.  957419.  957431.  957433.  957499.  957529.  957547.
  957553.  957557.  957563.  957587.  957599.  957601.  957611.  957641.
  957643.  957659.  957701.  957703.  957709.  957721.  957731.  957751.
  957769.  957773.  957811.  957821.  957823.  957851.  957871.  957877.
  957889.  957917.  957937.  957949.  957953.  957959.  957977.  957991.
  958007.  958021.  958039.  958043.  958049.  958051.  958057.  958063.
  958121.  958123.  958141.  958159.  958163.  958183.  958193.  958213.
  958259.  958261.  958289.  958313.  958319.  958327.  958333.  958339.
  958343.  958351.  958357.  958361.]