[ 962447.  962459.  962461.  962471.  962477.  962497.  962503.  962509.
  962537.  962543.  962561.  962569.  962587.  962603.  962609.  962617.
  962623.  962627.  962653.  962669.  962671.  962677.  962681.  962683.
  962737.  962743.  962747.  962779.  962783.  962789.  962791.  962807.
  962837.  962839.  962861.  962867.  962869.  962903.  962909.  962911.
  962921.  962959.  962963.  962971.  962993.  963019.  963031.  963043.
  963047.  963097.  963103.  963121.  963143.  963163.  963173.  963181.
  963187.  963191.  963211.  963223.  963227.  963239.  963241.  963253.
  963283.  963299.  963301.  963311.  963323.  963331.  963341.  963343.
  963349.  963367.  963379.  963397.  963419.  963427.  963461.  963481.
  963491.  963497.  963499.  963559.  963581.  963601.  963607.  963629.
  963643.  963653.  963659.  963667.  963689.  963691.  963701.  963707.
  963709.  963719.  963731.  963751.]