[ 963761.  963763.  963779.  963793.  963799.  963811.  963817.  963839.
  963841.  963847.  963863.  963871.  963877.  963899.  963901.  963913.
  963943.  963973.  963979.  964009.  964021.  964027.  964039.  964049.
  964081.  964097.  964133.  964151.  964153.  964199.  964207.  964213.
  964217.  964219.  964253.  964259.  964261.  964267.  964283.  964289.
  964297.  964303.  964309.  964333.  964339.  964351.  964357.  964363.
  964373.  964417.  964423.  964433.  964463.  964499.  964501.  964507.
  964517.  964519.  964531.  964559.  964571.  964577.  964583.  964589.
  964609.  964637.  964661.  964679.  964693.  964697.  964703.  964721.
  964753.  964757.  964783.  964787.  964793.  964823.  964829.  964861.
  964871.  964879.  964883.  964889.  964897.  964913.  964927.  964933.
  964939.  964967.  964969.  964973.  964981.  965023.  965047.  965059.
  965087.  965089.  965101.  965113.]