[ 96587.  96589.  96601.  96643.  96661.  96667.  96671.  96697.  96703.
  96731.  96737.  96739.  96749.  96757.  96763.  96769.  96779.  96787.
  96797.  96799.  96821.  96823.  96827.  96847.  96851.  96857.  96893.
  96907.  96911.  96931.  96953.  96959.  96973.  96979.  96989.  96997.
  97001.  97003.  97007.  97021.  97039.  97073.  97081.  97103.  97117.
  97127.  97151.  97157.  97159.  97169.  97171.  97177.  97187.  97213.
  97231.  97241.  97259.  97283.  97301.  97303.  97327.  97367.  97369.
  97373.  97379.  97381.  97387.  97397.  97423.  97429.  97441.  97453.
  97459.  97463.  97499.  97501.  97511.  97523.  97547.  97549.  97553.
  97561.  97571.  97577.  97579.  97583.  97607.  97609.  97613.  97649.
  97651.  97673.  97687.  97711.  97729.  97771.  97777.  97787.  97789.
  97813.]