[ 969347.  969359.  969377.  969403.  969407.  969421.  969431.  969433.
  969443.  969457.  969461.  969467.  969481.  969497.  969503.  969509.
  969533.  969559.  969569.  969593.  969599.  969637.  969641.  969667.
  969671.  969677.  969679.  969713.  969719.  969721.  969743.  969757.
  969763.  969767.  969791.  969797.  969809.  969821.  969851.  969863.
  969869.  969877.  969889.  969907.  969911.  969919.  969923.  969929.
  969977.  969989.  970027.  970031.  970043.  970051.  970061.  970063.
  970069.  970087.  970091.  970111.  970133.  970147.  970201.  970213.
  970217.  970219.  970231.  970237.  970247.  970259.  970261.  970267.
  970279.  970297.  970303.  970313.  970351.  970391.  970421.  970423.
  970433.  970441.  970447.  970457.  970469.  970481.  970493.  970537.
  970549.  970561.  970573.  970583.  970603.  970633.  970643.  970657.
  970667.  970687.  970699.  970721.]