[ 970747.  970777.  970787.  970789.  970793.  970799.  970813.  970817.
  970829.  970847.  970859.  970861.  970867.  970877.  970883.  970903.
  970909.  970927.  970939.  970943.  970961.  970967.  970969.  970987.
  970997.  970999.  971021.  971027.  971029.  971039.  971051.  971053.
  971063.  971077.  971093.  971099.  971111.  971141.  971143.  971149.
  971153.  971171.  971177.  971197.  971207.  971237.  971251.  971263.
  971273.  971279.  971281.  971291.  971309.  971339.  971353.  971357.
  971371.  971381.  971387.  971389.  971401.  971419.  971429.  971441.
  971473.  971479.  971483.  971491.  971501.  971513.  971521.  971549.
  971561.  971563.  971569.  971591.  971639.  971651.  971653.  971683.
  971693.  971699.  971713.  971723.  971753.  971759.  971767.  971783.
  971821.  971833.  971851.  971857.  971863.  971899.  971903.  971917.
  971921.  971933.  971939.  971951.]