[ 973321.  973331.  973333.  973367.  973373.  973387.  973397.  973409.
  973411.  973421.  973439.  973459.  973487.  973523.  973529.  973537.
  973547.  973561.  973591.  973597.  973631.  973657.  973669.  973681.
  973691.  973727.  973757.  973759.  973781.  973787.  973789.  973801.
  973813.  973823.  973837.  973853.  973891.  973897.  973901.  973919.
  973957.  974003.  974009.  974033.  974041.  974053.  974063.  974089.
  974107.  974123.  974137.  974143.  974147.  974159.  974161.  974167.
  974177.  974179.  974189.  974213.  974249.  974261.  974269.  974273.
  974279.  974293.  974317.  974329.  974359.  974383.  974387.  974401.
  974411.  974417.  974419.  974431.  974437.  974443.  974459.  974473.
  974489.  974497.  974507.  974513.  974531.  974537.  974539.  974551.
  974557.  974563.  974581.  974591.  974599.  974651.  974653.  974657.
  974707.  974711.  974713.  974737.]