[  9739.   9743.   9749.   9767.   9769.   9781.   9787.   9791.   9803.
   9811.   9817.   9829.   9833.   9839.   9851.   9857.   9859.   9871.
   9883.   9887.   9901.   9907.   9923.   9929.   9931.   9941.   9949.
   9967.   9973.  10007.  10009.  10037.  10039.  10061.  10067.  10069.
  10079.  10091.  10093.  10099.  10103.  10111.  10133.  10139.  10141.
  10151.  10159.  10163.  10169.  10177.  10181.  10193.  10211.  10223.
  10243.  10247.  10253.  10259.  10267.  10271.  10273.  10289.  10301.
  10303.  10313.  10321.  10331.  10333.  10337.  10343.  10357.  10369.
  10391.  10399.  10427.  10429.  10433.  10453.  10457.  10459.  10463.
  10477.  10487.  10499.  10501.  10513.  10529.  10531.  10559.  10567.
  10589.  10597.  10601.  10607.  10613.  10627.  10631.  10639.  10651.
  10657.]