[ 97829.  97841.  97843.  97847.  97849.  97859.  97861.  97871.  97879.
  97883.  97919.  97927.  97931.  97943.  97961.  97967.  97973.  97987.
  98009.  98011.  98017.  98041.  98047.  98057.  98081.  98101.  98123.
  98129.  98143.  98179.  98207.  98213.  98221.  98227.  98251.  98257.
  98269.  98297.  98299.  98317.  98321.  98323.  98327.  98347.  98369.
  98377.  98387.  98389.  98407.  98411.  98419.  98429.  98443.  98453.
  98459.  98467.  98473.  98479.  98491.  98507.  98519.  98533.  98543.
  98561.  98563.  98573.  98597.  98621.  98627.  98639.  98641.  98663.
  98669.  98689.  98711.  98713.  98717.  98729.  98731.  98737.  98773.
  98779.  98801.  98807.  98809.  98837.  98849.  98867.  98869.  98873.
  98887.  98893.  98897.  98899.  98909.  98911.  98927.  98929.  98939.
  98947.]