[ 988909.  988937.  988951.  988963.  988979.  989011.  989029.  989059.
  989071.  989081.  989099.  989119.  989123.  989171.  989173.  989231.
  989239.  989249.  989251.  989279.  989293.  989309.  989321.  989323.
  989327.  989341.  989347.  989353.  989377.  989381.  989411.  989419.
  989423.  989441.  989467.  989477.  989479.  989507.  989533.  989557.
  989561.  989579.  989581.  989623.  989629.  989641.  989647.  989663.
  989671.  989687.  989719.  989743.  989749.  989753.  989761.  989777.
  989783.  989797.  989803.  989827.  989831.  989837.  989839.  989869.
  989873.  989887.  989909.  989917.  989921.  989929.  989939.  989951.
  989959.  989971.  989977.  989981.  989999.  990001.  990013.  990023.
  990037.  990043.  990053.  990137.  990151.  990163.  990169.  990179.
  990181.  990211.  990239.  990259.  990277.  990281.  990287.  990289.
  990293.  990307.  990313.  990323.]