[ 990329.  990331.  990349.  990359.  990361.  990371.  990377.  990383.
  990389.  990397.  990463.  990469.  990487.  990497.  990503.  990511.
  990523.  990529.  990547.  990559.  990589.  990593.  990599.  990631.
  990637.  990643.  990673.  990707.  990719.  990733.  990761.  990767.
  990797.  990799.  990809.  990841.  990851.  990881.  990887.  990889.
  990893.  990917.  990923.  990953.  990961.  990967.  990973.  990989.
  991009.  991027.  991031.  991037.  991043.  991057.  991063.  991069.
  991073.  991079.  991091.  991127.  991129.  991147.  991171.  991181.
  991187.  991201.  991217.  991223.  991229.  991261.  991273.  991313.
  991327.  991343.  991357.  991381.  991387.  991409.  991427.  991429.
  991447.  991453.  991483.  991493.  991499.  991511.  991531.  991541.
  991547.  991567.  991579.  991603.  991607.  991619.  991621.  991633.
  991643.  991651.  991663.  991693.]