[ 991703.  991717.  991723.  991733.  991741.  991751.  991777.  991811.
  991817.  991867.  991871.  991873.  991883.  991889.  991901.  991909.
  991927.  991931.  991943.  991951.  991957.  991961.  991973.  991979.
  991981.  991987.  991999.  992011.  992021.  992023.  992051.  992087.
  992111.  992113.  992129.  992141.  992153.  992179.  992183.  992219.
  992231.  992249.  992263.  992267.  992269.  992281.  992309.  992317.
  992357.  992359.  992363.  992371.  992393.  992417.  992429.  992437.
  992441.  992449.  992461.  992513.  992521.  992539.  992549.  992561.
  992591.  992603.  992609.  992623.  992633.  992659.  992689.  992701.
  992707.  992723.  992737.  992777.  992801.  992809.  992819.  992843.
  992857.  992861.  992863.  992867.  992891.  992903.  992917.  992923.
  992941.  992947.  992963.  992983.  993001.  993011.  993037.  993049.
  993053.  993079.  993103.  993107.]