[ 993121.  993137.  993169.  993197.  993199.  993203.  993211.  993217.
  993233.  993241.  993247.  993253.  993269.  993283.  993287.  993319.
  993323.  993341.  993367.  993397.  993401.  993407.  993431.  993437.
  993451.  993467.  993479.  993481.  993493.  993527.  993541.  993557.
  993589.  993611.  993617.  993647.  993679.  993683.  993689.  993703.
  993763.  993779.  993781.  993793.  993821.  993823.  993827.  993841.
  993851.  993869.  993887.  993893.  993907.  993913.  993919.  993943.
  993961.  993977.  993983.  993997.  994013.  994027.  994039.  994051.
  994067.  994069.  994073.  994087.  994093.  994141.  994163.  994181.
  994183.  994193.  994199.  994229.  994237.  994241.  994247.  994249.
  994271.  994297.  994303.  994307.  994309.  994319.  994321.  994337.
  994339.  994363.  994369.  994391.  994393.  994417.  994447.  994453.
  994457.  994471.  994489.  994501.]