[ 994549.  994559.  994561.  994571.  994579.  994583.  994603.  994621.
  994657.  994663.  994667.  994691.  994699.  994709.  994711.  994717.
  994723.  994751.  994769.  994793.  994811.  994813.  994817.  994831.
  994837.  994853.  994867.  994871.  994879.  994901.  994907.  994913.
  994927.  994933.  994949.  994963.  994991.  994997.  995009.  995023.
  995051.  995053.  995081.  995117.  995119.  995147.  995167.  995173.
  995219.  995227.  995237.  995243.  995273.  995303.  995327.  995329.
  995339.  995341.  995347.  995363.  995369.  995377.  995381.  995387.
  995399.  995431.  995443.  995447.  995461.  995471.  995513.  995531.
  995539.  995549.  995551.  995567.  995573.  995587.  995591.  995593.
  995611.  995623.  995641.  995651.  995663.  995669.  995677.  995699.
  995713.  995719.  995737.  995747.  995783.  995791.  995801.  995833.
  995881.  995887.  995903.  995909.]