[ 995927.  995941.  995957.  995959.  995983.  995987.  995989.  996001.
  996011.  996019.  996049.  996067.  996103.  996109.  996119.  996143.
  996157.  996161.  996167.  996169.  996173.  996187.  996197.  996209.
  996211.  996253.  996257.  996263.  996271.  996293.  996301.  996311.
  996323.  996329.  996361.  996367.  996403.  996407.  996409.  996431.
  996461.  996487.  996511.  996529.  996539.  996551.  996563.  996571.
  996599.  996601.  996617.  996629.  996631.  996637.  996647.  996649.
  996689.  996703.  996739.  996763.  996781.  996803.  996811.  996841.
  996847.  996857.  996859.  996871.  996881.  996883.  996887.  996899.
  996953.  996967.  996973.  996979.  997001.  997013.  997019.  997021.
  997037.  997043.  997057.  997069.  997081.  997091.  997097.  997099.
  997103.  997109.  997111.  997121.  997123.  997141.  997147.  997151.
  997153.  997163.  997201.  997207.]