1.000037000000000000e+06
1.000039000000000000e+06
1.000081000000000000e+06
1.000099000000000000e+06
1.000117000000000000e+06
1.000121000000000000e+06
1.000133000000000000e+06
1.000151000000000000e+06
1.000159000000000000e+06
1.000171000000000000e+06
1.000183000000000000e+06
1.000187000000000000e+06
1.000193000000000000e+06
1.000199000000000000e+06
1.000211000000000000e+06
1.000213000000000000e+06
1.000231000000000000e+06
1.000249000000000000e+06
1.000253000000000000e+06
1.000273000000000000e+06
1.000289000000000000e+06
1.000291000000000000e+06
1.000303000000000000e+06
1.000313000000000000e+06
1.000333000000000000e+06
1.000357000000000000e+06
1.000367000000000000e+06
1.000381000000000000e+06
1.000393000000000000e+06
1.000397000000000000e+06
1.000403000000000000e+06
1.000409000000000000e+06
1.000423000000000000e+06
1.000427000000000000e+06
1.000429000000000000e+06
1.000453000000000000e+06
1.000457000000000000e+06
1.000507000000000000e+06
1.000537000000000000e+06
1.000541000000000000e+06
1.000547000000000000e+06
1.000577000000000000e+06
1.000579000000000000e+06
1.000589000000000000e+06
1.000609000000000000e+06
1.000619000000000000e+06
1.000621000000000000e+06
1.000639000000000000e+06
1.000651000000000000e+06
1.000667000000000000e+06
1.000669000000000000e+06
1.000679000000000000e+06
1.000691000000000000e+06
1.000697000000000000e+06
1.000721000000000000e+06
1.000723000000000000e+06
1.000763000000000000e+06
1.000777000000000000e+06
1.000793000000000000e+06
1.000829000000000000e+06
1.000847000000000000e+06
1.000849000000000000e+06
1.000859000000000000e+06
1.000861000000000000e+06
1.000889000000000000e+06
1.000907000000000000e+06
1.000919000000000000e+06
1.000921000000000000e+06
1.000931000000000000e+06
1.000969000000000000e+06
1.000973000000000000e+06
1.000981000000000000e+06
1.000999000000000000e+06
1.001003000000000000e+06
1.001017000000000000e+06
1.001023000000000000e+06
1.001027000000000000e+06
1.001041000000000000e+06
1.001069000000000000e+06
1.001081000000000000e+06
1.001087000000000000e+06
1.001089000000000000e+06
1.001093000000000000e+06
1.001107000000000000e+06
1.001123000000000000e+06
1.001153000000000000e+06
1.001159000000000000e+06
1.001173000000000000e+06
1.001177000000000000e+06
1.001191000000000000e+06
1.001197000000000000e+06
1.001219000000000000e+06
1.001237000000000000e+06
1.001267000000000000e+06
1.001279000000000000e+06
1.001291000000000000e+06
1.001303000000000000e+06
1.001311000000000000e+06
1.001321000000000000e+06
1.001323000000000000e+06
