1.001327000000000000e+06
1.001347000000000000e+06
1.001353000000000000e+06
1.001369000000000000e+06
1.001381000000000000e+06
1.001387000000000000e+06
1.001389000000000000e+06
1.001401000000000000e+06
1.001411000000000000e+06
1.001431000000000000e+06
1.001447000000000000e+06
1.001459000000000000e+06
1.001467000000000000e+06
1.001491000000000000e+06
1.001501000000000000e+06
1.001527000000000000e+06
1.001531000000000000e+06
1.001549000000000000e+06
1.001551000000000000e+06
1.001563000000000000e+06
1.001569000000000000e+06
1.001587000000000000e+06
1.001593000000000000e+06
1.001621000000000000e+06
1.001629000000000000e+06
1.001639000000000000e+06
1.001659000000000000e+06
1.001669000000000000e+06
1.001683000000000000e+06
1.001687000000000000e+06
1.001713000000000000e+06
1.001723000000000000e+06
1.001743000000000000e+06
1.001783000000000000e+06
1.001797000000000000e+06
1.001801000000000000e+06
1.001807000000000000e+06
1.001809000000000000e+06
1.001821000000000000e+06
1.001831000000000000e+06
1.001839000000000000e+06
1.001911000000000000e+06
1.001933000000000000e+06
1.001941000000000000e+06
1.001947000000000000e+06
1.001953000000000000e+06
1.001977000000000000e+06
1.001981000000000000e+06
1.001983000000000000e+06
1.001989000000000000e+06
1.002017000000000000e+06
1.002049000000000000e+06
1.002061000000000000e+06
1.002073000000000000e+06
1.002077000000000000e+06
1.002083000000000000e+06
1.002091000000000000e+06
1.002101000000000000e+06
1.002109000000000000e+06
1.002121000000000000e+06
1.002143000000000000e+06
1.002149000000000000e+06
1.002151000000000000e+06
1.002173000000000000e+06
1.002191000000000000e+06
1.002227000000000000e+06
1.002241000000000000e+06
1.002247000000000000e+06
1.002257000000000000e+06
1.002259000000000000e+06
1.002263000000000000e+06
1.002289000000000000e+06
1.002299000000000000e+06
1.002341000000000000e+06
1.002343000000000000e+06
1.002347000000000000e+06
1.002349000000000000e+06
1.002359000000000000e+06
1.002361000000000000e+06
1.002377000000000000e+06
1.002403000000000000e+06
1.002427000000000000e+06
1.002433000000000000e+06
1.002451000000000000e+06
1.002457000000000000e+06
1.002467000000000000e+06
1.002481000000000000e+06
1.002487000000000000e+06
1.002493000000000000e+06
1.002503000000000000e+06
1.002511000000000000e+06
1.002517000000000000e+06
1.002523000000000000e+06
1.002527000000000000e+06
1.002553000000000000e+06
1.002569000000000000e+06
1.002577000000000000e+06
1.002583000000000000e+06
1.002619000000000000e+06
1.002623000000000000e+06
