1.002647000000000000e+06
1.002653000000000000e+06
1.002679000000000000e+06
1.002709000000000000e+06
1.002713000000000000e+06
1.002719000000000000e+06
1.002721000000000000e+06
1.002739000000000000e+06
1.002751000000000000e+06
1.002767000000000000e+06
1.002769000000000000e+06
1.002773000000000000e+06
1.002787000000000000e+06
1.002797000000000000e+06
1.002809000000000000e+06
1.002817000000000000e+06
1.002821000000000000e+06
1.002851000000000000e+06
1.002853000000000000e+06
1.002857000000000000e+06
1.002863000000000000e+06
1.002871000000000000e+06
1.002887000000000000e+06
1.002893000000000000e+06
1.002899000000000000e+06
1.002913000000000000e+06
1.002917000000000000e+06
1.002929000000000000e+06
1.002931000000000000e+06
1.002973000000000000e+06
1.002979000000000000e+06
1.003001000000000000e+06
1.003003000000000000e+06
1.003019000000000000e+06
1.003039000000000000e+06
1.003049000000000000e+06
1.003087000000000000e+06
1.003091000000000000e+06
1.003097000000000000e+06
1.003103000000000000e+06
1.003109000000000000e+06
1.003111000000000000e+06
1.003133000000000000e+06
1.003141000000000000e+06
1.003193000000000000e+06
1.003199000000000000e+06
1.003201000000000000e+06
1.003241000000000000e+06
1.003259000000000000e+06
1.003273000000000000e+06
1.003279000000000000e+06
1.003291000000000000e+06
1.003307000000000000e+06
1.003337000000000000e+06
1.003349000000000000e+06
1.003351000000000000e+06
1.003361000000000000e+06
1.003363000000000000e+06
1.003367000000000000e+06
1.003369000000000000e+06
1.003381000000000000e+06
1.003397000000000000e+06
1.003411000000000000e+06
1.003417000000000000e+06
1.003433000000000000e+06
1.003463000000000000e+06
1.003469000000000000e+06
1.003507000000000000e+06
1.003517000000000000e+06
1.003543000000000000e+06
1.003549000000000000e+06
1.003589000000000000e+06
1.003601000000000000e+06
1.003609000000000000e+06
1.003619000000000000e+06
1.003621000000000000e+06
1.003627000000000000e+06
1.003631000000000000e+06
1.003679000000000000e+06
1.003693000000000000e+06
1.003711000000000000e+06
1.003729000000000000e+06
1.003733000000000000e+06
1.003741000000000000e+06
1.003747000000000000e+06
1.003753000000000000e+06
1.003757000000000000e+06
1.003763000000000000e+06
1.003771000000000000e+06
1.003787000000000000e+06
1.003817000000000000e+06
1.003819000000000000e+06
1.003841000000000000e+06
1.003879000000000000e+06
1.003889000000000000e+06
1.003897000000000000e+06
1.003907000000000000e+06
1.003909000000000000e+06
1.003913000000000000e+06
1.003931000000000000e+06
