1.003943000000000000e+06
1.003957000000000000e+06
1.003963000000000000e+06
1.004027000000000000e+06
1.004033000000000000e+06
1.004053000000000000e+06
1.004057000000000000e+06
1.004063000000000000e+06
1.004077000000000000e+06
1.004089000000000000e+06
1.004117000000000000e+06
1.004119000000000000e+06
1.004137000000000000e+06
1.004141000000000000e+06
1.004161000000000000e+06
1.004167000000000000e+06
1.004209000000000000e+06
1.004221000000000000e+06
1.004233000000000000e+06
1.004273000000000000e+06
1.004279000000000000e+06
1.004287000000000000e+06
1.004293000000000000e+06
1.004303000000000000e+06
1.004317000000000000e+06
1.004323000000000000e+06
1.004363000000000000e+06
1.004371000000000000e+06
1.004401000000000000e+06
1.004429000000000000e+06
1.004441000000000000e+06
1.004449000000000000e+06
1.004453000000000000e+06
1.004461000000000000e+06
1.004477000000000000e+06
1.004483000000000000e+06
1.004501000000000000e+06
1.004527000000000000e+06
1.004537000000000000e+06
1.004551000000000000e+06
1.004561000000000000e+06
1.004567000000000000e+06
1.004599000000000000e+06
1.004651000000000000e+06
1.004657000000000000e+06
1.004659000000000000e+06
1.004669000000000000e+06
1.004671000000000000e+06
1.004677000000000000e+06
1.004687000000000000e+06
1.004723000000000000e+06
1.004737000000000000e+06
1.004743000000000000e+06
1.004747000000000000e+06
1.004749000000000000e+06
1.004761000000000000e+06
1.004779000000000000e+06
1.004797000000000000e+06
1.004873000000000000e+06
1.004903000000000000e+06
1.004911000000000000e+06
1.004917000000000000e+06
1.004963000000000000e+06
1.004977000000000000e+06
1.004981000000000000e+06
1.004987000000000000e+06
1.005007000000000000e+06
1.005013000000000000e+06
1.005019000000000000e+06
1.005029000000000000e+06
1.005041000000000000e+06
1.005049000000000000e+06
1.005071000000000000e+06
1.005073000000000000e+06
1.005079000000000000e+06
1.005101000000000000e+06
1.005107000000000000e+06
1.005131000000000000e+06
1.005133000000000000e+06
1.005143000000000000e+06
1.005161000000000000e+06
1.005187000000000000e+06
1.005203000000000000e+06
1.005209000000000000e+06
1.005217000000000000e+06
1.005223000000000000e+06
1.005229000000000000e+06
1.005239000000000000e+06
1.005241000000000000e+06
1.005269000000000000e+06
1.005287000000000000e+06
1.005293000000000000e+06
1.005313000000000000e+06
1.005317000000000000e+06
1.005331000000000000e+06
1.005349000000000000e+06
1.005359000000000000e+06
1.005371000000000000e+06
1.005373000000000000e+06
1.005391000000000000e+06
