1.005409000000000000e+06
1.005413000000000000e+06
1.005427000000000000e+06
1.005437000000000000e+06
1.005439000000000000e+06
1.005457000000000000e+06
1.005467000000000000e+06
1.005481000000000000e+06
1.005493000000000000e+06
1.005503000000000000e+06
1.005527000000000000e+06
1.005541000000000000e+06
1.005551000000000000e+06
1.005553000000000000e+06
1.005581000000000000e+06
1.005593000000000000e+06
1.005617000000000000e+06
1.005619000000000000e+06
1.005637000000000000e+06
1.005643000000000000e+06
1.005647000000000000e+06
1.005661000000000000e+06
1.005677000000000000e+06
1.005679000000000000e+06
1.005701000000000000e+06
1.005709000000000000e+06
1.005751000000000000e+06
1.005761000000000000e+06
1.005821000000000000e+06
1.005827000000000000e+06
1.005833000000000000e+06
1.005883000000000000e+06
1.005911000000000000e+06
1.005913000000000000e+06
1.005931000000000000e+06
1.005937000000000000e+06
1.005959000000000000e+06
1.005971000000000000e+06
1.005989000000000000e+06
1.006003000000000000e+06
1.006007000000000000e+06
1.006021000000000000e+06
1.006037000000000000e+06
1.006063000000000000e+06
1.006087000000000000e+06
1.006091000000000000e+06
1.006123000000000000e+06
1.006133000000000000e+06
1.006147000000000000e+06
1.006151000000000000e+06
1.006153000000000000e+06
1.006163000000000000e+06
1.006169000000000000e+06
1.006171000000000000e+06
1.006177000000000000e+06
1.006189000000000000e+06
1.006193000000000000e+06
1.006217000000000000e+06
1.006219000000000000e+06
1.006231000000000000e+06
1.006237000000000000e+06
1.006241000000000000e+06
1.006249000000000000e+06
1.006253000000000000e+06
1.006267000000000000e+06
1.006279000000000000e+06
1.006301000000000000e+06
1.006303000000000000e+06
1.006307000000000000e+06
1.006309000000000000e+06
1.006331000000000000e+06
1.006333000000000000e+06
1.006337000000000000e+06
1.006339000000000000e+06
1.006351000000000000e+06
1.006361000000000000e+06
1.006367000000000000e+06
1.006391000000000000e+06
1.006393000000000000e+06
1.006433000000000000e+06
1.006441000000000000e+06
1.006463000000000000e+06
1.006469000000000000e+06
1.006471000000000000e+06
1.006493000000000000e+06
1.006507000000000000e+06
1.006513000000000000e+06
1.006531000000000000e+06
1.006543000000000000e+06
1.006547000000000000e+06
1.006559000000000000e+06
1.006583000000000000e+06
1.006589000000000000e+06
1.006609000000000000e+06
1.006613000000000000e+06
1.006633000000000000e+06
1.006637000000000000e+06
1.006651000000000000e+06
1.006711000000000000e+06
1.006721000000000000e+06
