1.008031000000000000e+06
1.008037000000000000e+06
1.008041000000000000e+06
1.008043000000000000e+06
1.008101000000000000e+06
1.008131000000000000e+06
1.008157000000000000e+06
1.008181000000000000e+06
1.008187000000000000e+06
1.008193000000000000e+06
1.008199000000000000e+06
1.008209000000000000e+06
1.008223000000000000e+06
1.008229000000000000e+06
1.008233000000000000e+06
1.008239000000000000e+06
1.008247000000000000e+06
1.008257000000000000e+06
1.008263000000000000e+06
1.008317000000000000e+06
1.008323000000000000e+06
1.008331000000000000e+06
1.008347000000000000e+06
1.008353000000000000e+06
1.008373000000000000e+06
1.008379000000000000e+06
1.008401000000000000e+06
1.008407000000000000e+06
1.008409000000000000e+06
1.008419000000000000e+06
1.008421000000000000e+06
1.008433000000000000e+06
1.008437000000000000e+06
1.008451000000000000e+06
1.008467000000000000e+06
1.008493000000000000e+06
1.008499000000000000e+06
1.008503000000000000e+06
1.008517000000000000e+06
1.008541000000000000e+06
1.008547000000000000e+06
1.008563000000000000e+06
1.008571000000000000e+06
1.008587000000000000e+06
1.008589000000000000e+06
1.008607000000000000e+06
1.008611000000000000e+06
1.008613000000000000e+06
1.008617000000000000e+06
1.008659000000000000e+06
1.008701000000000000e+06
1.008719000000000000e+06
1.008743000000000000e+06
1.008773000000000000e+06
1.008779000000000000e+06
1.008781000000000000e+06
1.008793000000000000e+06
1.008809000000000000e+06
1.008817000000000000e+06
1.008829000000000000e+06
1.008851000000000000e+06
1.008853000000000000e+06
1.008857000000000000e+06
1.008859000000000000e+06
1.008863000000000000e+06
1.008871000000000000e+06
1.008901000000000000e+06
1.008911000000000000e+06
1.008913000000000000e+06
1.008923000000000000e+06
1.008937000000000000e+06
1.008947000000000000e+06
1.008979000000000000e+06
1.008983000000000000e+06
1.008989000000000000e+06
1.008991000000000000e+06
1.009007000000000000e+06
1.009037000000000000e+06
1.009049000000000000e+06
1.009061000000000000e+06
1.009097000000000000e+06
1.009121000000000000e+06
1.009139000000000000e+06
1.009153000000000000e+06
1.009157000000000000e+06
1.009159000000000000e+06
1.009163000000000000e+06
1.009189000000000000e+06
1.009193000000000000e+06
1.009199000000000000e+06
1.009201000000000000e+06
1.009207000000000000e+06
1.009237000000000000e+06
1.009243000000000000e+06
1.009247000000000000e+06
1.009259000000000000e+06
1.009289000000000000e+06
1.009291000000000000e+06
1.009301000000000000e+06
1.009303000000000000e+06
