1.009319000000000000e+06
1.009321000000000000e+06
1.009343000000000000e+06
1.009357000000000000e+06
1.009361000000000000e+06
1.009369000000000000e+06
1.009373000000000000e+06
1.009387000000000000e+06
1.009399000000000000e+06
1.009417000000000000e+06
1.009433000000000000e+06
1.009439000000000000e+06
1.009457000000000000e+06
1.009483000000000000e+06
1.009487000000000000e+06
1.009499000000000000e+06
1.009501000000000000e+06
1.009507000000000000e+06
1.009531000000000000e+06
1.009537000000000000e+06
1.009559000000000000e+06
1.009573000000000000e+06
1.009601000000000000e+06
1.009609000000000000e+06
1.009621000000000000e+06
1.009627000000000000e+06
1.009637000000000000e+06
1.009643000000000000e+06
1.009649000000000000e+06
1.009651000000000000e+06
1.009669000000000000e+06
1.009727000000000000e+06
1.009741000000000000e+06
1.009747000000000000e+06
1.009781000000000000e+06
1.009787000000000000e+06
1.009807000000000000e+06
1.009819000000000000e+06
1.009837000000000000e+06
1.009843000000000000e+06
1.009859000000000000e+06
1.009873000000000000e+06
1.009901000000000000e+06
1.009909000000000000e+06
1.009927000000000000e+06
1.009937000000000000e+06
1.009951000000000000e+06
1.009963000000000000e+06
1.009991000000000000e+06
1.009993000000000000e+06
1.009997000000000000e+06
1.010003000000000000e+06
1.010033000000000000e+06
1.010069000000000000e+06
1.010081000000000000e+06
1.010083000000000000e+06
1.010129000000000000e+06
1.010131000000000000e+06
1.010143000000000000e+06
1.010167000000000000e+06
1.010179000000000000e+06
1.010201000000000000e+06
1.010203000000000000e+06
1.010237000000000000e+06
1.010263000000000000e+06
1.010291000000000000e+06
1.010297000000000000e+06
1.010329000000000000e+06
1.010353000000000000e+06
1.010357000000000000e+06
1.010381000000000000e+06
1.010407000000000000e+06
1.010411000000000000e+06
1.010419000000000000e+06
1.010423000000000000e+06
1.010431000000000000e+06
1.010461000000000000e+06
1.010467000000000000e+06
1.010473000000000000e+06
1.010491000000000000e+06
1.010501000000000000e+06
1.010509000000000000e+06
1.010519000000000000e+06
1.010549000000000000e+06
1.010567000000000000e+06
1.010579000000000000e+06
1.010617000000000000e+06
1.010623000000000000e+06
1.010627000000000000e+06
1.010671000000000000e+06
1.010683000000000000e+06
1.010687000000000000e+06
1.010717000000000000e+06
1.010719000000000000e+06
1.010747000000000000e+06
1.010749000000000000e+06
1.010753000000000000e+06
1.010759000000000000e+06
1.010767000000000000e+06
1.010771000000000000e+06
