1.010783000000000000e+06
1.010791000000000000e+06
1.010797000000000000e+06
1.010809000000000000e+06
1.010833000000000000e+06
1.010843000000000000e+06
1.010861000000000000e+06
1.010881000000000000e+06
1.010897000000000000e+06
1.010899000000000000e+06
1.010903000000000000e+06
1.010917000000000000e+06
1.010929000000000000e+06
1.010957000000000000e+06
1.010981000000000000e+06
1.010983000000000000e+06
1.010993000000000000e+06
1.011001000000000000e+06
1.011013000000000000e+06
1.011029000000000000e+06
1.011037000000000000e+06
1.011067000000000000e+06
1.011071000000000000e+06
1.011077000000000000e+06
1.011079000000000000e+06
1.011091000000000000e+06
1.011107000000000000e+06
1.011137000000000000e+06
1.011139000000000000e+06
1.011163000000000000e+06
1.011167000000000000e+06
1.011191000000000000e+06
1.011217000000000000e+06
1.011221000000000000e+06
1.011229000000000000e+06
1.011233000000000000e+06
1.011239000000000000e+06
1.011271000000000000e+06
1.011277000000000000e+06
1.011281000000000000e+06
1.011289000000000000e+06
1.011331000000000000e+06
1.011343000000000000e+06
1.011349000000000000e+06
1.011359000000000000e+06
1.011371000000000000e+06
1.011377000000000000e+06
1.011391000000000000e+06
1.011397000000000000e+06
1.011407000000000000e+06
1.011431000000000000e+06
1.011443000000000000e+06
1.011509000000000000e+06
1.011539000000000000e+06
1.011553000000000000e+06
1.011559000000000000e+06
1.011583000000000000e+06
1.011587000000000000e+06
1.011589000000000000e+06
1.011599000000000000e+06
1.011601000000000000e+06
1.011631000000000000e+06
1.011641000000000000e+06
1.011649000000000000e+06
1.011667000000000000e+06
1.011671000000000000e+06
1.011677000000000000e+06
1.011697000000000000e+06
1.011719000000000000e+06
1.011733000000000000e+06
1.011737000000000000e+06
1.011749000000000000e+06
1.011763000000000000e+06
1.011779000000000000e+06
1.011797000000000000e+06
1.011799000000000000e+06
1.011817000000000000e+06
1.011827000000000000e+06
1.011889000000000000e+06
1.011893000000000000e+06
1.011917000000000000e+06
1.011937000000000000e+06
1.011943000000000000e+06
1.011947000000000000e+06
1.011961000000000000e+06
1.011973000000000000e+06
1.011979000000000000e+06
1.012007000000000000e+06
1.012009000000000000e+06
1.012031000000000000e+06
1.012043000000000000e+06
1.012049000000000000e+06
1.012079000000000000e+06
1.012087000000000000e+06
1.012093000000000000e+06
1.012097000000000000e+06
1.012103000000000000e+06
1.012133000000000000e+06
1.012147000000000000e+06
1.012159000000000000e+06
