1.012171000000000000e+06
1.012183000000000000e+06
1.012189000000000000e+06
1.012201000000000000e+06
1.012213000000000000e+06
1.012217000000000000e+06
1.012229000000000000e+06
1.012241000000000000e+06
1.012259000000000000e+06
1.012261000000000000e+06
1.012267000000000000e+06
1.012279000000000000e+06
1.012289000000000000e+06
1.012307000000000000e+06
1.012321000000000000e+06
1.012369000000000000e+06
1.012373000000000000e+06
1.012379000000000000e+06
1.012397000000000000e+06
1.012399000000000000e+06
1.012411000000000000e+06
1.012421000000000000e+06
1.012423000000000000e+06
1.012433000000000000e+06
1.012439000000000000e+06
1.012447000000000000e+06
1.012457000000000000e+06
1.012463000000000000e+06
1.012481000000000000e+06
1.012489000000000000e+06
1.012507000000000000e+06
1.012513000000000000e+06
1.012519000000000000e+06
1.012523000000000000e+06
1.012547000000000000e+06
1.012549000000000000e+06
1.012559000000000000e+06
1.012573000000000000e+06
1.012591000000000000e+06
1.012597000000000000e+06
1.012601000000000000e+06
1.012619000000000000e+06
1.012631000000000000e+06
1.012633000000000000e+06
1.012637000000000000e+06
1.012657000000000000e+06
1.012663000000000000e+06
1.012679000000000000e+06
1.012691000000000000e+06
1.012699000000000000e+06
1.012703000000000000e+06
1.012717000000000000e+06
1.012721000000000000e+06
1.012733000000000000e+06
1.012751000000000000e+06
1.012763000000000000e+06
1.012769000000000000e+06
1.012771000000000000e+06
1.012789000000000000e+06
1.012811000000000000e+06
1.012829000000000000e+06
1.012831000000000000e+06
1.012861000000000000e+06
1.012903000000000000e+06
1.012919000000000000e+06
1.012931000000000000e+06
1.012967000000000000e+06
1.012981000000000000e+06
1.012993000000000000e+06
1.012997000000000000e+06
1.013003000000000000e+06
1.013009000000000000e+06
1.013029000000000000e+06
1.013041000000000000e+06
1.013053000000000000e+06
1.013063000000000000e+06
1.013143000000000000e+06
1.013153000000000000e+06
1.013197000000000000e+06
1.013203000000000000e+06
1.013227000000000000e+06
1.013237000000000000e+06
1.013239000000000000e+06
1.013249000000000000e+06
1.013263000000000000e+06
1.013267000000000000e+06
1.013279000000000000e+06
1.013291000000000000e+06
1.013321000000000000e+06
1.013329000000000000e+06
1.013377000000000000e+06
1.013399000000000000e+06
1.013401000000000000e+06
1.013429000000000000e+06
1.013431000000000000e+06
1.013471000000000000e+06
1.013477000000000000e+06
1.013501000000000000e+06
1.013503000000000000e+06
1.013527000000000000e+06
