1.013531000000000000e+06
1.013533000000000000e+06
1.013563000000000000e+06
1.013569000000000000e+06
1.013581000000000000e+06
1.013603000000000000e+06
1.013609000000000000e+06
1.013627000000000000e+06
1.013629000000000000e+06
1.013641000000000000e+06
1.013671000000000000e+06
1.013681000000000000e+06
1.013687000000000000e+06
1.013699000000000000e+06
1.013711000000000000e+06
1.013713000000000000e+06
1.013717000000000000e+06
1.013729000000000000e+06
1.013741000000000000e+06
1.013767000000000000e+06
1.013773000000000000e+06
1.013791000000000000e+06
1.013813000000000000e+06
1.013819000000000000e+06
1.013827000000000000e+06
1.013833000000000000e+06
1.013839000000000000e+06
1.013843000000000000e+06
1.013851000000000000e+06
1.013879000000000000e+06
1.013891000000000000e+06
1.013893000000000000e+06
1.013899000000000000e+06
1.013921000000000000e+06
1.013923000000000000e+06
1.013933000000000000e+06
1.013993000000000000e+06
1.014007000000000000e+06
1.014029000000000000e+06
1.014037000000000000e+06
1.014061000000000000e+06
1.014089000000000000e+06
1.014113000000000000e+06
1.014121000000000000e+06
1.014127000000000000e+06
1.014131000000000000e+06
1.014137000000000000e+06
1.014149000000000000e+06
1.014157000000000000e+06
1.014161000000000000e+06
1.014173000000000000e+06
1.014193000000000000e+06
1.014197000000000000e+06
1.014199000000000000e+06
1.014229000000000000e+06
1.014257000000000000e+06
1.014259000000000000e+06
1.014263000000000000e+06
1.014287000000000000e+06
1.014301000000000000e+06
1.014317000000000000e+06
1.014319000000000000e+06
1.014331000000000000e+06
1.014337000000000000e+06
1.014341000000000000e+06
1.014359000000000000e+06
1.014361000000000000e+06
1.014371000000000000e+06
1.014389000000000000e+06
1.014397000000000000e+06
1.014451000000000000e+06
1.014457000000000000e+06
1.014469000000000000e+06
1.014487000000000000e+06
1.014493000000000000e+06
1.014521000000000000e+06
1.014539000000000000e+06
1.014547000000000000e+06
1.014557000000000000e+06
1.014571000000000000e+06
1.014593000000000000e+06
1.014617000000000000e+06
1.014631000000000000e+06
1.014641000000000000e+06
1.014649000000000000e+06
1.014677000000000000e+06
1.014697000000000000e+06
1.014719000000000000e+06
1.014721000000000000e+06
1.014731000000000000e+06
1.014743000000000000e+06
1.014749000000000000e+06
1.014763000000000000e+06
1.014779000000000000e+06
1.014787000000000000e+06
1.014817000000000000e+06
1.014821000000000000e+06
1.014833000000000000e+06
1.014863000000000000e+06
1.014869000000000000e+06
