1.014877000000000000e+06
1.014887000000000000e+06
1.014889000000000000e+06
1.014907000000000000e+06
1.014941000000000000e+06
1.014953000000000000e+06
1.014973000000000000e+06
1.014989000000000000e+06
1.015009000000000000e+06
1.015039000000000000e+06
1.015043000000000000e+06
1.015051000000000000e+06
1.015057000000000000e+06
1.015061000000000000e+06
1.015067000000000000e+06
1.015073000000000000e+06
1.015081000000000000e+06
1.015093000000000000e+06
1.015097000000000000e+06
1.015123000000000000e+06
1.015127000000000000e+06
1.015139000000000000e+06
1.015159000000000000e+06
1.015163000000000000e+06
1.015171000000000000e+06
1.015199000000000000e+06
1.015207000000000000e+06
1.015277000000000000e+06
1.015309000000000000e+06
1.015349000000000000e+06
1.015361000000000000e+06
1.015363000000000000e+06
1.015367000000000000e+06
1.015369000000000000e+06
1.015403000000000000e+06
1.015409000000000000e+06
1.015423000000000000e+06
1.015433000000000000e+06
1.015451000000000000e+06
1.015453000000000000e+06
1.015459000000000000e+06
1.015463000000000000e+06
1.015471000000000000e+06
1.015481000000000000e+06
1.015499000000000000e+06
1.015501000000000000e+06
1.015507000000000000e+06
1.015517000000000000e+06
1.015523000000000000e+06
1.015541000000000000e+06
1.015549000000000000e+06
1.015559000000000000e+06
1.015561000000000000e+06
1.015571000000000000e+06
1.015601000000000000e+06
1.015603000000000000e+06
1.015627000000000000e+06
1.015661000000000000e+06
1.015691000000000000e+06
1.015697000000000000e+06
1.015709000000000000e+06
1.015723000000000000e+06
1.015727000000000000e+06
1.015739000000000000e+06
1.015747000000000000e+06
1.015753000000000000e+06
1.015769000000000000e+06
1.015813000000000000e+06
1.015823000000000000e+06
1.015829000000000000e+06
1.015843000000000000e+06
1.015853000000000000e+06
1.015871000000000000e+06
1.015877000000000000e+06
1.015891000000000000e+06
1.015897000000000000e+06
1.015907000000000000e+06
1.015913000000000000e+06
1.015919000000000000e+06
1.015967000000000000e+06
1.015981000000000000e+06
1.015991000000000000e+06
1.016009000000000000e+06
1.016011000000000000e+06
1.016023000000000000e+06
1.016027000000000000e+06
1.016033000000000000e+06
1.016051000000000000e+06
1.016053000000000000e+06
1.016069000000000000e+06
1.016083000000000000e+06
1.016089000000000000e+06
1.016111000000000000e+06
1.016123000000000000e+06
1.016137000000000000e+06
1.016143000000000000e+06
1.016153000000000000e+06
1.016159000000000000e+06
1.016173000000000000e+06
1.016201000000000000e+06
