1.017617000000000000e+06
1.017623000000000000e+06
1.017647000000000000e+06
1.017649000000000000e+06
1.017673000000000000e+06
1.017683000000000000e+06
1.017703000000000000e+06
1.017713000000000000e+06
1.017719000000000000e+06
1.017721000000000000e+06
1.017749000000000000e+06
1.017781000000000000e+06
1.017787000000000000e+06
1.017799000000000000e+06
1.017817000000000000e+06
1.017827000000000000e+06
1.017847000000000000e+06
1.017851000000000000e+06
1.017857000000000000e+06
1.017859000000000000e+06
1.017881000000000000e+06
1.017889000000000000e+06
1.017923000000000000e+06
1.017953000000000000e+06
1.017959000000000000e+06
1.017997000000000000e+06
1.018007000000000000e+06
1.018019000000000000e+06
1.018021000000000000e+06
1.018057000000000000e+06
1.018091000000000000e+06
1.018097000000000000e+06
1.018109000000000000e+06
1.018123000000000000e+06
1.018177000000000000e+06
1.018201000000000000e+06
1.018207000000000000e+06
1.018217000000000000e+06
1.018223000000000000e+06
1.018247000000000000e+06
1.018253000000000000e+06
1.018271000000000000e+06
1.018291000000000000e+06
1.018301000000000000e+06
1.018309000000000000e+06
1.018313000000000000e+06
1.018337000000000000e+06
1.018357000000000000e+06
1.018411000000000000e+06
1.018421000000000000e+06
1.018429000000000000e+06
1.018439000000000000e+06
1.018447000000000000e+06
1.018471000000000000e+06
1.018477000000000000e+06
1.018489000000000000e+06
1.018513000000000000e+06
1.018543000000000000e+06
1.018559000000000000e+06
1.018583000000000000e+06
1.018613000000000000e+06
1.018621000000000000e+06
1.018643000000000000e+06
1.018649000000000000e+06
1.018651000000000000e+06
1.018669000000000000e+06
1.018673000000000000e+06
1.018679000000000000e+06
1.018697000000000000e+06
1.018709000000000000e+06
1.018711000000000000e+06
1.018729000000000000e+06
1.018733000000000000e+06
1.018763000000000000e+06
1.018769000000000000e+06
1.018777000000000000e+06
1.018789000000000000e+06
1.018807000000000000e+06
1.018811000000000000e+06
1.018813000000000000e+06
1.018817000000000000e+06
1.018859000000000000e+06
1.018873000000000000e+06
1.018879000000000000e+06
1.018889000000000000e+06
1.018903000000000000e+06
1.018907000000000000e+06
1.018931000000000000e+06
1.018937000000000000e+06
1.018949000000000000e+06
1.018957000000000000e+06
1.018967000000000000e+06
1.018981000000000000e+06
1.018987000000000000e+06
1.018993000000000000e+06
1.018999000000000000e+06
1.019023000000000000e+06
1.019033000000000000e+06
1.019059000000000000e+06
1.019069000000000000e+06
