1.020389000000000000e+06
1.020401000000000000e+06
1.020407000000000000e+06
1.020413000000000000e+06
1.020419000000000000e+06
1.020431000000000000e+06
1.020451000000000000e+06
1.020457000000000000e+06
1.020491000000000000e+06
1.020517000000000000e+06
1.020529000000000000e+06
1.020541000000000000e+06
1.020557000000000000e+06
1.020583000000000000e+06
1.020589000000000000e+06
1.020599000000000000e+06
1.020619000000000000e+06
1.020631000000000000e+06
1.020667000000000000e+06
1.020683000000000000e+06
1.020689000000000000e+06
1.020707000000000000e+06
1.020709000000000000e+06
1.020743000000000000e+06
1.020751000000000000e+06
1.020757000000000000e+06
1.020779000000000000e+06
1.020797000000000000e+06
1.020821000000000000e+06
1.020823000000000000e+06
1.020827000000000000e+06
1.020839000000000000e+06
1.020841000000000000e+06
1.020847000000000000e+06
1.020853000000000000e+06
1.020881000000000000e+06
1.020893000000000000e+06
1.020907000000000000e+06
1.020913000000000000e+06
1.020931000000000000e+06
1.020959000000000000e+06
1.020961000000000000e+06
1.020967000000000000e+06
1.020973000000000000e+06
1.020977000000000000e+06
1.020979000000000000e+06
1.020989000000000000e+06
1.020991000000000000e+06
1.020997000000000000e+06
1.021001000000000000e+06
1.021019000000000000e+06
1.021043000000000000e+06
1.021067000000000000e+06
1.021073000000000000e+06
1.021081000000000000e+06
1.021087000000000000e+06
1.021091000000000000e+06
1.021093000000000000e+06
1.021123000000000000e+06
1.021127000000000000e+06
1.021129000000000000e+06
1.021157000000000000e+06
1.021159000000000000e+06
1.021183000000000000e+06
1.021199000000000000e+06
1.021217000000000000e+06
1.021243000000000000e+06
1.021253000000000000e+06
1.021259000000000000e+06
1.021261000000000000e+06
1.021271000000000000e+06
1.021283000000000000e+06
1.021289000000000000e+06
1.021291000000000000e+06
1.021297000000000000e+06
1.021301000000000000e+06
1.021303000000000000e+06
1.021327000000000000e+06
1.021331000000000000e+06
1.021333000000000000e+06
1.021367000000000000e+06
1.021369000000000000e+06
1.021373000000000000e+06
1.021381000000000000e+06
1.021387000000000000e+06
1.021403000000000000e+06
1.021417000000000000e+06
1.021429000000000000e+06
1.021441000000000000e+06
1.021457000000000000e+06
1.021463000000000000e+06
1.021483000000000000e+06
1.021487000000000000e+06
1.021541000000000000e+06
1.021561000000000000e+06
1.021571000000000000e+06
1.021577000000000000e+06
1.021621000000000000e+06
1.021627000000000000e+06
1.021651000000000000e+06
