1.021661000000000000e+06
1.021663000000000000e+06
1.021673000000000000e+06
1.021697000000000000e+06
1.021711000000000000e+06
1.021747000000000000e+06
1.021753000000000000e+06
1.021759000000000000e+06
1.021777000000000000e+06
1.021793000000000000e+06
1.021799000000000000e+06
1.021807000000000000e+06
1.021831000000000000e+06
1.021837000000000000e+06
1.021849000000000000e+06
1.021861000000000000e+06
1.021879000000000000e+06
1.021897000000000000e+06
1.021907000000000000e+06
1.021919000000000000e+06
1.021961000000000000e+06
1.021963000000000000e+06
1.021973000000000000e+06
1.022011000000000000e+06
1.022017000000000000e+06
1.022033000000000000e+06
1.022053000000000000e+06
1.022059000000000000e+06
1.022071000000000000e+06
1.022083000000000000e+06
1.022113000000000000e+06
1.022123000000000000e+06
1.022129000000000000e+06
1.022137000000000000e+06
1.022141000000000000e+06
1.022167000000000000e+06
1.022179000000000000e+06
1.022183000000000000e+06
1.022191000000000000e+06
1.022201000000000000e+06
1.022209000000000000e+06
1.022237000000000000e+06
1.022243000000000000e+06
1.022249000000000000e+06
1.022251000000000000e+06
1.022291000000000000e+06
1.022303000000000000e+06
1.022341000000000000e+06
1.022377000000000000e+06
1.022381000000000000e+06
1.022383000000000000e+06
1.022387000000000000e+06
1.022389000000000000e+06
1.022429000000000000e+06
1.022443000000000000e+06
1.022449000000000000e+06
1.022467000000000000e+06
1.022491000000000000e+06
1.022501000000000000e+06
1.022503000000000000e+06
1.022507000000000000e+06
1.022509000000000000e+06
1.022513000000000000e+06
1.022519000000000000e+06
1.022531000000000000e+06
1.022573000000000000e+06
1.022591000000000000e+06
1.022611000000000000e+06
1.022629000000000000e+06
1.022633000000000000e+06
1.022639000000000000e+06
1.022653000000000000e+06
1.022677000000000000e+06
1.022683000000000000e+06
1.022689000000000000e+06
1.022701000000000000e+06
1.022719000000000000e+06
1.022729000000000000e+06
1.022761000000000000e+06
1.022773000000000000e+06
1.022797000000000000e+06
1.022821000000000000e+06
1.022837000000000000e+06
1.022843000000000000e+06
1.022849000000000000e+06
1.022869000000000000e+06
1.022881000000000000e+06
1.022891000000000000e+06
1.022899000000000000e+06
1.022911000000000000e+06
1.022929000000000000e+06
1.022933000000000000e+06
1.022963000000000000e+06
1.022977000000000000e+06
1.022981000000000000e+06
1.023019000000000000e+06
1.023037000000000000e+06
1.023041000000000000e+06
1.023047000000000000e+06
1.023067000000000000e+06
