1.031461000000000000e+06
1.031477000000000000e+06
1.031479000000000000e+06
1.031483000000000000e+06
1.031489000000000000e+06
1.031507000000000000e+06
1.031521000000000000e+06
1.031531000000000000e+06
1.031533000000000000e+06
1.031549000000000000e+06
1.031561000000000000e+06
1.031593000000000000e+06
1.031609000000000000e+06
1.031623000000000000e+06
1.031629000000000000e+06
1.031633000000000000e+06
1.031669000000000000e+06
1.031677000000000000e+06
1.031707000000000000e+06
1.031717000000000000e+06
1.031729000000000000e+06
1.031731000000000000e+06
1.031741000000000000e+06
1.031753000000000000e+06
1.031759000000000000e+06
1.031761000000000000e+06
1.031809000000000000e+06
1.031813000000000000e+06
1.031831000000000000e+06
1.031837000000000000e+06
1.031869000000000000e+06
1.031911000000000000e+06
1.031923000000000000e+06
1.031981000000000000e+06
1.031999000000000000e+06
1.032007000000000000e+06
1.032047000000000000e+06
1.032049000000000000e+06
1.032067000000000000e+06
1.032071000000000000e+06
1.032107000000000000e+06
1.032131000000000000e+06
1.032151000000000000e+06
1.032191000000000000e+06
1.032193000000000000e+06
1.032211000000000000e+06
1.032221000000000000e+06
1.032233000000000000e+06
1.032259000000000000e+06
1.032287000000000000e+06
1.032299000000000000e+06
1.032307000000000000e+06
1.032319000000000000e+06
1.032329000000000000e+06
1.032341000000000000e+06
1.032347000000000000e+06
1.032349000000000000e+06
1.032373000000000000e+06
1.032377000000000000e+06
1.032391000000000000e+06
1.032397000000000000e+06
1.032407000000000000e+06
1.032419000000000000e+06
1.032433000000000000e+06
1.032457000000000000e+06
1.032463000000000000e+06
1.032467000000000000e+06
1.032491000000000000e+06
1.032497000000000000e+06
1.032509000000000000e+06
1.032511000000000000e+06
1.032527000000000000e+06
1.032541000000000000e+06
1.032571000000000000e+06
1.032583000000000000e+06
1.032601000000000000e+06
1.032607000000000000e+06
1.032613000000000000e+06
1.032617000000000000e+06
1.032643000000000000e+06
1.032649000000000000e+06
1.032679000000000000e+06
1.032683000000000000e+06
1.032697000000000000e+06
1.032701000000000000e+06
1.032709000000000000e+06
1.032721000000000000e+06
1.032727000000000000e+06
1.032739000000000000e+06
1.032751000000000000e+06
1.032763000000000000e+06
1.032793000000000000e+06
1.032799000000000000e+06
1.032803000000000000e+06
1.032833000000000000e+06
1.032839000000000000e+06
1.032841000000000000e+06
1.032847000000000000e+06
1.032851000000000000e+06
1.032853000000000000e+06
