1.032881000000000000e+06
1.032887000000000000e+06
1.032901000000000000e+06
1.032943000000000000e+06
1.032949000000000000e+06
1.032959000000000000e+06
1.032961000000000000e+06
1.033001000000000000e+06
1.033007000000000000e+06
1.033027000000000000e+06
1.033033000000000000e+06
1.033037000000000000e+06
1.033057000000000000e+06
1.033061000000000000e+06
1.033063000000000000e+06
1.033069000000000000e+06
1.033079000000000000e+06
1.033099000000000000e+06
1.033127000000000000e+06
1.033139000000000000e+06
1.033171000000000000e+06
1.033181000000000000e+06
1.033189000000000000e+06
1.033223000000000000e+06
1.033271000000000000e+06
1.033273000000000000e+06
1.033289000000000000e+06
1.033297000000000000e+06
1.033303000000000000e+06
1.033309000000000000e+06
1.033313000000000000e+06
1.033337000000000000e+06
1.033339000000000000e+06
1.033343000000000000e+06
1.033349000000000000e+06
1.033363000000000000e+06
1.033369000000000000e+06
1.033381000000000000e+06
1.033387000000000000e+06
1.033393000000000000e+06
1.033421000000000000e+06
1.033423000000000000e+06
1.033427000000000000e+06
1.033441000000000000e+06
1.033451000000000000e+06
1.033457000000000000e+06
1.033463000000000000e+06
1.033469000000000000e+06
1.033489000000000000e+06
1.033493000000000000e+06
1.033499000000000000e+06
1.033507000000000000e+06
1.033517000000000000e+06
1.033537000000000000e+06
1.033541000000000000e+06
1.033559000000000000e+06
1.033567000000000000e+06
1.033601000000000000e+06
1.033603000000000000e+06
1.033631000000000000e+06
1.033661000000000000e+06
1.033663000000000000e+06
1.033667000000000000e+06
1.033679000000000000e+06
1.033687000000000000e+06
1.033693000000000000e+06
1.033741000000000000e+06
1.033751000000000000e+06
1.033759000000000000e+06
1.033777000000000000e+06
1.033783000000000000e+06
1.033789000000000000e+06
1.033793000000000000e+06
1.033801000000000000e+06
1.033807000000000000e+06
1.033829000000000000e+06
1.033841000000000000e+06
1.033843000000000000e+06
1.033867000000000000e+06
1.033927000000000000e+06
1.033951000000000000e+06
1.033987000000000000e+06
1.034003000000000000e+06
1.034009000000000000e+06
1.034027000000000000e+06
1.034029000000000000e+06
1.034069000000000000e+06
1.034071000000000000e+06
1.034101000000000000e+06
1.034119000000000000e+06
1.034123000000000000e+06
1.034147000000000000e+06
1.034167000000000000e+06
1.034171000000000000e+06
1.034177000000000000e+06
1.034183000000000000e+06
1.034197000000000000e+06
1.034207000000000000e+06
1.034219000000000000e+06
1.034221000000000000e+06
