1.034233000000000000e+06
1.034237000000000000e+06
1.034239000000000000e+06
1.034249000000000000e+06
1.034251000000000000e+06
1.034281000000000000e+06
1.034309000000000000e+06
1.034317000000000000e+06
1.034323000000000000e+06
1.034339000000000000e+06
1.034353000000000000e+06
1.034357000000000000e+06
1.034359000000000000e+06
1.034381000000000000e+06
1.034387000000000000e+06
1.034419000000000000e+06
1.034443000000000000e+06
1.034461000000000000e+06
1.034477000000000000e+06
1.034479000000000000e+06
1.034489000000000000e+06
1.034491000000000000e+06
1.034503000000000000e+06
1.034513000000000000e+06
1.034549000000000000e+06
1.034567000000000000e+06
1.034581000000000000e+06
1.034591000000000000e+06
1.034597000000000000e+06
1.034599000000000000e+06
1.034617000000000000e+06
1.034639000000000000e+06
1.034651000000000000e+06
1.034653000000000000e+06
1.034659000000000000e+06
1.034707000000000000e+06
1.034729000000000000e+06
1.034731000000000000e+06
1.034767000000000000e+06
1.034771000000000000e+06
1.034783000000000000e+06
1.034791000000000000e+06
1.034809000000000000e+06
1.034827000000000000e+06
1.034833000000000000e+06
1.034837000000000000e+06
1.034849000000000000e+06
1.034857000000000000e+06
1.034861000000000000e+06
1.034863000000000000e+06
1.034867000000000000e+06
1.034879000000000000e+06
1.034903000000000000e+06
1.034941000000000000e+06
1.034951000000000000e+06
1.034953000000000000e+06
1.034959000000000000e+06
1.034983000000000000e+06
1.034989000000000000e+06
1.034993000000000000e+06
1.035007000000000000e+06
1.035019000000000000e+06
1.035043000000000000e+06
1.035061000000000000e+06
1.035077000000000000e+06
1.035107000000000000e+06
1.035131000000000000e+06
1.035163000000000000e+06
1.035187000000000000e+06
1.035191000000000000e+06
1.035197000000000000e+06
1.035211000000000000e+06
1.035241000000000000e+06
1.035247000000000000e+06
1.035257000000000000e+06
1.035263000000000000e+06
1.035277000000000000e+06
1.035301000000000000e+06
1.035313000000000000e+06
1.035323000000000000e+06
1.035341000000000000e+06
1.035343000000000000e+06
1.035361000000000000e+06
1.035379000000000000e+06
1.035383000000000000e+06
1.035403000000000000e+06
1.035409000000000000e+06
1.035413000000000000e+06
1.035427000000000000e+06
1.035449000000000000e+06
1.035451000000000000e+06
1.035467000000000000e+06
1.035469000000000000e+06
1.035473000000000000e+06
1.035479000000000000e+06
1.035499000000000000e+06
1.035527000000000000e+06
1.035533000000000000e+06
1.035547000000000000e+06
1.035563000000000000e+06
