1.035571000000000000e+06
1.035581000000000000e+06
1.035599000000000000e+06
1.035607000000000000e+06
1.035613000000000000e+06
1.035631000000000000e+06
1.035637000000000000e+06
1.035641000000000000e+06
1.035649000000000000e+06
1.035659000000000000e+06
1.035707000000000000e+06
1.035733000000000000e+06
1.035743000000000000e+06
1.035761000000000000e+06
1.035763000000000000e+06
1.035781000000000000e+06
1.035791000000000000e+06
1.035829000000000000e+06
1.035869000000000000e+06
1.035893000000000000e+06
1.035917000000000000e+06
1.035949000000000000e+06
1.035953000000000000e+06
1.035959000000000000e+06
1.035973000000000000e+06
1.035977000000000000e+06
1.036001000000000000e+06
1.036003000000000000e+06
1.036027000000000000e+06
1.036039000000000000e+06
1.036067000000000000e+06
1.036069000000000000e+06
1.036073000000000000e+06
1.036093000000000000e+06
1.036109000000000000e+06
1.036117000000000000e+06
1.036121000000000000e+06
1.036129000000000000e+06
1.036153000000000000e+06
1.036163000000000000e+06
1.036183000000000000e+06
1.036213000000000000e+06
1.036223000000000000e+06
1.036229000000000000e+06
1.036247000000000000e+06
1.036249000000000000e+06
1.036253000000000000e+06
1.036261000000000000e+06
1.036267000000000000e+06
1.036271000000000000e+06
1.036291000000000000e+06
1.036297000000000000e+06
1.036307000000000000e+06
1.036319000000000000e+06
1.036327000000000000e+06
1.036331000000000000e+06
1.036339000000000000e+06
1.036349000000000000e+06
1.036351000000000000e+06
1.036363000000000000e+06
1.036367000000000000e+06
1.036369000000000000e+06
1.036391000000000000e+06
1.036411000000000000e+06
1.036459000000000000e+06
1.036471000000000000e+06
1.036493000000000000e+06
1.036499000000000000e+06
1.036513000000000000e+06
1.036531000000000000e+06
1.036537000000000000e+06
1.036561000000000000e+06
1.036579000000000000e+06
1.036613000000000000e+06
1.036619000000000000e+06
1.036631000000000000e+06
1.036649000000000000e+06
1.036661000000000000e+06
1.036667000000000000e+06
1.036669000000000000e+06
1.036681000000000000e+06
1.036729000000000000e+06
1.036747000000000000e+06
1.036751000000000000e+06
1.036757000000000000e+06
1.036759000000000000e+06
1.036769000000000000e+06
1.036787000000000000e+06
1.036793000000000000e+06
1.036799000000000000e+06
1.036829000000000000e+06
1.036831000000000000e+06
1.036853000000000000e+06
1.036873000000000000e+06
1.036877000000000000e+06
1.036883000000000000e+06
1.036913000000000000e+06
1.036921000000000000e+06
1.036943000000000000e+06
1.036951000000000000e+06
