1.036957000000000000e+06
1.036979000000000000e+06
1.036991000000000000e+06
1.036993000000000000e+06
1.037041000000000000e+06
1.037053000000000000e+06
1.037059000000000000e+06
1.037081000000000000e+06
1.037087000000000000e+06
1.037089000000000000e+06
1.037123000000000000e+06
1.037129000000000000e+06
1.037137000000000000e+06
1.037143000000000000e+06
1.037213000000000000e+06
1.037233000000000000e+06
1.037249000000000000e+06
1.037261000000000000e+06
1.037273000000000000e+06
1.037293000000000000e+06
1.037297000000000000e+06
1.037303000000000000e+06
1.037317000000000000e+06
1.037327000000000000e+06
1.037329000000000000e+06
1.037339000000000000e+06
1.037347000000000000e+06
1.037401000000000000e+06
1.037411000000000000e+06
1.037437000000000000e+06
1.037441000000000000e+06
1.037447000000000000e+06
1.037471000000000000e+06
1.037479000000000000e+06
1.037489000000000000e+06
1.037497000000000000e+06
1.037503000000000000e+06
1.037537000000000000e+06
1.037557000000000000e+06
1.037563000000000000e+06
1.037567000000000000e+06
1.037593000000000000e+06
1.037611000000000000e+06
1.037627000000000000e+06
1.037653000000000000e+06
1.037657000000000000e+06
1.037677000000000000e+06
1.037681000000000000e+06
1.037683000000000000e+06
1.037741000000000000e+06
1.037747000000000000e+06
1.037753000000000000e+06
1.037759000000000000e+06
1.037767000000000000e+06
1.037791000000000000e+06
1.037801000000000000e+06
1.037819000000000000e+06
1.037831000000000000e+06
1.037857000000000000e+06
1.037873000000000000e+06
1.037879000000000000e+06
1.037893000000000000e+06
1.037903000000000000e+06
1.037917000000000000e+06
1.037929000000000000e+06
1.037941000000000000e+06
1.037957000000000000e+06
1.037963000000000000e+06
1.037983000000000000e+06
1.038001000000000000e+06
1.038017000000000000e+06
1.038019000000000000e+06
1.038029000000000000e+06
1.038041000000000000e+06
1.038043000000000000e+06
1.038047000000000000e+06
1.038073000000000000e+06
1.038077000000000000e+06
1.038119000000000000e+06
1.038127000000000000e+06
1.038143000000000000e+06
1.038157000000000000e+06
1.038187000000000000e+06
1.038199000000000000e+06
1.038203000000000000e+06
1.038209000000000000e+06
1.038211000000000000e+06
1.038227000000000000e+06
1.038251000000000000e+06
1.038253000000000000e+06
1.038259000000000000e+06
1.038263000000000000e+06
1.038269000000000000e+06
1.038307000000000000e+06
1.038311000000000000e+06
1.038319000000000000e+06
1.038329000000000000e+06
1.038337000000000000e+06
1.038383000000000000e+06
1.038391000000000000e+06
