1.041269000000000000e+06
1.041281000000000000e+06
1.041283000000000000e+06
1.041289000000000000e+06
1.041307000000000000e+06
1.041311000000000000e+06
1.041317000000000000e+06
1.041329000000000000e+06
1.041343000000000000e+06
1.041349000000000000e+06
1.041373000000000000e+06
1.041421000000000000e+06
1.041427000000000000e+06
1.041449000000000000e+06
1.041451000000000000e+06
1.041461000000000000e+06
1.041497000000000000e+06
1.041511000000000000e+06
1.041517000000000000e+06
1.041529000000000000e+06
1.041553000000000000e+06
1.041559000000000000e+06
1.041563000000000000e+06
1.041571000000000000e+06
1.041577000000000000e+06
1.041583000000000000e+06
1.041617000000000000e+06
1.041619000000000000e+06
1.041643000000000000e+06
1.041653000000000000e+06
1.041671000000000000e+06
1.041673000000000000e+06
1.041701000000000000e+06
1.041731000000000000e+06
1.041737000000000000e+06
1.041757000000000000e+06
1.041779000000000000e+06
1.041787000000000000e+06
1.041793000000000000e+06
1.041823000000000000e+06
1.041829000000000000e+06
1.041841000000000000e+06
1.041853000000000000e+06
1.041857000000000000e+06
1.041863000000000000e+06
1.041869000000000000e+06
1.041889000000000000e+06
1.041893000000000000e+06
1.041907000000000000e+06
1.041919000000000000e+06
1.041949000000000000e+06
1.041961000000000000e+06
1.041983000000000000e+06
1.041991000000000000e+06
1.042001000000000000e+06
1.042021000000000000e+06
1.042039000000000000e+06
1.042043000000000000e+06
1.042081000000000000e+06
1.042087000000000000e+06
1.042091000000000000e+06
1.042099000000000000e+06
1.042103000000000000e+06
1.042109000000000000e+06
1.042121000000000000e+06
1.042123000000000000e+06
1.042133000000000000e+06
1.042141000000000000e+06
1.042183000000000000e+06
1.042187000000000000e+06
1.042193000000000000e+06
1.042211000000000000e+06
1.042241000000000000e+06
1.042243000000000000e+06
1.042259000000000000e+06
1.042267000000000000e+06
1.042271000000000000e+06
1.042273000000000000e+06
1.042309000000000000e+06
1.042331000000000000e+06
1.042333000000000000e+06
1.042357000000000000e+06
1.042369000000000000e+06
1.042373000000000000e+06
1.042381000000000000e+06
1.042399000000000000e+06
1.042427000000000000e+06
1.042439000000000000e+06
1.042451000000000000e+06
1.042469000000000000e+06
1.042487000000000000e+06
1.042519000000000000e+06
1.042523000000000000e+06
1.042529000000000000e+06
1.042571000000000000e+06
1.042577000000000000e+06
1.042583000000000000e+06
1.042597000000000000e+06
1.042607000000000000e+06
1.042609000000000000e+06
