1.042619000000000000e+06
1.042631000000000000e+06
1.042633000000000000e+06
1.042681000000000000e+06
1.042687000000000000e+06
1.042693000000000000e+06
1.042703000000000000e+06
1.042709000000000000e+06
1.042733000000000000e+06
1.042759000000000000e+06
1.042781000000000000e+06
1.042799000000000000e+06
1.042819000000000000e+06
1.042829000000000000e+06
1.042837000000000000e+06
1.042849000000000000e+06
1.042861000000000000e+06
1.042897000000000000e+06
1.042901000000000000e+06
1.042903000000000000e+06
1.042931000000000000e+06
1.042949000000000000e+06
1.042961000000000000e+06
1.042997000000000000e+06
1.043011000000000000e+06
1.043023000000000000e+06
1.043047000000000000e+06
1.043083000000000000e+06
1.043089000000000000e+06
1.043111000000000000e+06
1.043113000000000000e+06
1.043117000000000000e+06
1.043131000000000000e+06
1.043167000000000000e+06
1.043173000000000000e+06
1.043177000000000000e+06
1.043183000000000000e+06
1.043191000000000000e+06
1.043201000000000000e+06
1.043209000000000000e+06
1.043213000000000000e+06
1.043221000000000000e+06
1.043279000000000000e+06
1.043291000000000000e+06
1.043293000000000000e+06
1.043299000000000000e+06
1.043311000000000000e+06
1.043323000000000000e+06
1.043351000000000000e+06
1.043369000000000000e+06
1.043377000000000000e+06
1.043401000000000000e+06
1.043453000000000000e+06
1.043467000000000000e+06
1.043479000000000000e+06
1.043489000000000000e+06
1.043501000000000000e+06
1.043513000000000000e+06
1.043521000000000000e+06
1.043531000000000000e+06
1.043543000000000000e+06
1.043557000000000000e+06
1.043587000000000000e+06
1.043591000000000000e+06
1.043593000000000000e+06
1.043597000000000000e+06
1.043599000000000000e+06
1.043617000000000000e+06
1.043639000000000000e+06
1.043657000000000000e+06
1.043663000000000000e+06
1.043683000000000000e+06
1.043701000000000000e+06
1.043723000000000000e+06
1.043743000000000000e+06
1.043747000000000000e+06
1.043753000000000000e+06
1.043759000000000000e+06
1.043761000000000000e+06
1.043767000000000000e+06
1.043773000000000000e+06
1.043831000000000000e+06
1.043837000000000000e+06
1.043839000000000000e+06
1.043843000000000000e+06
1.043849000000000000e+06
1.043857000000000000e+06
1.043869000000000000e+06
1.043873000000000000e+06
1.043897000000000000e+06
1.043899000000000000e+06
1.043921000000000000e+06
1.043923000000000000e+06
1.043929000000000000e+06
1.043951000000000000e+06
1.043969000000000000e+06
1.043981000000000000e+06
1.044019000000000000e+06
1.044023000000000000e+06
1.044041000000000000e+06
