1.046849000000000000e+06
1.046863000000000000e+06
1.046867000000000000e+06
1.046897000000000000e+06
1.046917000000000000e+06
1.046933000000000000e+06
1.046951000000000000e+06
1.046959000000000000e+06
1.046977000000000000e+06
1.046993000000000000e+06
1.046999000000000000e+06
1.047031000000000000e+06
1.047041000000000000e+06
1.047043000000000000e+06
1.047061000000000000e+06
1.047077000000000000e+06
1.047089000000000000e+06
1.047097000000000000e+06
1.047107000000000000e+06
1.047119000000000000e+06
1.047127000000000000e+06
1.047131000000000000e+06
1.047133000000000000e+06
1.047139000000000000e+06
1.047157000000000000e+06
1.047173000000000000e+06
1.047197000000000000e+06
1.047199000000000000e+06
1.047229000000000000e+06
1.047239000000000000e+06
1.047247000000000000e+06
1.047271000000000000e+06
1.047281000000000000e+06
1.047283000000000000e+06
1.047289000000000000e+06
1.047307000000000000e+06
1.047311000000000000e+06
1.047313000000000000e+06
1.047317000000000000e+06
1.047323000000000000e+06
1.047341000000000000e+06
1.047367000000000000e+06
1.047373000000000000e+06
1.047379000000000000e+06
1.047391000000000000e+06
1.047419000000000000e+06
1.047467000000000000e+06
1.047469000000000000e+06
1.047479000000000000e+06
1.047491000000000000e+06
1.047499000000000000e+06
1.047511000000000000e+06
1.047533000000000000e+06
1.047539000000000000e+06
1.047551000000000000e+06
1.047559000000000000e+06
1.047587000000000000e+06
1.047589000000000000e+06
1.047647000000000000e+06
1.047649000000000000e+06
1.047653000000000000e+06
1.047667000000000000e+06
1.047671000000000000e+06
1.047689000000000000e+06
1.047691000000000000e+06
1.047701000000000000e+06
1.047703000000000000e+06
1.047713000000000000e+06
1.047721000000000000e+06
1.047737000000000000e+06
1.047751000000000000e+06
1.047763000000000000e+06
1.047773000000000000e+06
1.047779000000000000e+06
1.047821000000000000e+06
1.047833000000000000e+06
1.047841000000000000e+06
1.047859000000000000e+06
1.047881000000000000e+06
1.047883000000000000e+06
1.047887000000000000e+06
1.047923000000000000e+06
1.047929000000000000e+06
1.047941000000000000e+06
1.047961000000000000e+06
1.047971000000000000e+06
1.047979000000000000e+06
1.047989000000000000e+06
1.047997000000000000e+06
1.048007000000000000e+06
1.048009000000000000e+06
1.048013000000000000e+06
1.048027000000000000e+06
1.048043000000000000e+06
1.048049000000000000e+06
1.048051000000000000e+06
1.048063000000000000e+06
1.048123000000000000e+06
1.048127000000000000e+06
1.048129000000000000e+06
