1.047430000000000000e+05
1.047590000000000000e+05
1.047610000000000000e+05
1.047730000000000000e+05
1.047790000000000000e+05
1.047890000000000000e+05
1.048010000000000000e+05
1.048030000000000000e+05
1.048270000000000000e+05
1.048310000000000000e+05
1.048490000000000000e+05
1.048510000000000000e+05
1.048690000000000000e+05
1.048790000000000000e+05
1.048910000000000000e+05
1.049110000000000000e+05
1.049170000000000000e+05
1.049330000000000000e+05
1.049470000000000000e+05
1.049530000000000000e+05
1.049590000000000000e+05
1.049710000000000000e+05
1.049870000000000000e+05
1.049990000000000000e+05
1.050190000000000000e+05
1.050230000000000000e+05
1.050310000000000000e+05
1.050370000000000000e+05
1.050710000000000000e+05
1.050970000000000000e+05
1.051070000000000000e+05
1.051370000000000000e+05
1.051430000000000000e+05
1.051670000000000000e+05
1.051730000000000000e+05
1.051990000000000000e+05
1.052110000000000000e+05
1.052270000000000000e+05
1.052290000000000000e+05
1.052390000000000000e+05
1.052510000000000000e+05
1.052530000000000000e+05
1.052630000000000000e+05
1.052690000000000000e+05
1.052770000000000000e+05
1.053190000000000000e+05
1.053230000000000000e+05
1.053310000000000000e+05
1.053370000000000000e+05
1.053410000000000000e+05
1.053590000000000000e+05
1.053610000000000000e+05
1.053670000000000000e+05
1.053730000000000000e+05
1.053790000000000000e+05
1.053890000000000000e+05
1.053970000000000000e+05
1.054010000000000000e+05
1.054070000000000000e+05
1.054370000000000000e+05
1.054490000000000000e+05
1.054670000000000000e+05
1.054910000000000000e+05
1.054990000000000000e+05
1.055030000000000000e+05
1.055090000000000000e+05
1.055170000000000000e+05
1.055270000000000000e+05
1.055290000000000000e+05
1.055330000000000000e+05
1.055410000000000000e+05
1.055570000000000000e+05
1.055630000000000000e+05
1.056010000000000000e+05
1.056070000000000000e+05
1.056130000000000000e+05
1.056190000000000000e+05
1.056490000000000000e+05
1.056530000000000000e+05
1.056670000000000000e+05
1.056730000000000000e+05
1.056830000000000000e+05
1.056910000000000000e+05
1.057010000000000000e+05
1.057270000000000000e+05
1.057330000000000000e+05
1.057510000000000000e+05
1.057610000000000000e+05
1.057670000000000000e+05
1.057690000000000000e+05
1.058170000000000000e+05
1.058290000000000000e+05
1.058630000000000000e+05
1.058710000000000000e+05
1.058830000000000000e+05
1.058990000000000000e+05
1.059070000000000000e+05
1.059130000000000000e+05
1.059290000000000000e+05
1.059430000000000000e+05
