1.048139000000000000e+06
1.048189000000000000e+06
1.048193000000000000e+06
1.048213000000000000e+06
1.048217000000000000e+06
1.048219000000000000e+06
1.048261000000000000e+06
1.048273000000000000e+06
1.048291000000000000e+06
1.048309000000000000e+06
1.048343000000000000e+06
1.048357000000000000e+06
1.048361000000000000e+06
1.048367000000000000e+06
1.048387000000000000e+06
1.048391000000000000e+06
1.048423000000000000e+06
1.048433000000000000e+06
1.048447000000000000e+06
1.048507000000000000e+06
1.048517000000000000e+06
1.048549000000000000e+06
1.048559000000000000e+06
1.048571000000000000e+06
1.048573000000000000e+06
1.048583000000000000e+06
1.048589000000000000e+06
1.048601000000000000e+06
1.048609000000000000e+06
1.048613000000000000e+06
1.048627000000000000e+06
1.048633000000000000e+06
1.048661000000000000e+06
1.048681000000000000e+06
1.048703000000000000e+06
1.048709000000000000e+06
1.048717000000000000e+06
1.048721000000000000e+06
1.048759000000000000e+06
1.048783000000000000e+06
1.048793000000000000e+06
1.048799000000000000e+06
1.048807000000000000e+06
1.048829000000000000e+06
1.048837000000000000e+06
1.048847000000000000e+06
1.048867000000000000e+06
1.048877000000000000e+06
1.048889000000000000e+06
1.048891000000000000e+06
1.048897000000000000e+06
1.048909000000000000e+06
1.048919000000000000e+06
1.048963000000000000e+06
1.048991000000000000e+06
1.049011000000000000e+06
1.049023000000000000e+06
1.049039000000000000e+06
1.049051000000000000e+06
1.049057000000000000e+06
1.049063000000000000e+06
1.049077000000000000e+06
1.049089000000000000e+06
1.049093000000000000e+06
1.049101000000000000e+06
1.049117000000000000e+06
1.049129000000000000e+06
1.049131000000000000e+06
1.049137000000000000e+06
1.049141000000000000e+06
1.049143000000000000e+06
1.049171000000000000e+06
1.049173000000000000e+06
1.049177000000000000e+06
1.049183000000000000e+06
1.049201000000000000e+06
1.049219000000000000e+06
1.049227000000000000e+06
1.049239000000000000e+06
1.049263000000000000e+06
1.049281000000000000e+06
1.049297000000000000e+06
1.049333000000000000e+06
1.049339000000000000e+06
1.049387000000000000e+06
1.049413000000000000e+06
1.049429000000000000e+06
1.049437000000000000e+06
1.049459000000000000e+06
1.049471000000000000e+06
1.049473000000000000e+06
1.049479000000000000e+06
1.049483000000000000e+06
1.049497000000000000e+06
1.049509000000000000e+06
1.049519000000000000e+06
1.049527000000000000e+06
1.049533000000000000e+06
1.049537000000000000e+06
1.049549000000000000e+06
