1.056707000000000000e+06
1.056719000000000000e+06
1.056721000000000000e+06
1.056739000000000000e+06
1.056773000000000000e+06
1.056779000000000000e+06
1.056793000000000000e+06
1.056823000000000000e+06
1.056829000000000000e+06
1.056833000000000000e+06
1.056863000000000000e+06
1.056871000000000000e+06
1.056893000000000000e+06
1.056911000000000000e+06
1.056917000000000000e+06
1.056929000000000000e+06
1.056949000000000000e+06
1.056959000000000000e+06
1.056971000000000000e+06
1.057003000000000000e+06
1.057013000000000000e+06
1.057019000000000000e+06
1.057033000000000000e+06
1.057037000000000000e+06
1.057051000000000000e+06
1.057087000000000000e+06
1.057093000000000000e+06
1.057117000000000000e+06
1.057129000000000000e+06
1.057157000000000000e+06
1.057163000000000000e+06
1.057181000000000000e+06
1.057183000000000000e+06
1.057219000000000000e+06
1.057223000000000000e+06
1.057237000000000000e+06
1.057249000000000000e+06
1.057271000000000000e+06
1.057279000000000000e+06
1.057291000000000000e+06
1.057307000000000000e+06
1.057361000000000000e+06
1.057367000000000000e+06
1.057387000000000000e+06
1.057391000000000000e+06
1.057393000000000000e+06
1.057411000000000000e+06
1.057421000000000000e+06
1.057477000000000000e+06
1.057487000000000000e+06
1.057489000000000000e+06
1.057493000000000000e+06
1.057531000000000000e+06
1.057541000000000000e+06
1.057561000000000000e+06
1.057577000000000000e+06
1.057579000000000000e+06
1.057603000000000000e+06
1.057607000000000000e+06
1.057613000000000000e+06
1.057631000000000000e+06
1.057633000000000000e+06
1.057643000000000000e+06
1.057657000000000000e+06
1.057663000000000000e+06
1.057681000000000000e+06
1.057699000000000000e+06
1.057703000000000000e+06
1.057739000000000000e+06
1.057741000000000000e+06
1.057753000000000000e+06
1.057781000000000000e+06
1.057807000000000000e+06
1.057831000000000000e+06
1.057853000000000000e+06
1.057879000000000000e+06
1.057883000000000000e+06
1.057897000000000000e+06
1.057907000000000000e+06
1.057919000000000000e+06
1.057951000000000000e+06
1.057957000000000000e+06
1.057963000000000000e+06
1.057981000000000000e+06
1.057993000000000000e+06
1.058009000000000000e+06
1.058011000000000000e+06
1.058021000000000000e+06
1.058027000000000000e+06
1.058041000000000000e+06
1.058059000000000000e+06
1.058077000000000000e+06
1.058093000000000000e+06
1.058107000000000000e+06
1.058117000000000000e+06
1.058143000000000000e+06
1.058147000000000000e+06
1.058149000000000000e+06
1.058153000000000000e+06
1.058171000000000000e+06
