1.058179000000000000e+06
1.058203000000000000e+06
1.058221000000000000e+06
1.058227000000000000e+06
1.058249000000000000e+06
1.058257000000000000e+06
1.058263000000000000e+06
1.058287000000000000e+06
1.058303000000000000e+06
1.058329000000000000e+06
1.058339000000000000e+06
1.058341000000000000e+06
1.058353000000000000e+06
1.058377000000000000e+06
1.058381000000000000e+06
1.058383000000000000e+06
1.058389000000000000e+06
1.058419000000000000e+06
1.058423000000000000e+06
1.058443000000000000e+06
1.058461000000000000e+06
1.058479000000000000e+06
1.058489000000000000e+06
1.058503000000000000e+06
1.058507000000000000e+06
1.058543000000000000e+06
1.058549000000000000e+06
1.058567000000000000e+06
1.058591000000000000e+06
1.058593000000000000e+06
1.058597000000000000e+06
1.058627000000000000e+06
1.058639000000000000e+06
1.058653000000000000e+06
1.058657000000000000e+06
1.058663000000000000e+06
1.058671000000000000e+06
1.058677000000000000e+06
1.058683000000000000e+06
1.058693000000000000e+06
1.058711000000000000e+06
1.058723000000000000e+06
1.058731000000000000e+06
1.058747000000000000e+06
1.058749000000000000e+06
1.058753000000000000e+06
1.058767000000000000e+06
1.058773000000000000e+06
1.058779000000000000e+06
1.058791000000000000e+06
1.058803000000000000e+06
1.058807000000000000e+06
1.058809000000000000e+06
1.058821000000000000e+06
1.058839000000000000e+06
1.058861000000000000e+06
1.058891000000000000e+06
1.058921000000000000e+06
1.058951000000000000e+06
1.058983000000000000e+06
1.058999000000000000e+06
1.059001000000000000e+06
1.059007000000000000e+06
1.059017000000000000e+06
1.059029000000000000e+06
1.059059000000000000e+06
1.059061000000000000e+06
1.059067000000000000e+06
1.059073000000000000e+06
1.059077000000000000e+06
1.059103000000000000e+06
1.059119000000000000e+06
1.059131000000000000e+06
1.059137000000000000e+06
1.059161000000000000e+06
1.059169000000000000e+06
1.059181000000000000e+06
1.059197000000000000e+06
1.059209000000000000e+06
1.059217000000000000e+06
1.059221000000000000e+06
1.059251000000000000e+06
1.059257000000000000e+06
1.059259000000000000e+06
1.059263000000000000e+06
1.059271000000000000e+06
1.059293000000000000e+06
1.059299000000000000e+06
1.059313000000000000e+06
1.059323000000000000e+06
1.059343000000000000e+06
1.059349000000000000e+06
1.059413000000000000e+06
1.059419000000000000e+06
1.059433000000000000e+06
1.059437000000000000e+06
1.059439000000000000e+06
1.059467000000000000e+06
1.059479000000000000e+06
1.059503000000000000e+06
