1.060991000000000000e+06
1.060993000000000000e+06
1.061033000000000000e+06
1.061057000000000000e+06
1.061069000000000000e+06
1.061087000000000000e+06
1.061101000000000000e+06
1.061107000000000000e+06
1.061117000000000000e+06
1.061129000000000000e+06
1.061141000000000000e+06
1.061143000000000000e+06
1.061149000000000000e+06
1.061171000000000000e+06
1.061189000000000000e+06
1.061227000000000000e+06
1.061251000000000000e+06
1.061261000000000000e+06
1.061273000000000000e+06
1.061279000000000000e+06
1.061287000000000000e+06
1.061297000000000000e+06
1.061311000000000000e+06
1.061317000000000000e+06
1.061323000000000000e+06
1.061353000000000000e+06
1.061363000000000000e+06
1.061377000000000000e+06
1.061393000000000000e+06
1.061407000000000000e+06
1.061413000000000000e+06
1.061441000000000000e+06
1.061453000000000000e+06
1.061483000000000000e+06
1.061509000000000000e+06
1.061513000000000000e+06
1.061527000000000000e+06
1.061561000000000000e+06
1.061569000000000000e+06
1.061573000000000000e+06
1.061591000000000000e+06
1.061597000000000000e+06
1.061609000000000000e+06
1.061617000000000000e+06
1.061623000000000000e+06
1.061629000000000000e+06
1.061647000000000000e+06
1.061651000000000000e+06
1.061677000000000000e+06
1.061689000000000000e+06
1.061699000000000000e+06
1.061707000000000000e+06
1.061717000000000000e+06
1.061729000000000000e+06
1.061737000000000000e+06
1.061759000000000000e+06
1.061771000000000000e+06
1.061773000000000000e+06
1.061779000000000000e+06
1.061783000000000000e+06
1.061807000000000000e+06
1.061831000000000000e+06
1.061849000000000000e+06
1.061867000000000000e+06
1.061869000000000000e+06
1.061881000000000000e+06
1.061897000000000000e+06
1.061903000000000000e+06
1.061909000000000000e+06
1.061911000000000000e+06
1.061917000000000000e+06
1.061959000000000000e+06
1.061969000000000000e+06
1.061993000000000000e+06
1.062001000000000000e+06
1.062013000000000000e+06
1.062031000000000000e+06
1.062073000000000000e+06
1.062107000000000000e+06
1.062121000000000000e+06
1.062169000000000000e+06
1.062197000000000000e+06
1.062203000000000000e+06
1.062251000000000000e+06
1.062253000000000000e+06
1.062263000000000000e+06
1.062293000000000000e+06
1.062311000000000000e+06
1.062343000000000000e+06
1.062349000000000000e+06
1.062361000000000000e+06
1.062367000000000000e+06
1.062379000000000000e+06
1.062407000000000000e+06
1.062409000000000000e+06
1.062427000000000000e+06
1.062443000000000000e+06
1.062469000000000000e+06
1.062497000000000000e+06
1.062511000000000000e+06
