1.062521000000000000e+06
1.062547000000000000e+06
1.062557000000000000e+06
1.062563000000000000e+06
1.062599000000000000e+06
1.062601000000000000e+06
1.062643000000000000e+06
1.062671000000000000e+06
1.062673000000000000e+06
1.062683000000000000e+06
1.062697000000000000e+06
1.062701000000000000e+06
1.062707000000000000e+06
1.062731000000000000e+06
1.062779000000000000e+06
1.062781000000000000e+06
1.062793000000000000e+06
1.062797000000000000e+06
1.062827000000000000e+06
1.062847000000000000e+06
1.062869000000000000e+06
1.062871000000000000e+06
1.062877000000000000e+06
1.062881000000000000e+06
1.062907000000000000e+06
1.062911000000000000e+06
1.062913000000000000e+06
1.062931000000000000e+06
1.062947000000000000e+06
1.062949000000000000e+06
1.062977000000000000e+06
1.062979000000000000e+06
1.062989000000000000e+06
1.063001000000000000e+06
1.063009000000000000e+06
1.063019000000000000e+06
1.063033000000000000e+06
1.063039000000000000e+06
1.063043000000000000e+06
1.063067000000000000e+06
1.063079000000000000e+06
1.063087000000000000e+06
1.063109000000000000e+06
1.063123000000000000e+06
1.063151000000000000e+06
1.063157000000000000e+06
1.063159000000000000e+06
1.063177000000000000e+06
1.063189000000000000e+06
1.063193000000000000e+06
1.063201000000000000e+06
1.063213000000000000e+06
1.063219000000000000e+06
1.063241000000000000e+06
1.063243000000000000e+06
1.063273000000000000e+06
1.063303000000000000e+06
1.063319000000000000e+06
1.063351000000000000e+06
1.063379000000000000e+06
1.063397000000000000e+06
1.063399000000000000e+06
1.063409000000000000e+06
1.063427000000000000e+06
1.063441000000000000e+06
1.063453000000000000e+06
1.063457000000000000e+06
1.063463000000000000e+06
1.063471000000000000e+06
1.063477000000000000e+06
1.063483000000000000e+06
1.063501000000000000e+06
1.063523000000000000e+06
1.063529000000000000e+06
1.063541000000000000e+06
1.063547000000000000e+06
1.063553000000000000e+06
1.063561000000000000e+06
1.063597000000000000e+06
1.063609000000000000e+06
1.063613000000000000e+06
1.063619000000000000e+06
1.063627000000000000e+06
1.063637000000000000e+06
1.063649000000000000e+06
1.063661000000000000e+06
1.063693000000000000e+06
1.063709000000000000e+06
1.063721000000000000e+06
1.063729000000000000e+06
1.063739000000000000e+06
1.063747000000000000e+06
1.063757000000000000e+06
1.063771000000000000e+06
1.063781000000000000e+06
1.063813000000000000e+06
1.063823000000000000e+06
1.063831000000000000e+06
1.063837000000000000e+06
1.063847000000000000e+06
