1.063849000000000000e+06
1.063871000000000000e+06
1.063873000000000000e+06
1.063891000000000000e+06
1.063897000000000000e+06
1.063903000000000000e+06
1.063913000000000000e+06
1.063919000000000000e+06
1.063921000000000000e+06
1.063927000000000000e+06
1.063961000000000000e+06
1.063963000000000000e+06
1.063967000000000000e+06
1.063969000000000000e+06
1.063973000000000000e+06
1.063987000000000000e+06
1.063999000000000000e+06
1.064017000000000000e+06
1.064029000000000000e+06
1.064059000000000000e+06
1.064069000000000000e+06
1.064087000000000000e+06
1.064117000000000000e+06
1.064131000000000000e+06
1.064153000000000000e+06
1.064159000000000000e+06
1.064177000000000000e+06
1.064179000000000000e+06
1.064191000000000000e+06
1.064197000000000000e+06
1.064201000000000000e+06
1.064243000000000000e+06
1.064257000000000000e+06
1.064263000000000000e+06
1.064269000000000000e+06
1.064281000000000000e+06
1.064311000000000000e+06
1.064317000000000000e+06
1.064321000000000000e+06
1.064333000000000000e+06
1.064339000000000000e+06
1.064341000000000000e+06
1.064359000000000000e+06
1.064377000000000000e+06
1.064383000000000000e+06
1.064407000000000000e+06
1.064411000000000000e+06
1.064431000000000000e+06
1.064467000000000000e+06
1.064471000000000000e+06
1.064473000000000000e+06
1.064477000000000000e+06
1.064507000000000000e+06
1.064519000000000000e+06
1.064521000000000000e+06
1.064533000000000000e+06
1.064549000000000000e+06
1.064587000000000000e+06
1.064593000000000000e+06
1.064629000000000000e+06
1.064653000000000000e+06
1.064669000000000000e+06
1.064671000000000000e+06
1.064681000000000000e+06
1.064689000000000000e+06
1.064699000000000000e+06
1.064731000000000000e+06
1.064737000000000000e+06
1.064743000000000000e+06
1.064753000000000000e+06
1.064771000000000000e+06
1.064783000000000000e+06
1.064801000000000000e+06
1.064813000000000000e+06
1.064867000000000000e+06
1.064873000000000000e+06
1.064911000000000000e+06
1.064927000000000000e+06
1.064933000000000000e+06
1.064939000000000000e+06
1.064941000000000000e+06
1.064951000000000000e+06
1.064953000000000000e+06
1.064957000000000000e+06
1.064977000000000000e+06
1.064989000000000000e+06
1.065011000000000000e+06
1.065013000000000000e+06
1.065017000000000000e+06
1.065019000000000000e+06
1.065037000000000000e+06
1.065041000000000000e+06
1.065047000000000000e+06
1.065059000000000000e+06
1.065073000000000000e+06
1.065089000000000000e+06
1.065091000000000000e+06
1.065109000000000000e+06
1.065131000000000000e+06
1.065133000000000000e+06
