1.065137000000000000e+06
1.065173000000000000e+06
1.065209000000000000e+06
1.065217000000000000e+06
1.065263000000000000e+06
1.065269000000000000e+06
1.065277000000000000e+06
1.065283000000000000e+06
1.065307000000000000e+06
1.065313000000000000e+06
1.065319000000000000e+06
1.065331000000000000e+06
1.065343000000000000e+06
1.065347000000000000e+06
1.065391000000000000e+06
1.065409000000000000e+06
1.065433000000000000e+06
1.065469000000000000e+06
1.065479000000000000e+06
1.065503000000000000e+06
1.065511000000000000e+06
1.065523000000000000e+06
1.065527000000000000e+06
1.065529000000000000e+06
1.065557000000000000e+06
1.065569000000000000e+06
1.065593000000000000e+06
1.065601000000000000e+06
1.065629000000000000e+06
1.065643000000000000e+06
1.065667000000000000e+06
1.065677000000000000e+06
1.065683000000000000e+06
1.065689000000000000e+06
1.065697000000000000e+06
1.065709000000000000e+06
1.065733000000000000e+06
1.065763000000000000e+06
1.065773000000000000e+06
1.065787000000000000e+06
1.065791000000000000e+06
1.065809000000000000e+06
1.065817000000000000e+06
1.065821000000000000e+06
1.065829000000000000e+06
1.065839000000000000e+06
1.065847000000000000e+06
1.065851000000000000e+06
1.065887000000000000e+06
1.065893000000000000e+06
1.065899000000000000e+06
1.065901000000000000e+06
1.065937000000000000e+06
1.065941000000000000e+06
1.065949000000000000e+06
1.065973000000000000e+06
1.065979000000000000e+06
1.066001000000000000e+06
1.066031000000000000e+06
1.066049000000000000e+06
1.066063000000000000e+06
1.066067000000000000e+06
1.066111000000000000e+06
1.066133000000000000e+06
1.066139000000000000e+06
1.066141000000000000e+06
1.066157000000000000e+06
1.066159000000000000e+06
1.066217000000000000e+06
1.066231000000000000e+06
1.066237000000000000e+06
1.066253000000000000e+06
1.066267000000000000e+06
1.066279000000000000e+06
1.066283000000000000e+06
1.066297000000000000e+06
1.066313000000000000e+06
1.066319000000000000e+06
1.066327000000000000e+06
1.066333000000000000e+06
1.066339000000000000e+06
1.066343000000000000e+06
1.066367000000000000e+06
1.066379000000000000e+06
1.066399000000000000e+06
1.066409000000000000e+06
1.066411000000000000e+06
1.066423000000000000e+06
1.066433000000000000e+06
1.066447000000000000e+06
1.066511000000000000e+06
1.066517000000000000e+06
1.066523000000000000e+06
1.066531000000000000e+06
1.066553000000000000e+06
1.066561000000000000e+06
1.066567000000000000e+06
1.066577000000000000e+06
1.066619000000000000e+06
1.066621000000000000e+06
