1.066643000000000000e+06
1.066651000000000000e+06
1.066669000000000000e+06
1.066687000000000000e+06
1.066693000000000000e+06
1.066721000000000000e+06
1.066729000000000000e+06
1.066753000000000000e+06
1.066757000000000000e+06
1.066777000000000000e+06
1.066789000000000000e+06
1.066811000000000000e+06
1.066817000000000000e+06
1.066847000000000000e+06
1.066859000000000000e+06
1.066867000000000000e+06
1.066883000000000000e+06
1.066889000000000000e+06
1.066909000000000000e+06
1.066913000000000000e+06
1.066931000000000000e+06
1.066973000000000000e+06
1.066979000000000000e+06
1.066981000000000000e+06
1.066987000000000000e+06
1.066999000000000000e+06
1.067009000000000000e+06
1.067023000000000000e+06
1.067029000000000000e+06
1.067047000000000000e+06
1.067057000000000000e+06
1.067063000000000000e+06
1.067069000000000000e+06
1.067083000000000000e+06
1.067137000000000000e+06
1.067147000000000000e+06
1.067159000000000000e+06
1.067167000000000000e+06
1.067179000000000000e+06
1.067203000000000000e+06
1.067207000000000000e+06
1.067221000000000000e+06
1.067239000000000000e+06
1.067263000000000000e+06
1.067293000000000000e+06
1.067327000000000000e+06
1.067329000000000000e+06
1.067347000000000000e+06
1.067351000000000000e+06
1.067359000000000000e+06
1.067371000000000000e+06
1.067383000000000000e+06
1.067387000000000000e+06
1.067411000000000000e+06
1.067441000000000000e+06
1.067459000000000000e+06
1.067467000000000000e+06
1.067471000000000000e+06
1.067489000000000000e+06
1.067491000000000000e+06
1.067497000000000000e+06
1.067509000000000000e+06
1.067537000000000000e+06
1.067551000000000000e+06
1.067557000000000000e+06
1.067567000000000000e+06
1.067569000000000000e+06
1.067593000000000000e+06
1.067597000000000000e+06
1.067611000000000000e+06
1.067621000000000000e+06
1.067639000000000000e+06
1.067653000000000000e+06
1.067669000000000000e+06
1.067687000000000000e+06
1.067701000000000000e+06
1.067707000000000000e+06
1.067711000000000000e+06
1.067741000000000000e+06
1.067747000000000000e+06
1.067749000000000000e+06
1.067761000000000000e+06
1.067767000000000000e+06
1.067777000000000000e+06
1.067789000000000000e+06
1.067797000000000000e+06
1.067831000000000000e+06
1.067837000000000000e+06
1.067849000000000000e+06
1.067851000000000000e+06
1.067879000000000000e+06
1.067893000000000000e+06
1.067903000000000000e+06
1.067909000000000000e+06
1.067921000000000000e+06
1.067939000000000000e+06
1.067951000000000000e+06
1.067987000000000000e+06
1.067999000000000000e+06
1.068019000000000000e+06
