1.068037000000000000e+06
1.068061000000000000e+06
1.068083000000000000e+06
1.068101000000000000e+06
1.068103000000000000e+06
1.068107000000000000e+06
1.068113000000000000e+06
1.068131000000000000e+06
1.068149000000000000e+06
1.068191000000000000e+06
1.068203000000000000e+06
1.068217000000000000e+06
1.068233000000000000e+06
1.068241000000000000e+06
1.068247000000000000e+06
1.068251000000000000e+06
1.068253000000000000e+06
1.068257000000000000e+06
1.068259000000000000e+06
1.068271000000000000e+06
1.068307000000000000e+06
1.068311000000000000e+06
1.068323000000000000e+06
1.068329000000000000e+06
1.068343000000000000e+06
1.068367000000000000e+06
1.068371000000000000e+06
1.068377000000000000e+06
1.068383000000000000e+06
1.068407000000000000e+06
1.068409000000000000e+06
1.068437000000000000e+06
1.068439000000000000e+06
1.068461000000000000e+06
1.068469000000000000e+06
1.068481000000000000e+06
1.068491000000000000e+06
1.068497000000000000e+06
1.068499000000000000e+06
1.068517000000000000e+06
1.068559000000000000e+06
1.068577000000000000e+06
1.068589000000000000e+06
1.068611000000000000e+06
1.068619000000000000e+06
1.068629000000000000e+06
1.068631000000000000e+06
1.068677000000000000e+06
1.068701000000000000e+06
1.068703000000000000e+06
1.068707000000000000e+06
1.068709000000000000e+06
1.068713000000000000e+06
1.068719000000000000e+06
1.068721000000000000e+06
1.068751000000000000e+06
1.068757000000000000e+06
1.068761000000000000e+06
1.068779000000000000e+06
1.068803000000000000e+06
1.068811000000000000e+06
1.068817000000000000e+06
1.068857000000000000e+06
1.068871000000000000e+06
1.068877000000000000e+06
1.068887000000000000e+06
1.068889000000000000e+06
1.068901000000000000e+06
1.068913000000000000e+06
1.068917000000000000e+06
1.068941000000000000e+06
1.068989000000000000e+06
1.069001000000000000e+06
1.069007000000000000e+06
1.069031000000000000e+06
1.069039000000000000e+06
1.069043000000000000e+06
1.069051000000000000e+06
1.069087000000000000e+06
1.069099000000000000e+06
1.069127000000000000e+06
1.069129000000000000e+06
1.069141000000000000e+06
1.069171000000000000e+06
1.069183000000000000e+06
1.069193000000000000e+06
1.069199000000000000e+06
1.069207000000000000e+06
1.069217000000000000e+06
1.069219000000000000e+06
1.069223000000000000e+06
1.069267000000000000e+06
1.069273000000000000e+06
1.069291000000000000e+06
1.069303000000000000e+06
1.069307000000000000e+06
1.069349000000000000e+06
1.069363000000000000e+06
1.069379000000000000e+06
1.069421000000000000e+06
