1.069427000000000000e+06
1.069429000000000000e+06
1.069441000000000000e+06
1.069451000000000000e+06
1.069459000000000000e+06
1.069463000000000000e+06
1.069499000000000000e+06
1.069501000000000000e+06
1.069507000000000000e+06
1.069517000000000000e+06
1.069543000000000000e+06
1.069547000000000000e+06
1.069553000000000000e+06
1.069561000000000000e+06
1.069571000000000000e+06
1.069573000000000000e+06
1.069577000000000000e+06
1.069583000000000000e+06
1.069591000000000000e+06
1.069597000000000000e+06
1.069603000000000000e+06
1.069609000000000000e+06
1.069631000000000000e+06
1.069639000000000000e+06
1.069667000000000000e+06
1.069687000000000000e+06
1.069693000000000000e+06
1.069697000000000000e+06
1.069727000000000000e+06
1.069741000000000000e+06
1.069751000000000000e+06
1.069777000000000000e+06
1.069807000000000000e+06
1.069811000000000000e+06
1.069819000000000000e+06
1.069823000000000000e+06
1.069853000000000000e+06
1.069867000000000000e+06
1.069919000000000000e+06
1.069921000000000000e+06
1.069927000000000000e+06
1.069931000000000000e+06
1.069933000000000000e+06
1.069949000000000000e+06
1.069951000000000000e+06
1.069973000000000000e+06
1.069979000000000000e+06
1.069987000000000000e+06
1.070009000000000000e+06
1.070011000000000000e+06
1.070021000000000000e+06
1.070033000000000000e+06
1.070039000000000000e+06
1.070063000000000000e+06
1.070081000000000000e+06
1.070087000000000000e+06
1.070093000000000000e+06
1.070131000000000000e+06
1.070149000000000000e+06
1.070171000000000000e+06
1.070189000000000000e+06
1.070197000000000000e+06
1.070203000000000000e+06
1.070207000000000000e+06
1.070221000000000000e+06
1.070231000000000000e+06
1.070233000000000000e+06
1.070243000000000000e+06
1.070249000000000000e+06
1.070257000000000000e+06
1.070287000000000000e+06
1.070291000000000000e+06
1.070309000000000000e+06
1.070317000000000000e+06
1.070323000000000000e+06
1.070339000000000000e+06
1.070341000000000000e+06
1.070347000000000000e+06
1.070357000000000000e+06
1.070369000000000000e+06
1.070389000000000000e+06
1.070411000000000000e+06
1.070417000000000000e+06
1.070423000000000000e+06
1.070429000000000000e+06
1.070431000000000000e+06
1.070453000000000000e+06
1.070471000000000000e+06
1.070491000000000000e+06
1.070497000000000000e+06
1.070501000000000000e+06
1.070513000000000000e+06
1.070527000000000000e+06
1.070533000000000000e+06
1.070543000000000000e+06
1.070557000000000000e+06
1.070561000000000000e+06
1.070567000000000000e+06
1.070569000000000000e+06
1.070579000000000000e+06
