1.073563000000000000e+06
1.073573000000000000e+06
1.073587000000000000e+06
1.073593000000000000e+06
1.073599000000000000e+06
1.073603000000000000e+06
1.073627000000000000e+06
1.073647000000000000e+06
1.073651000000000000e+06
1.073687000000000000e+06
1.073711000000000000e+06
1.073713000000000000e+06
1.073717000000000000e+06
1.073729000000000000e+06
1.073773000000000000e+06
1.073789000000000000e+06
1.073791000000000000e+06
1.073803000000000000e+06
1.073819000000000000e+06
1.073837000000000000e+06
1.073857000000000000e+06
1.073869000000000000e+06
1.073879000000000000e+06
1.073881000000000000e+06
1.073909000000000000e+06
1.073911000000000000e+06
1.073921000000000000e+06
1.073951000000000000e+06
1.073953000000000000e+06
1.073983000000000000e+06
1.074001000000000000e+06
1.074023000000000000e+06
1.074041000000000000e+06
1.074061000000000000e+06
1.074067000000000000e+06
1.074071000000000000e+06
1.074079000000000000e+06
1.074083000000000000e+06
1.074107000000000000e+06
1.074109000000000000e+06
1.074113000000000000e+06
1.074121000000000000e+06
1.074133000000000000e+06
1.074167000000000000e+06
1.074223000000000000e+06
1.074251000000000000e+06
1.074253000000000000e+06
1.074259000000000000e+06
1.074277000000000000e+06
1.074287000000000000e+06
1.074289000000000000e+06
1.074299000000000000e+06
1.074329000000000000e+06
1.074343000000000000e+06
1.074361000000000000e+06
1.074371000000000000e+06
1.074377000000000000e+06
1.074379000000000000e+06
1.074389000000000000e+06
1.074427000000000000e+06
1.074433000000000000e+06
1.074461000000000000e+06
1.074473000000000000e+06
1.074481000000000000e+06
1.074509000000000000e+06
1.074511000000000000e+06
1.074523000000000000e+06
1.074533000000000000e+06
1.074559000000000000e+06
1.074581000000000000e+06
1.074607000000000000e+06
1.074617000000000000e+06
1.074641000000000000e+06
1.074643000000000000e+06
1.074649000000000000e+06
1.074673000000000000e+06
1.074683000000000000e+06
1.074691000000000000e+06
1.074701000000000000e+06
1.074707000000000000e+06
1.074709000000000000e+06
1.074713000000000000e+06
1.074719000000000000e+06
1.074751000000000000e+06
1.074761000000000000e+06
1.074763000000000000e+06
1.074833000000000000e+06
1.074839000000000000e+06
1.074847000000000000e+06
1.074851000000000000e+06
1.074877000000000000e+06
1.074883000000000000e+06
1.074889000000000000e+06
1.074901000000000000e+06
1.074907000000000000e+06
1.074917000000000000e+06
1.074919000000000000e+06
1.074923000000000000e+06
1.074929000000000000e+06
1.074949000000000000e+06
