1.074971000000000000e+06
1.074973000000000000e+06
1.074977000000000000e+06
1.074989000000000000e+06
1.074991000000000000e+06
1.075007000000000000e+06
1.075013000000000000e+06
1.075021000000000000e+06
1.075027000000000000e+06
1.075069000000000000e+06
1.075073000000000000e+06
1.075079000000000000e+06
1.075091000000000000e+06
1.075093000000000000e+06
1.075103000000000000e+06
1.075133000000000000e+06
1.075141000000000000e+06
1.075147000000000000e+06
1.075159000000000000e+06
1.075163000000000000e+06
1.075169000000000000e+06
1.075171000000000000e+06
1.075177000000000000e+06
1.075187000000000000e+06
1.075201000000000000e+06
1.075231000000000000e+06
1.075237000000000000e+06
1.075241000000000000e+06
1.075259000000000000e+06
1.075279000000000000e+06
1.075289000000000000e+06
1.075303000000000000e+06
1.075337000000000000e+06
1.075339000000000000e+06
1.075351000000000000e+06
1.075357000000000000e+06
1.075391000000000000e+06
1.075397000000000000e+06
1.075409000000000000e+06
1.075429000000000000e+06
1.075433000000000000e+06
1.075441000000000000e+06
1.075453000000000000e+06
1.075463000000000000e+06
1.075469000000000000e+06
1.075489000000000000e+06
1.075493000000000000e+06
1.075499000000000000e+06
1.075507000000000000e+06
1.075519000000000000e+06
1.075531000000000000e+06
1.075537000000000000e+06
1.075561000000000000e+06
1.075577000000000000e+06
1.075601000000000000e+06
1.075619000000000000e+06
1.075621000000000000e+06
1.075643000000000000e+06
1.075649000000000000e+06
1.075651000000000000e+06
1.075663000000000000e+06
1.075667000000000000e+06
1.075673000000000000e+06
1.075681000000000000e+06
1.075691000000000000e+06
1.075693000000000000e+06
1.075699000000000000e+06
1.075703000000000000e+06
1.075727000000000000e+06
1.075729000000000000e+06
1.075757000000000000e+06
1.075759000000000000e+06
1.075769000000000000e+06
1.075771000000000000e+06
1.075787000000000000e+06
1.075807000000000000e+06
1.075843000000000000e+06
1.075853000000000000e+06
1.075859000000000000e+06
1.075897000000000000e+06
1.075909000000000000e+06
1.075957000000000000e+06
1.075973000000000000e+06
1.076003000000000000e+06
1.076011000000000000e+06
1.076017000000000000e+06
1.076029000000000000e+06
1.076039000000000000e+06
1.076051000000000000e+06
1.076057000000000000e+06
1.076063000000000000e+06
1.076069000000000000e+06
1.076077000000000000e+06
1.076107000000000000e+06
1.076111000000000000e+06
1.076113000000000000e+06
1.076123000000000000e+06
1.076129000000000000e+06
1.076137000000000000e+06
1.076143000000000000e+06
