1.076167000000000000e+06
1.076171000000000000e+06
1.076191000000000000e+06
1.076203000000000000e+06
1.076213000000000000e+06
1.076237000000000000e+06
1.076263000000000000e+06
1.076279000000000000e+06
1.076281000000000000e+06
1.076303000000000000e+06
1.076323000000000000e+06
1.076329000000000000e+06
1.076353000000000000e+06
1.076359000000000000e+06
1.076381000000000000e+06
1.076399000000000000e+06
1.076401000000000000e+06
1.076417000000000000e+06
1.076429000000000000e+06
1.076443000000000000e+06
1.076447000000000000e+06
1.076461000000000000e+06
1.076473000000000000e+06
1.076477000000000000e+06
1.076501000000000000e+06
1.076503000000000000e+06
1.076507000000000000e+06
1.076513000000000000e+06
1.076519000000000000e+06
1.076557000000000000e+06
1.076563000000000000e+06
1.076587000000000000e+06
1.076611000000000000e+06
1.076617000000000000e+06
1.076639000000000000e+06
1.076651000000000000e+06
1.076657000000000000e+06
1.076671000000000000e+06
1.076707000000000000e+06
1.076717000000000000e+06
1.076731000000000000e+06
1.076753000000000000e+06
1.076767000000000000e+06
1.076771000000000000e+06
1.076773000000000000e+06
1.076813000000000000e+06
1.076821000000000000e+06
1.076827000000000000e+06
1.076843000000000000e+06
1.076861000000000000e+06
1.076869000000000000e+06
1.076879000000000000e+06
1.076893000000000000e+06
1.076903000000000000e+06
1.076917000000000000e+06
1.076921000000000000e+06
1.076953000000000000e+06
1.076981000000000000e+06
1.077017000000000000e+06
1.077023000000000000e+06
1.077047000000000000e+06
1.077059000000000000e+06
1.077079000000000000e+06
1.077101000000000000e+06
1.077127000000000000e+06
1.077143000000000000e+06
1.077161000000000000e+06
1.077179000000000000e+06
1.077191000000000000e+06
1.077203000000000000e+06
1.077221000000000000e+06
1.077227000000000000e+06
1.077233000000000000e+06
1.077289000000000000e+06
1.077299000000000000e+06
1.077301000000000000e+06
1.077311000000000000e+06
1.077337000000000000e+06
1.077347000000000000e+06
1.077353000000000000e+06
1.077371000000000000e+06
1.077397000000000000e+06
1.077413000000000000e+06
1.077421000000000000e+06
1.077449000000000000e+06
1.077457000000000000e+06
1.077469000000000000e+06
1.077499000000000000e+06
1.077533000000000000e+06
1.077539000000000000e+06
1.077541000000000000e+06
1.077563000000000000e+06
1.077599000000000000e+06
1.077607000000000000e+06
1.077641000000000000e+06
1.077673000000000000e+06
1.077677000000000000e+06
1.077691000000000000e+06
1.077697000000000000e+06
1.077707000000000000e+06
