1.077719000000000000e+06
1.077721000000000000e+06
1.077733000000000000e+06
1.077743000000000000e+06
1.077751000000000000e+06
1.077761000000000000e+06
1.077763000000000000e+06
1.077793000000000000e+06
1.077799000000000000e+06
1.077821000000000000e+06
1.077823000000000000e+06
1.077827000000000000e+06
1.077841000000000000e+06
1.077859000000000000e+06
1.077863000000000000e+06
1.077893000000000000e+06
1.077911000000000000e+06
1.077913000000000000e+06
1.077917000000000000e+06
1.077943000000000000e+06
1.077971000000000000e+06
1.077977000000000000e+06
1.077997000000000000e+06
1.078001000000000000e+06
1.078009000000000000e+06
1.078019000000000000e+06
1.078027000000000000e+06
1.078031000000000000e+06
1.078043000000000000e+06
1.078081000000000000e+06
1.078109000000000000e+06
1.078111000000000000e+06
1.078127000000000000e+06
1.078151000000000000e+06
1.078153000000000000e+06
1.078159000000000000e+06
1.078163000000000000e+06
1.078169000000000000e+06
1.078183000000000000e+06
1.078199000000000000e+06
1.078219000000000000e+06
1.078241000000000000e+06
1.078247000000000000e+06
1.078331000000000000e+06
1.078333000000000000e+06
1.078367000000000000e+06
1.078369000000000000e+06
1.078373000000000000e+06
1.078387000000000000e+06
1.078393000000000000e+06
1.078403000000000000e+06
1.078409000000000000e+06
1.078411000000000000e+06
1.078417000000000000e+06
1.078471000000000000e+06
1.078489000000000000e+06
1.078507000000000000e+06
1.078537000000000000e+06
1.078559000000000000e+06
1.078589000000000000e+06
1.078643000000000000e+06
1.078657000000000000e+06
1.078673000000000000e+06
1.078681000000000000e+06
1.078691000000000000e+06
1.078699000000000000e+06
1.078711000000000000e+06
1.078717000000000000e+06
1.078733000000000000e+06
1.078739000000000000e+06
1.078757000000000000e+06
1.078787000000000000e+06
1.078789000000000000e+06
1.078807000000000000e+06
1.078813000000000000e+06
1.078817000000000000e+06
1.078841000000000000e+06
1.078849000000000000e+06
1.078853000000000000e+06
1.078873000000000000e+06
1.078879000000000000e+06
1.078919000000000000e+06
1.078927000000000000e+06
1.078937000000000000e+06
1.078943000000000000e+06
1.078951000000000000e+06
1.078967000000000000e+06
1.078981000000000000e+06
1.078993000000000000e+06
1.079009000000000000e+06
1.079011000000000000e+06
1.079021000000000000e+06
1.079033000000000000e+06
1.079053000000000000e+06
1.079059000000000000e+06
1.079069000000000000e+06
1.079077000000000000e+06
1.079081000000000000e+06
1.079087000000000000e+06
1.079093000000000000e+06
