1.079101000000000000e+06
1.079107000000000000e+06
1.079123000000000000e+06
1.079147000000000000e+06
1.079153000000000000e+06
1.079173000000000000e+06
1.079189000000000000e+06
1.079213000000000000e+06
1.079227000000000000e+06
1.079233000000000000e+06
1.079251000000000000e+06
1.079269000000000000e+06
1.079291000000000000e+06
1.079297000000000000e+06
1.079311000000000000e+06
1.079317000000000000e+06
1.079329000000000000e+06
1.079339000000000000e+06
1.079357000000000000e+06
1.079359000000000000e+06
1.079369000000000000e+06
1.079383000000000000e+06
1.079399000000000000e+06
1.079417000000000000e+06
1.079431000000000000e+06
1.079453000000000000e+06
1.079461000000000000e+06
1.079471000000000000e+06
1.079473000000000000e+06
1.079503000000000000e+06
1.079509000000000000e+06
1.079527000000000000e+06
1.079531000000000000e+06
1.079539000000000000e+06
1.079569000000000000e+06
1.079593000000000000e+06
1.079609000000000000e+06
1.079621000000000000e+06
1.079629000000000000e+06
1.079633000000000000e+06
1.079647000000000000e+06
1.079651000000000000e+06
1.079669000000000000e+06
1.079671000000000000e+06
1.079681000000000000e+06
1.079711000000000000e+06
1.079717000000000000e+06
1.079753000000000000e+06
1.079777000000000000e+06
1.079779000000000000e+06
1.079783000000000000e+06
1.079797000000000000e+06
1.079809000000000000e+06
1.079821000000000000e+06
1.079831000000000000e+06
1.079849000000000000e+06
1.079861000000000000e+06
1.079867000000000000e+06
1.079879000000000000e+06
1.079887000000000000e+06
1.079917000000000000e+06
1.079927000000000000e+06
1.079929000000000000e+06
1.079933000000000000e+06
1.079957000000000000e+06
1.079963000000000000e+06
1.079977000000000000e+06
1.079983000000000000e+06
1.079987000000000000e+06
1.079999000000000000e+06
1.080007000000000000e+06
1.080029000000000000e+06
1.080043000000000000e+06
1.080049000000000000e+06
1.080059000000000000e+06
1.080073000000000000e+06
1.080077000000000000e+06
1.080083000000000000e+06
1.080089000000000000e+06
1.080091000000000000e+06
1.080097000000000000e+06
1.080119000000000000e+06
1.080137000000000000e+06
1.080143000000000000e+06
1.080173000000000000e+06
1.080199000000000000e+06
1.080217000000000000e+06
1.080223000000000000e+06
1.080229000000000000e+06
1.080251000000000000e+06
1.080259000000000000e+06
1.080263000000000000e+06
1.080269000000000000e+06
1.080271000000000000e+06
1.080281000000000000e+06
1.080301000000000000e+06
1.080307000000000000e+06
1.080311000000000000e+06
1.080329000000000000e+06
1.080341000000000000e+06
