1.080347000000000000e+06
1.080353000000000000e+06
1.080383000000000000e+06
1.080413000000000000e+06
1.080419000000000000e+06
1.080433000000000000e+06
1.080439000000000000e+06
1.080449000000000000e+06
1.080451000000000000e+06
1.080463000000000000e+06
1.080479000000000000e+06
1.080481000000000000e+06
1.080491000000000000e+06
1.080523000000000000e+06
1.080539000000000000e+06
1.080553000000000000e+06
1.080557000000000000e+06
1.080559000000000000e+06
1.080589000000000000e+06
1.080613000000000000e+06
1.080647000000000000e+06
1.080649000000000000e+06
1.080661000000000000e+06
1.080679000000000000e+06
1.080683000000000000e+06
1.080713000000000000e+06
1.080749000000000000e+06
1.080757000000000000e+06
1.080763000000000000e+06
1.080767000000000000e+06
1.080773000000000000e+06
1.080787000000000000e+06
1.080791000000000000e+06
1.080797000000000000e+06
1.080803000000000000e+06
1.080811000000000000e+06
1.080817000000000000e+06
1.080823000000000000e+06
1.080841000000000000e+06
1.080847000000000000e+06
1.080851000000000000e+06
1.080857000000000000e+06
1.080899000000000000e+06
1.080901000000000000e+06
1.080907000000000000e+06
1.080913000000000000e+06
1.080923000000000000e+06
1.080941000000000000e+06
1.080943000000000000e+06
1.080971000000000000e+06
1.080973000000000000e+06
1.080983000000000000e+06
1.081027000000000000e+06
1.081037000000000000e+06
1.081051000000000000e+06
1.081061000000000000e+06
1.081079000000000000e+06
1.081097000000000000e+06
1.081099000000000000e+06
1.081121000000000000e+06
1.081123000000000000e+06
1.081127000000000000e+06
1.081133000000000000e+06
1.081139000000000000e+06
1.081153000000000000e+06
1.081163000000000000e+06
1.081219000000000000e+06
1.081229000000000000e+06
1.081231000000000000e+06
1.081237000000000000e+06
1.081243000000000000e+06
1.081247000000000000e+06
1.081277000000000000e+06
1.081279000000000000e+06
1.081291000000000000e+06
1.081303000000000000e+06
1.081307000000000000e+06
1.081331000000000000e+06
1.081337000000000000e+06
1.081351000000000000e+06
1.081361000000000000e+06
1.081369000000000000e+06
1.081403000000000000e+06
1.081417000000000000e+06
1.081429000000000000e+06
1.081441000000000000e+06
1.081477000000000000e+06
1.081501000000000000e+06
1.081513000000000000e+06
1.081541000000000000e+06
1.081583000000000000e+06
1.081631000000000000e+06
1.081637000000000000e+06
1.081657000000000000e+06
1.081679000000000000e+06
1.081681000000000000e+06
1.081687000000000000e+06
1.081699000000000000e+06
1.081709000000000000e+06
1.081711000000000000e+06
