1.082710000000000000e+05
1.082870000000000000e+05
1.082890000000000000e+05
1.082930000000000000e+05
1.083010000000000000e+05
1.083430000000000000e+05
1.083470000000000000e+05
1.083590000000000000e+05
1.083770000000000000e+05
1.083790000000000000e+05
1.084010000000000000e+05
1.084130000000000000e+05
1.084210000000000000e+05
1.084390000000000000e+05
1.084570000000000000e+05
1.084610000000000000e+05
1.084630000000000000e+05
1.084970000000000000e+05
1.084990000000000000e+05
1.085030000000000000e+05
1.085170000000000000e+05
1.085290000000000000e+05
1.085330000000000000e+05
1.085410000000000000e+05
1.085530000000000000e+05
1.085570000000000000e+05
1.085710000000000000e+05
1.085870000000000000e+05
1.086310000000000000e+05
1.086370000000000000e+05
1.086430000000000000e+05
1.086490000000000000e+05
1.086770000000000000e+05
1.087070000000000000e+05
1.087090000000000000e+05
1.087270000000000000e+05
1.087390000000000000e+05
1.087510000000000000e+05
1.087610000000000000e+05
1.087690000000000000e+05
1.087910000000000000e+05
1.087930000000000000e+05
1.087990000000000000e+05
1.088030000000000000e+05
1.088210000000000000e+05
1.088270000000000000e+05
1.088630000000000000e+05
1.088690000000000000e+05
1.088770000000000000e+05
1.088810000000000000e+05
1.088830000000000000e+05
1.088870000000000000e+05
1.088930000000000000e+05
1.089070000000000000e+05
1.089170000000000000e+05
1.089230000000000000e+05
1.089290000000000000e+05
1.089430000000000000e+05
1.089470000000000000e+05
1.089490000000000000e+05
1.089590000000000000e+05
1.089610000000000000e+05
1.089670000000000000e+05
1.089710000000000000e+05
1.089910000000000000e+05
1.090010000000000000e+05
1.090130000000000000e+05
1.090370000000000000e+05
1.090490000000000000e+05
1.090630000000000000e+05
1.090730000000000000e+05
1.090970000000000000e+05
1.091030000000000000e+05
1.091110000000000000e+05
1.091210000000000000e+05
1.091330000000000000e+05
1.091390000000000000e+05
1.091410000000000000e+05
1.091470000000000000e+05
1.091590000000000000e+05
1.091690000000000000e+05
1.091710000000000000e+05
1.091990000000000000e+05
1.092010000000000000e+05
1.092110000000000000e+05
1.092290000000000000e+05
1.092530000000000000e+05
1.092670000000000000e+05
1.092790000000000000e+05
1.092970000000000000e+05
1.093030000000000000e+05
1.093130000000000000e+05
1.093210000000000000e+05
1.093310000000000000e+05
1.093570000000000000e+05
1.093630000000000000e+05
1.093670000000000000e+05
1.093790000000000000e+05
1.093870000000000000e+05
1.093910000000000000e+05
