1.084543000000000000e+06
1.084547000000000000e+06
1.084553000000000000e+06
1.084579000000000000e+06
1.084609000000000000e+06
1.084613000000000000e+06
1.084621000000000000e+06
1.084627000000000000e+06
1.084637000000000000e+06
1.084649000000000000e+06
1.084661000000000000e+06
1.084669000000000000e+06
1.084673000000000000e+06
1.084697000000000000e+06
1.084711000000000000e+06
1.084723000000000000e+06
1.084747000000000000e+06
1.084757000000000000e+06
1.084771000000000000e+06
1.084777000000000000e+06
1.084793000000000000e+06
1.084799000000000000e+06
1.084817000000000000e+06
1.084823000000000000e+06
1.084829000000000000e+06
1.084859000000000000e+06
1.084871000000000000e+06
1.084891000000000000e+06
1.084927000000000000e+06
1.084939000000000000e+06
1.084943000000000000e+06
1.084949000000000000e+06
1.084981000000000000e+06
1.084987000000000000e+06
1.084997000000000000e+06
1.085003000000000000e+06
1.085011000000000000e+06
1.085017000000000000e+06
1.085023000000000000e+06
1.085047000000000000e+06
1.085053000000000000e+06
1.085101000000000000e+06
1.085111000000000000e+06
1.085113000000000000e+06
1.085131000000000000e+06
1.085137000000000000e+06
1.085141000000000000e+06
1.085143000000000000e+06
1.085153000000000000e+06
1.085159000000000000e+06
1.085179000000000000e+06
1.085197000000000000e+06
1.085221000000000000e+06
1.085269000000000000e+06
1.085309000000000000e+06
1.085317000000000000e+06
1.085327000000000000e+06
1.085351000000000000e+06
1.085353000000000000e+06
1.085369000000000000e+06
1.085389000000000000e+06
1.085407000000000000e+06
1.085419000000000000e+06
1.085429000000000000e+06
1.085431000000000000e+06
1.085443000000000000e+06
1.085459000000000000e+06
1.085473000000000000e+06
1.085509000000000000e+06
1.085521000000000000e+06
1.085551000000000000e+06
1.085587000000000000e+06
1.085611000000000000e+06
1.085627000000000000e+06
1.085633000000000000e+06
1.085657000000000000e+06
1.085663000000000000e+06
1.085677000000000000e+06
1.085681000000000000e+06
1.085687000000000000e+06
1.085719000000000000e+06
1.085737000000000000e+06
1.085753000000000000e+06
1.085767000000000000e+06
1.085771000000000000e+06
1.085779000000000000e+06
1.085801000000000000e+06
1.085809000000000000e+06
1.085813000000000000e+06
1.085827000000000000e+06
1.085857000000000000e+06
1.085863000000000000e+06
1.085867000000000000e+06
1.085873000000000000e+06
1.085881000000000000e+06
1.085891000000000000e+06
1.085911000000000000e+06
1.085933000000000000e+06
1.085957000000000000e+06
1.085971000000000000e+06
