1.088723000000000000e+06
1.088749000000000000e+06
1.088753000000000000e+06
1.088761000000000000e+06
1.088777000000000000e+06
1.088783000000000000e+06
1.088807000000000000e+06
1.088827000000000000e+06
1.088831000000000000e+06
1.088839000000000000e+06
1.088851000000000000e+06
1.088903000000000000e+06
1.088917000000000000e+06
1.088933000000000000e+06
1.088953000000000000e+06
1.088957000000000000e+06
1.088959000000000000e+06
1.088977000000000000e+06
1.088987000000000000e+06
1.088993000000000000e+06
1.089017000000000000e+06
1.089029000000000000e+06
1.089047000000000000e+06
1.089091000000000000e+06
1.089103000000000000e+06
1.089107000000000000e+06
1.089113000000000000e+06
1.089133000000000000e+06
1.089161000000000000e+06
1.089191000000000000e+06
1.089197000000000000e+06
1.089217000000000000e+06
1.089223000000000000e+06
1.089227000000000000e+06
1.089239000000000000e+06
1.089259000000000000e+06
1.089299000000000000e+06
1.089313000000000000e+06
1.089359000000000000e+06
1.089383000000000000e+06
1.089397000000000000e+06
1.089401000000000000e+06
1.089421000000000000e+06
1.089427000000000000e+06
1.089457000000000000e+06
1.089461000000000000e+06
1.089463000000000000e+06
1.089469000000000000e+06
1.089481000000000000e+06
1.089497000000000000e+06
1.089503000000000000e+06
1.089509000000000000e+06
1.089523000000000000e+06
1.089551000000000000e+06
1.089563000000000000e+06
1.089611000000000000e+06
1.089629000000000000e+06
1.089653000000000000e+06
1.089661000000000000e+06
1.089677000000000000e+06
1.089679000000000000e+06
1.089703000000000000e+06
1.089709000000000000e+06
1.089713000000000000e+06
1.089757000000000000e+06
1.089793000000000000e+06
1.089799000000000000e+06
1.089841000000000000e+06
1.089863000000000000e+06
1.089877000000000000e+06
1.089917000000000000e+06
1.089919000000000000e+06
1.089941000000000000e+06
1.089943000000000000e+06
1.089961000000000000e+06
1.089967000000000000e+06
1.090003000000000000e+06
1.090013000000000000e+06
1.090021000000000000e+06
1.090027000000000000e+06
1.090031000000000000e+06
1.090097000000000000e+06
1.090099000000000000e+06
1.090127000000000000e+06
1.090129000000000000e+06
1.090151000000000000e+06
1.090153000000000000e+06
1.090169000000000000e+06
1.090181000000000000e+06
1.090189000000000000e+06
1.090211000000000000e+06
1.090213000000000000e+06
1.090217000000000000e+06
1.090241000000000000e+06
1.090249000000000000e+06
1.090267000000000000e+06
1.090273000000000000e+06
1.090303000000000000e+06
1.090333000000000000e+06
1.090373000000000000e+06
