1.090381000000000000e+06
1.090387000000000000e+06
1.090403000000000000e+06
1.090409000000000000e+06
1.090421000000000000e+06
1.090423000000000000e+06
1.090457000000000000e+06
1.090459000000000000e+06
1.090469000000000000e+06
1.090471000000000000e+06
1.090483000000000000e+06
1.090493000000000000e+06
1.090519000000000000e+06
1.090553000000000000e+06
1.090577000000000000e+06
1.090589000000000000e+06
1.090597000000000000e+06
1.090613000000000000e+06
1.090627000000000000e+06
1.090681000000000000e+06
1.090697000000000000e+06
1.090709000000000000e+06
1.090711000000000000e+06
1.090717000000000000e+06
1.090721000000000000e+06
1.090757000000000000e+06
1.090759000000000000e+06
1.090769000000000000e+06
1.090783000000000000e+06
1.090799000000000000e+06
1.090807000000000000e+06
1.090819000000000000e+06
1.090841000000000000e+06
1.090849000000000000e+06
1.090877000000000000e+06
1.090879000000000000e+06
1.090883000000000000e+06
1.090889000000000000e+06
1.090891000000000000e+06
1.090897000000000000e+06
1.090909000000000000e+06
1.090919000000000000e+06
1.090927000000000000e+06
1.090937000000000000e+06
1.090939000000000000e+06
1.090949000000000000e+06
1.090963000000000000e+06
1.090967000000000000e+06
1.090979000000000000e+06
1.090997000000000000e+06
1.091003000000000000e+06
1.091017000000000000e+06
1.091021000000000000e+06
1.091023000000000000e+06
1.091033000000000000e+06
1.091047000000000000e+06
1.091053000000000000e+06
1.091059000000000000e+06
1.091063000000000000e+06
1.091071000000000000e+06
1.091119000000000000e+06
1.091137000000000000e+06
1.091147000000000000e+06
1.091149000000000000e+06
1.091159000000000000e+06
1.091161000000000000e+06
1.091173000000000000e+06
1.091177000000000000e+06
1.091191000000000000e+06
1.091219000000000000e+06
1.091221000000000000e+06
1.091239000000000000e+06
1.091243000000000000e+06
1.091257000000000000e+06
1.091261000000000000e+06
1.091263000000000000e+06
1.091267000000000000e+06
1.091269000000000000e+06
1.091273000000000000e+06
1.091287000000000000e+06
1.091329000000000000e+06
1.091339000000000000e+06
1.091359000000000000e+06
1.091369000000000000e+06
1.091371000000000000e+06
1.091381000000000000e+06
1.091393000000000000e+06
1.091399000000000000e+06
1.091401000000000000e+06
1.091411000000000000e+06
1.091413000000000000e+06
1.091443000000000000e+06
1.091459000000000000e+06
1.091471000000000000e+06
1.091477000000000000e+06
1.091509000000000000e+06
1.091521000000000000e+06
1.091527000000000000e+06
1.091549000000000000e+06
1.091551000000000000e+06
