1.092961000000000000e+06
1.092977000000000000e+06
1.092989000000000000e+06
1.092991000000000000e+06
1.092997000000000000e+06
1.093007000000000000e+06
1.093033000000000000e+06
1.093061000000000000e+06
1.093063000000000000e+06
1.093067000000000000e+06
1.093069000000000000e+06
1.093087000000000000e+06
1.093109000000000000e+06
1.093111000000000000e+06
1.093129000000000000e+06
1.093133000000000000e+06
1.093159000000000000e+06
1.093163000000000000e+06
1.093177000000000000e+06
1.093199000000000000e+06
1.093201000000000000e+06
1.093223000000000000e+06
1.093237000000000000e+06
1.093243000000000000e+06
1.093249000000000000e+06
1.093273000000000000e+06
1.093283000000000000e+06
1.093289000000000000e+06
1.093297000000000000e+06
1.093307000000000000e+06
1.093327000000000000e+06
1.093331000000000000e+06
1.093357000000000000e+06
1.093363000000000000e+06
1.093381000000000000e+06
1.093399000000000000e+06
1.093403000000000000e+06
1.093409000000000000e+06
1.093427000000000000e+06
1.093441000000000000e+06
1.093487000000000000e+06
1.093493000000000000e+06
1.093517000000000000e+06
1.093529000000000000e+06
1.093531000000000000e+06
1.093537000000000000e+06
1.093541000000000000e+06
1.093553000000000000e+06
1.093571000000000000e+06
1.093577000000000000e+06
1.093591000000000000e+06
1.093633000000000000e+06
1.093637000000000000e+06
1.093639000000000000e+06
1.093657000000000000e+06
1.093663000000000000e+06
1.093667000000000000e+06
1.093679000000000000e+06
1.093681000000000000e+06
1.093699000000000000e+06
1.093717000000000000e+06
1.093723000000000000e+06
1.093733000000000000e+06
1.093739000000000000e+06
1.093747000000000000e+06
1.093751000000000000e+06
1.093753000000000000e+06
1.093777000000000000e+06
1.093789000000000000e+06
1.093823000000000000e+06
1.093837000000000000e+06
1.093843000000000000e+06
1.093847000000000000e+06
1.093871000000000000e+06
1.093889000000000000e+06
1.093901000000000000e+06
1.093907000000000000e+06
1.093927000000000000e+06
1.093943000000000000e+06
1.093951000000000000e+06
1.093957000000000000e+06
1.093969000000000000e+06
1.093991000000000000e+06
1.093993000000000000e+06
1.093997000000000000e+06
1.093999000000000000e+06
1.094011000000000000e+06
1.094029000000000000e+06
1.094047000000000000e+06
1.094057000000000000e+06
1.094059000000000000e+06
1.094081000000000000e+06
1.094089000000000000e+06
1.094099000000000000e+06
1.094101000000000000e+06
1.094123000000000000e+06
1.094129000000000000e+06
1.094131000000000000e+06
1.094143000000000000e+06
1.094147000000000000e+06
