1.094161000000000000e+06
1.094183000000000000e+06
1.094209000000000000e+06
1.094237000000000000e+06
1.094263000000000000e+06
1.094293000000000000e+06
1.094299000000000000e+06
1.094321000000000000e+06
1.094333000000000000e+06
1.094339000000000000e+06
1.094371000000000000e+06
1.094377000000000000e+06
1.094407000000000000e+06
1.094411000000000000e+06
1.094417000000000000e+06
1.094437000000000000e+06
1.094441000000000000e+06
1.094449000000000000e+06
1.094453000000000000e+06
1.094461000000000000e+06
1.094473000000000000e+06
1.094491000000000000e+06
1.094519000000000000e+06
1.094531000000000000e+06
1.094539000000000000e+06
1.094543000000000000e+06
1.094549000000000000e+06
1.094551000000000000e+06
1.094557000000000000e+06
1.094567000000000000e+06
1.094573000000000000e+06
1.094603000000000000e+06
1.094623000000000000e+06
1.094629000000000000e+06
1.094633000000000000e+06
1.094657000000000000e+06
1.094669000000000000e+06
1.094671000000000000e+06
1.094683000000000000e+06
1.094689000000000000e+06
1.094693000000000000e+06
1.094701000000000000e+06
1.094711000000000000e+06
1.094747000000000000e+06
1.094759000000000000e+06
1.094773000000000000e+06
1.094791000000000000e+06
1.094801000000000000e+06
1.094803000000000000e+06
1.094809000000000000e+06
1.094831000000000000e+06
1.094833000000000000e+06
1.094843000000000000e+06
1.094881000000000000e+06
1.094887000000000000e+06
1.094897000000000000e+06
1.094911000000000000e+06
1.094921000000000000e+06
1.094923000000000000e+06
1.094939000000000000e+06
1.094957000000000000e+06
1.094963000000000000e+06
1.094969000000000000e+06
1.094983000000000000e+06
1.094999000000000000e+06
1.095023000000000000e+06
1.095043000000000000e+06
1.095047000000000000e+06
1.095049000000000000e+06
1.095067000000000000e+06
1.095071000000000000e+06
1.095091000000000000e+06
1.095119000000000000e+06
1.095161000000000000e+06
1.095169000000000000e+06
1.095173000000000000e+06
1.095209000000000000e+06
1.095221000000000000e+06
1.095223000000000000e+06
1.095229000000000000e+06
1.095239000000000000e+06
1.095247000000000000e+06
1.095251000000000000e+06
1.095257000000000000e+06
1.095287000000000000e+06
1.095313000000000000e+06
1.095319000000000000e+06
1.095343000000000000e+06
1.095349000000000000e+06
1.095401000000000000e+06
1.095403000000000000e+06
1.095427000000000000e+06
1.095433000000000000e+06
1.095439000000000000e+06
1.095443000000000000e+06
1.095449000000000000e+06
1.095461000000000000e+06
1.095481000000000000e+06
1.095487000000000000e+06
1.095491000000000000e+06
