1.095503000000000000e+06
1.095529000000000000e+06
1.095541000000000000e+06
1.095551000000000000e+06
1.095557000000000000e+06
1.095569000000000000e+06
1.095581000000000000e+06
1.095583000000000000e+06
1.095613000000000000e+06
1.095631000000000000e+06
1.095671000000000000e+06
1.095691000000000000e+06
1.095713000000000000e+06
1.095719000000000000e+06
1.095727000000000000e+06
1.095733000000000000e+06
1.095739000000000000e+06
1.095751000000000000e+06
1.095779000000000000e+06
1.095781000000000000e+06
1.095791000000000000e+06
1.095793000000000000e+06
1.095811000000000000e+06
1.095821000000000000e+06
1.095833000000000000e+06
1.095839000000000000e+06
1.095841000000000000e+06
1.095847000000000000e+06
1.095851000000000000e+06
1.095859000000000000e+06
1.095907000000000000e+06
1.095931000000000000e+06
1.095947000000000000e+06
1.095959000000000000e+06
1.095961000000000000e+06
1.095979000000000000e+06
1.095989000000000000e+06
1.096031000000000000e+06
1.096057000000000000e+06
1.096061000000000000e+06
1.096079000000000000e+06
1.096097000000000000e+06
1.096099000000000000e+06
1.096127000000000000e+06
1.096133000000000000e+06
1.096141000000000000e+06
1.096159000000000000e+06
1.096163000000000000e+06
1.096189000000000000e+06
1.096201000000000000e+06
1.096219000000000000e+06
1.096267000000000000e+06
1.096289000000000000e+06
1.096307000000000000e+06
1.096327000000000000e+06
1.096349000000000000e+06
1.096351000000000000e+06
1.096363000000000000e+06
1.096373000000000000e+06
1.096379000000000000e+06
1.096393000000000000e+06
1.096399000000000000e+06
1.096423000000000000e+06
1.096427000000000000e+06
1.096451000000000000e+06
1.096477000000000000e+06
1.096481000000000000e+06
1.096489000000000000e+06
1.096493000000000000e+06
1.096499000000000000e+06
1.096507000000000000e+06
1.096541000000000000e+06
1.096549000000000000e+06
1.096553000000000000e+06
1.096559000000000000e+06
1.096561000000000000e+06
1.096583000000000000e+06
1.096609000000000000e+06
1.096621000000000000e+06
1.096631000000000000e+06
1.096639000000000000e+06
1.096673000000000000e+06
1.096691000000000000e+06
1.096703000000000000e+06
1.096727000000000000e+06
1.096741000000000000e+06
1.096763000000000000e+06
1.096787000000000000e+06
1.096793000000000000e+06
1.096807000000000000e+06
1.096817000000000000e+06
1.096829000000000000e+06
1.096831000000000000e+06
1.096853000000000000e+06
1.096859000000000000e+06
1.096861000000000000e+06
1.096871000000000000e+06
1.096883000000000000e+06
1.096919000000000000e+06
1.096951000000000000e+06
