1.096957000000000000e+06
1.096967000000000000e+06
1.096969000000000000e+06
1.096981000000000000e+06
1.096999000000000000e+06
1.097009000000000000e+06
1.097017000000000000e+06
1.097029000000000000e+06
1.097039000000000000e+06
1.097051000000000000e+06
1.097069000000000000e+06
1.097081000000000000e+06
1.097101000000000000e+06
1.097111000000000000e+06
1.097113000000000000e+06
1.097141000000000000e+06
1.097143000000000000e+06
1.097147000000000000e+06
1.097179000000000000e+06
1.097189000000000000e+06
1.097203000000000000e+06
1.097209000000000000e+06
1.097221000000000000e+06
1.097237000000000000e+06
1.097267000000000000e+06
1.097293000000000000e+06
1.097297000000000000e+06
1.097321000000000000e+06
1.097323000000000000e+06
1.097351000000000000e+06
1.097359000000000000e+06
1.097377000000000000e+06
1.097381000000000000e+06
1.097413000000000000e+06
1.097419000000000000e+06
1.097423000000000000e+06
1.097441000000000000e+06
1.097443000000000000e+06
1.097461000000000000e+06
1.097483000000000000e+06
1.097501000000000000e+06
1.097513000000000000e+06
1.097533000000000000e+06
1.097539000000000000e+06
1.097543000000000000e+06
1.097549000000000000e+06
1.097557000000000000e+06
1.097599000000000000e+06
1.097627000000000000e+06
1.097633000000000000e+06
1.097651000000000000e+06
1.097653000000000000e+06
1.097659000000000000e+06
1.097669000000000000e+06
1.097699000000000000e+06
1.097711000000000000e+06
1.097717000000000000e+06
1.097729000000000000e+06
1.097743000000000000e+06
1.097783000000000000e+06
1.097791000000000000e+06
1.097797000000000000e+06
1.097819000000000000e+06
1.097849000000000000e+06
1.097851000000000000e+06
1.097861000000000000e+06
1.097869000000000000e+06
1.097879000000000000e+06
1.097891000000000000e+06
1.097893000000000000e+06
1.097897000000000000e+06
1.097903000000000000e+06
1.097909000000000000e+06
1.097923000000000000e+06
1.097933000000000000e+06
1.097947000000000000e+06
1.097983000000000000e+06
1.098017000000000000e+06
1.098023000000000000e+06
1.098037000000000000e+06
1.098073000000000000e+06
1.098077000000000000e+06
1.098101000000000000e+06
1.098109000000000000e+06
1.098121000000000000e+06
1.098133000000000000e+06
1.098151000000000000e+06
1.098187000000000000e+06
1.098191000000000000e+06
1.098193000000000000e+06
1.098203000000000000e+06
1.098211000000000000e+06
1.098221000000000000e+06
1.098233000000000000e+06
1.098269000000000000e+06
1.098287000000000000e+06
1.098301000000000000e+06
1.098311000000000000e+06
1.098313000000000000e+06
1.098341000000000000e+06
