1.098373000000000000e+06
1.098379000000000000e+06
1.098397000000000000e+06
1.098401000000000000e+06
1.098439000000000000e+06
1.098443000000000000e+06
1.098451000000000000e+06
1.098463000000000000e+06
1.098469000000000000e+06
1.098479000000000000e+06
1.098481000000000000e+06
1.098509000000000000e+06
1.098511000000000000e+06
1.098533000000000000e+06
1.098541000000000000e+06
1.098593000000000000e+06
1.098613000000000000e+06
1.098623000000000000e+06
1.098631000000000000e+06
1.098649000000000000e+06
1.098667000000000000e+06
1.098673000000000000e+06
1.098689000000000000e+06
1.098707000000000000e+06
1.098709000000000000e+06
1.098731000000000000e+06
1.098737000000000000e+06
1.098787000000000000e+06
1.098791000000000000e+06
1.098803000000000000e+06
1.098821000000000000e+06
1.098833000000000000e+06
1.098847000000000000e+06
1.098953000000000000e+06
1.098967000000000000e+06
1.098973000000000000e+06
1.098989000000000000e+06
1.099031000000000000e+06
1.099051000000000000e+06
1.099057000000000000e+06
1.099079000000000000e+06
1.099081000000000000e+06
1.099097000000000000e+06
1.099103000000000000e+06
1.099117000000000000e+06
1.099121000000000000e+06
1.099139000000000000e+06
1.099171000000000000e+06
1.099177000000000000e+06
1.099181000000000000e+06
1.099199000000000000e+06
1.099223000000000000e+06
1.099247000000000000e+06
1.099249000000000000e+06
1.099261000000000000e+06
1.099279000000000000e+06
1.099289000000000000e+06
1.099309000000000000e+06
1.099313000000000000e+06
1.099327000000000000e+06
1.099337000000000000e+06
1.099363000000000000e+06
1.099369000000000000e+06
1.099391000000000000e+06
1.099393000000000000e+06
1.099409000000000000e+06
1.099411000000000000e+06
1.099421000000000000e+06
1.099433000000000000e+06
1.099459000000000000e+06
1.099463000000000000e+06
1.099487000000000000e+06
1.099489000000000000e+06
1.099493000000000000e+06
1.099499000000000000e+06
1.099507000000000000e+06
1.099513000000000000e+06
1.099519000000000000e+06
1.099523000000000000e+06
1.099541000000000000e+06
1.099547000000000000e+06
1.099559000000000000e+06
1.099573000000000000e+06
1.099589000000000000e+06
1.099619000000000000e+06
1.099621000000000000e+06
1.099627000000000000e+06
1.099633000000000000e+06
1.099649000000000000e+06
1.099669000000000000e+06
1.099687000000000000e+06
1.099711000000000000e+06
1.099717000000000000e+06
1.099723000000000000e+06
1.099727000000000000e+06
1.099729000000000000e+06
1.099741000000000000e+06
1.099757000000000000e+06
1.099771000000000000e+06
1.099783000000000000e+06
