1.099793000000000000e+06
1.099799000000000000e+06
1.099807000000000000e+06
1.099817000000000000e+06
1.099823000000000000e+06
1.099841000000000000e+06
1.099843000000000000e+06
1.099859000000000000e+06
1.099867000000000000e+06
1.099927000000000000e+06
1.099933000000000000e+06
1.099957000000000000e+06
1.099961000000000000e+06
1.099997000000000000e+06
1.100009000000000000e+06
1.100023000000000000e+06
1.100027000000000000e+06
1.100039000000000000e+06
1.100041000000000000e+06
1.100051000000000000e+06
1.100063000000000000e+06
1.100089000000000000e+06
1.100093000000000000e+06
1.100101000000000000e+06
1.100123000000000000e+06
1.100131000000000000e+06
1.100147000000000000e+06
1.100149000000000000e+06
1.100161000000000000e+06
1.100167000000000000e+06
1.100171000000000000e+06
1.100179000000000000e+06
1.100213000000000000e+06
1.100219000000000000e+06
1.100243000000000000e+06
1.100249000000000000e+06
1.100261000000000000e+06
1.100273000000000000e+06
1.100279000000000000e+06
1.100303000000000000e+06
1.100311000000000000e+06
1.100321000000000000e+06
1.100353000000000000e+06
1.100357000000000000e+06
1.100377000000000000e+06
1.100381000000000000e+06
1.100387000000000000e+06
1.100419000000000000e+06
1.100441000000000000e+06
1.100443000000000000e+06
1.100447000000000000e+06
1.100467000000000000e+06
1.100471000000000000e+06
1.100483000000000000e+06
1.100503000000000000e+06
1.100509000000000000e+06
1.100513000000000000e+06
1.100543000000000000e+06
1.100557000000000000e+06
1.100569000000000000e+06
1.100581000000000000e+06
1.100591000000000000e+06
1.100611000000000000e+06
1.100641000000000000e+06
1.100653000000000000e+06
1.100681000000000000e+06
1.100683000000000000e+06
1.100747000000000000e+06
1.100773000000000000e+06
1.100777000000000000e+06
1.100783000000000000e+06
1.100797000000000000e+06
1.100807000000000000e+06
1.100831000000000000e+06
1.100833000000000000e+06
1.100837000000000000e+06
1.100839000000000000e+06
1.100851000000000000e+06
1.100857000000000000e+06
1.100887000000000000e+06
1.100893000000000000e+06
1.100899000000000000e+06
1.100909000000000000e+06
1.100921000000000000e+06
1.100933000000000000e+06
1.100947000000000000e+06
1.100977000000000000e+06
1.101071000000000000e+06
1.101091000000000000e+06
1.101097000000000000e+06
1.101103000000000000e+06
1.101109000000000000e+06
1.101127000000000000e+06
1.101143000000000000e+06
1.101169000000000000e+06
1.101179000000000000e+06
1.101193000000000000e+06
1.101211000000000000e+06
1.101229000000000000e+06
1.101253000000000000e+06
