1.101283000000000000e+06
1.101299000000000000e+06
1.101307000000000000e+06
1.101319000000000000e+06
1.101323000000000000e+06
1.101341000000000000e+06
1.101349000000000000e+06
1.101371000000000000e+06
1.101377000000000000e+06
1.101389000000000000e+06
1.101403000000000000e+06
1.101407000000000000e+06
1.101409000000000000e+06
1.101421000000000000e+06
1.101431000000000000e+06
1.101433000000000000e+06
1.101439000000000000e+06
1.101467000000000000e+06
1.101473000000000000e+06
1.101509000000000000e+06
1.101511000000000000e+06
1.101517000000000000e+06
1.101521000000000000e+06
1.101533000000000000e+06
1.101559000000000000e+06
1.101571000000000000e+06
1.101577000000000000e+06
1.101587000000000000e+06
1.101593000000000000e+06
1.101613000000000000e+06
1.101619000000000000e+06
1.101641000000000000e+06
1.101649000000000000e+06
1.101671000000000000e+06
1.101673000000000000e+06
1.101689000000000000e+06
1.101691000000000000e+06
1.101697000000000000e+06
1.101733000000000000e+06
1.101743000000000000e+06
1.101761000000000000e+06
1.101767000000000000e+06
1.101773000000000000e+06
1.101781000000000000e+06
1.101803000000000000e+06
1.101811000000000000e+06
1.101839000000000000e+06
1.101851000000000000e+06
1.101871000000000000e+06
1.101883000000000000e+06
1.101901000000000000e+06
1.101917000000000000e+06
1.101929000000000000e+06
1.101931000000000000e+06
1.101937000000000000e+06
1.101941000000000000e+06
1.101959000000000000e+06
1.101967000000000000e+06
1.102001000000000000e+06
1.102007000000000000e+06
1.102021000000000000e+06
1.102027000000000000e+06
1.102063000000000000e+06
1.102069000000000000e+06
1.102111000000000000e+06
1.102117000000000000e+06
1.102147000000000000e+06
1.102151000000000000e+06
1.102159000000000000e+06
1.102163000000000000e+06
1.102169000000000000e+06
1.102181000000000000e+06
1.102187000000000000e+06
1.102201000000000000e+06
1.102237000000000000e+06
1.102243000000000000e+06
1.102249000000000000e+06
1.102253000000000000e+06
1.102259000000000000e+06
1.102271000000000000e+06
1.102279000000000000e+06
1.102301000000000000e+06
1.102307000000000000e+06
1.102313000000000000e+06
1.102333000000000000e+06
1.102337000000000000e+06
1.102393000000000000e+06
1.102397000000000000e+06
1.102411000000000000e+06
1.102427000000000000e+06
1.102429000000000000e+06
1.102441000000000000e+06
1.102447000000000000e+06
1.102457000000000000e+06
1.102463000000000000e+06
1.102481000000000000e+06
1.102483000000000000e+06
1.102523000000000000e+06
1.102537000000000000e+06
1.102547000000000000e+06
