1.106030000000000000e+05
1.106090000000000000e+05
1.106230000000000000e+05
1.106290000000000000e+05
1.106410000000000000e+05
1.106470000000000000e+05
1.106510000000000000e+05
1.106810000000000000e+05
1.107110000000000000e+05
1.107290000000000000e+05
1.107310000000000000e+05
1.107490000000000000e+05
1.107530000000000000e+05
1.107710000000000000e+05
1.107770000000000000e+05
1.108070000000000000e+05
1.108130000000000000e+05
1.108190000000000000e+05
1.108210000000000000e+05
1.108490000000000000e+05
1.108630000000000000e+05
1.108790000000000000e+05
1.108810000000000000e+05
1.108990000000000000e+05
1.109090000000000000e+05
1.109170000000000000e+05
1.109210000000000000e+05
1.109230000000000000e+05
1.109270000000000000e+05
1.109330000000000000e+05
1.109390000000000000e+05
1.109470000000000000e+05
1.109510000000000000e+05
1.109690000000000000e+05
1.109770000000000000e+05
1.109890000000000000e+05
1.110290000000000000e+05
1.110310000000000000e+05
1.110430000000000000e+05
1.110490000000000000e+05
1.110530000000000000e+05
1.110910000000000000e+05
1.111030000000000000e+05
1.111090000000000000e+05
1.111190000000000000e+05
1.111210000000000000e+05
1.111270000000000000e+05
1.111430000000000000e+05
1.111490000000000000e+05
1.111870000000000000e+05
1.111910000000000000e+05
1.112110000000000000e+05
1.112170000000000000e+05
1.112270000000000000e+05
1.112290000000000000e+05
1.112530000000000000e+05
1.112630000000000000e+05
1.112690000000000000e+05
1.112710000000000000e+05
1.113010000000000000e+05
1.113170000000000000e+05
1.113230000000000000e+05
1.113370000000000000e+05
1.113410000000000000e+05
1.113470000000000000e+05
1.113730000000000000e+05
1.114090000000000000e+05
1.114270000000000000e+05
1.114310000000000000e+05
1.114390000000000000e+05
1.114430000000000000e+05
1.114670000000000000e+05
1.114870000000000000e+05
1.114910000000000000e+05
1.114930000000000000e+05
1.114970000000000000e+05
1.115090000000000000e+05
1.115210000000000000e+05
1.115330000000000000e+05
1.115390000000000000e+05
1.115770000000000000e+05
1.115810000000000000e+05
1.115930000000000000e+05
1.115990000000000000e+05
1.116110000000000000e+05
1.116230000000000000e+05
1.116370000000000000e+05
1.116410000000000000e+05
1.116530000000000000e+05
1.116590000000000000e+05
1.116670000000000000e+05
1.116970000000000000e+05
1.117210000000000000e+05
1.117310000000000000e+05
1.117330000000000000e+05
1.117510000000000000e+05
1.117670000000000000e+05
1.117730000000000000e+05
1.117790000000000000e+05
1.117810000000000000e+05
