1.106593000000000000e+06
1.106621000000000000e+06
1.106627000000000000e+06
1.106629000000000000e+06
1.106653000000000000e+06
1.106671000000000000e+06
1.106687000000000000e+06
1.106689000000000000e+06
1.106741000000000000e+06
1.106747000000000000e+06
1.106761000000000000e+06
1.106767000000000000e+06
1.106771000000000000e+06
1.106779000000000000e+06
1.106789000000000000e+06
1.106801000000000000e+06
1.106821000000000000e+06
1.106827000000000000e+06
1.106837000000000000e+06
1.106839000000000000e+06
1.106851000000000000e+06
1.106881000000000000e+06
1.106891000000000000e+06
1.106909000000000000e+06
1.106923000000000000e+06
1.106927000000000000e+06
1.106939000000000000e+06
1.106953000000000000e+06
1.106957000000000000e+06
1.106977000000000000e+06
1.106993000000000000e+06
1.106999000000000000e+06
1.107019000000000000e+06
1.107031000000000000e+06
1.107047000000000000e+06
1.107049000000000000e+06
1.107053000000000000e+06
1.107083000000000000e+06
1.107101000000000000e+06
1.107107000000000000e+06
1.107109000000000000e+06
1.107157000000000000e+06
1.107167000000000000e+06
1.107173000000000000e+06
1.107199000000000000e+06
1.107203000000000000e+06
1.107217000000000000e+06
1.107269000000000000e+06
1.107317000000000000e+06
1.107319000000000000e+06
1.107341000000000000e+06
1.107347000000000000e+06
1.107383000000000000e+06
1.107389000000000000e+06
1.107401000000000000e+06
1.107409000000000000e+06
1.107419000000000000e+06
1.107433000000000000e+06
1.107439000000000000e+06
1.107467000000000000e+06
1.107479000000000000e+06
1.107487000000000000e+06
1.107497000000000000e+06
1.107503000000000000e+06
1.107511000000000000e+06
1.107523000000000000e+06
1.107527000000000000e+06
1.107553000000000000e+06
1.107569000000000000e+06
1.107571000000000000e+06
1.107581000000000000e+06
1.107583000000000000e+06
1.107593000000000000e+06
1.107619000000000000e+06
1.107677000000000000e+06
1.107679000000000000e+06
1.107721000000000000e+06
1.107727000000000000e+06
1.107751000000000000e+06
1.107763000000000000e+06
1.107773000000000000e+06
1.107781000000000000e+06
1.107787000000000000e+06
1.107791000000000000e+06
1.107793000000000000e+06
1.107797000000000000e+06
1.107803000000000000e+06
1.107811000000000000e+06
1.107823000000000000e+06
1.107851000000000000e+06
1.107853000000000000e+06
1.107881000000000000e+06
1.107893000000000000e+06
1.107913000000000000e+06
1.107917000000000000e+06
1.107923000000000000e+06
1.107929000000000000e+06
1.107937000000000000e+06
1.107989000000000000e+06
1.108001000000000000e+06
