1.108007000000000000e+06
1.108021000000000000e+06
1.108049000000000000e+06
1.108057000000000000e+06
1.108069000000000000e+06
1.108073000000000000e+06
1.108091000000000000e+06
1.108103000000000000e+06
1.108123000000000000e+06
1.108127000000000000e+06
1.108147000000000000e+06
1.108169000000000000e+06
1.108171000000000000e+06
1.108181000000000000e+06
1.108201000000000000e+06
1.108207000000000000e+06
1.108223000000000000e+06
1.108229000000000000e+06
1.108241000000000000e+06
1.108253000000000000e+06
1.108259000000000000e+06
1.108267000000000000e+06
1.108313000000000000e+06
1.108321000000000000e+06
1.108337000000000000e+06
1.108357000000000000e+06
1.108361000000000000e+06
1.108363000000000000e+06
1.108369000000000000e+06
1.108397000000000000e+06
1.108423000000000000e+06
1.108427000000000000e+06
1.108447000000000000e+06
1.108453000000000000e+06
1.108463000000000000e+06
1.108469000000000000e+06
1.108477000000000000e+06
1.108487000000000000e+06
1.108489000000000000e+06
1.108501000000000000e+06
1.108507000000000000e+06
1.108537000000000000e+06
1.108543000000000000e+06
1.108559000000000000e+06
1.108561000000000000e+06
1.108567000000000000e+06
1.108571000000000000e+06
1.108573000000000000e+06
1.108579000000000000e+06
1.108603000000000000e+06
1.108609000000000000e+06
1.108619000000000000e+06
1.108633000000000000e+06
1.108663000000000000e+06
1.108691000000000000e+06
1.108693000000000000e+06
1.108697000000000000e+06
1.108703000000000000e+06
1.108711000000000000e+06
1.108717000000000000e+06
1.108727000000000000e+06
1.108729000000000000e+06
1.108733000000000000e+06
1.108739000000000000e+06
1.108747000000000000e+06
1.108753000000000000e+06
1.108759000000000000e+06
1.108771000000000000e+06
1.108781000000000000e+06
1.108801000000000000e+06
1.108817000000000000e+06
1.108819000000000000e+06
1.108823000000000000e+06
1.108867000000000000e+06
1.108903000000000000e+06
1.108907000000000000e+06
1.108909000000000000e+06
1.108957000000000000e+06
1.108967000000000000e+06
1.108993000000000000e+06
1.108997000000000000e+06
1.108999000000000000e+06
1.109021000000000000e+06
1.109033000000000000e+06
1.109057000000000000e+06
1.109113000000000000e+06
1.109117000000000000e+06
1.109123000000000000e+06
1.109159000000000000e+06
1.109161000000000000e+06
1.109167000000000000e+06
1.109189000000000000e+06
1.109197000000000000e+06
1.109219000000000000e+06
1.109231000000000000e+06
1.109243000000000000e+06
1.109249000000000000e+06
1.109257000000000000e+06
1.109281000000000000e+06
1.109287000000000000e+06
