1.109291000000000000e+06
1.109309000000000000e+06
1.109327000000000000e+06
1.109347000000000000e+06
1.109351000000000000e+06
1.109363000000000000e+06
1.109387000000000000e+06
1.109393000000000000e+06
1.109399000000000000e+06
1.109401000000000000e+06
1.109411000000000000e+06
1.109431000000000000e+06
1.109473000000000000e+06
1.109477000000000000e+06
1.109489000000000000e+06
1.109491000000000000e+06
1.109509000000000000e+06
1.109513000000000000e+06
1.109531000000000000e+06
1.109533000000000000e+06
1.109561000000000000e+06
1.109579000000000000e+06
1.109609000000000000e+06
1.109611000000000000e+06
1.109629000000000000e+06
1.109639000000000000e+06
1.109653000000000000e+06
1.109663000000000000e+06
1.109723000000000000e+06
1.109737000000000000e+06
1.109749000000000000e+06
1.109761000000000000e+06
1.109783000000000000e+06
1.109789000000000000e+06
1.109791000000000000e+06
1.109813000000000000e+06
1.109821000000000000e+06
1.109839000000000000e+06
1.109851000000000000e+06
1.109861000000000000e+06
1.109869000000000000e+06
1.109881000000000000e+06
1.109887000000000000e+06
1.109891000000000000e+06
1.109897000000000000e+06
1.109903000000000000e+06
1.109909000000000000e+06
1.109921000000000000e+06
1.109951000000000000e+06
1.109987000000000000e+06
1.110007000000000000e+06
1.110013000000000000e+06
1.110019000000000000e+06
1.110023000000000000e+06
1.110041000000000000e+06
1.110061000000000000e+06
1.110077000000000000e+06
1.110089000000000000e+06
1.110103000000000000e+06
1.110127000000000000e+06
1.110133000000000000e+06
1.110167000000000000e+06
1.110181000000000000e+06
1.110223000000000000e+06
1.110229000000000000e+06
1.110247000000000000e+06
1.110269000000000000e+06
1.110271000000000000e+06
1.110289000000000000e+06
1.110301000000000000e+06
1.110311000000000000e+06
1.110313000000000000e+06
1.110331000000000000e+06
1.110349000000000000e+06
1.110353000000000000e+06
1.110367000000000000e+06
1.110397000000000000e+06
1.110401000000000000e+06
1.110413000000000000e+06
1.110427000000000000e+06
1.110433000000000000e+06
1.110449000000000000e+06
1.110467000000000000e+06
1.110479000000000000e+06
1.110517000000000000e+06
1.110521000000000000e+06
1.110523000000000000e+06
1.110533000000000000e+06
1.110539000000000000e+06
1.110541000000000000e+06
1.110547000000000000e+06
1.110583000000000000e+06
1.110587000000000000e+06
1.110589000000000000e+06
1.110611000000000000e+06
1.110617000000000000e+06
1.110643000000000000e+06
1.110667000000000000e+06
1.110679000000000000e+06
1.110709000000000000e+06
