1.110713000000000000e+06
1.110719000000000000e+06
1.110727000000000000e+06
1.110743000000000000e+06
1.110773000000000000e+06
1.110779000000000000e+06
1.110803000000000000e+06
1.110817000000000000e+06
1.110821000000000000e+06
1.110839000000000000e+06
1.110859000000000000e+06
1.110881000000000000e+06
1.110887000000000000e+06
1.110913000000000000e+06
1.110917000000000000e+06
1.110919000000000000e+06
1.110929000000000000e+06
1.110931000000000000e+06
1.110943000000000000e+06
1.110953000000000000e+06
1.110959000000000000e+06
1.110971000000000000e+06
1.110973000000000000e+06
1.110979000000000000e+06
1.110983000000000000e+06
1.110997000000000000e+06
1.111007000000000000e+06
1.111013000000000000e+06
1.111021000000000000e+06
1.111031000000000000e+06
1.111043000000000000e+06
1.111049000000000000e+06
1.111057000000000000e+06
1.111067000000000000e+06
1.111081000000000000e+06
1.111087000000000000e+06
1.111091000000000000e+06
1.111151000000000000e+06
1.111157000000000000e+06
1.111169000000000000e+06
1.111181000000000000e+06
1.111183000000000000e+06
1.111189000000000000e+06
1.111211000000000000e+06
1.111213000000000000e+06
1.111219000000000000e+06
1.111247000000000000e+06
1.111259000000000000e+06
1.111283000000000000e+06
1.111289000000000000e+06
1.111301000000000000e+06
1.111333000000000000e+06
1.111339000000000000e+06
1.111351000000000000e+06
1.111361000000000000e+06
1.111379000000000000e+06
1.111393000000000000e+06
1.111399000000000000e+06
1.111423000000000000e+06
1.111427000000000000e+06
1.111433000000000000e+06
1.111447000000000000e+06
1.111457000000000000e+06
1.111489000000000000e+06
1.111493000000000000e+06
1.111499000000000000e+06
1.111531000000000000e+06
1.111543000000000000e+06
1.111547000000000000e+06
1.111553000000000000e+06
1.111559000000000000e+06
1.111573000000000000e+06
1.111577000000000000e+06
1.111637000000000000e+06
1.111639000000000000e+06
1.111651000000000000e+06
1.111661000000000000e+06
1.111667000000000000e+06
1.111673000000000000e+06
1.111687000000000000e+06
1.111703000000000000e+06
1.111711000000000000e+06
1.111723000000000000e+06
1.111727000000000000e+06
1.111741000000000000e+06
1.111757000000000000e+06
1.111771000000000000e+06
1.111787000000000000e+06
1.111793000000000000e+06
1.111801000000000000e+06
1.111841000000000000e+06
1.111853000000000000e+06
1.111867000000000000e+06
1.111897000000000000e+06
1.111921000000000000e+06
1.111933000000000000e+06
1.111949000000000000e+06
1.111963000000000000e+06
1.111967000000000000e+06
1.111991000000000000e+06
