1.112003000000000000e+06
1.112011000000000000e+06
1.112017000000000000e+06
1.112047000000000000e+06
1.112057000000000000e+06
1.112077000000000000e+06
1.112081000000000000e+06
1.112087000000000000e+06
1.112093000000000000e+06
1.112107000000000000e+06
1.112113000000000000e+06
1.112129000000000000e+06
1.112131000000000000e+06
1.112141000000000000e+06
1.112143000000000000e+06
1.112147000000000000e+06
1.112159000000000000e+06
1.112171000000000000e+06
1.112197000000000000e+06
1.112201000000000000e+06
1.112239000000000000e+06
1.112269000000000000e+06
1.112273000000000000e+06
1.112291000000000000e+06
1.112323000000000000e+06
1.112333000000000000e+06
1.112339000000000000e+06
1.112341000000000000e+06
1.112351000000000000e+06
1.112359000000000000e+06
1.112369000000000000e+06
1.112381000000000000e+06
1.112383000000000000e+06
1.112389000000000000e+06
1.112413000000000000e+06
1.112467000000000000e+06
1.112471000000000000e+06
1.112477000000000000e+06
1.112483000000000000e+06
1.112509000000000000e+06
1.112513000000000000e+06
1.112519000000000000e+06
1.112543000000000000e+06
1.112549000000000000e+06
1.112561000000000000e+06
1.112567000000000000e+06
1.112569000000000000e+06
1.112581000000000000e+06
1.112591000000000000e+06
1.112597000000000000e+06
1.112611000000000000e+06
1.112623000000000000e+06
1.112651000000000000e+06
1.112653000000000000e+06
1.112663000000000000e+06
1.112677000000000000e+06
1.112689000000000000e+06
1.112707000000000000e+06
1.112723000000000000e+06
1.112729000000000000e+06
1.112731000000000000e+06
1.112737000000000000e+06
1.112747000000000000e+06
1.112777000000000000e+06
1.112779000000000000e+06
1.112789000000000000e+06
1.112821000000000000e+06
1.112827000000000000e+06
1.112831000000000000e+06
1.112833000000000000e+06
1.112857000000000000e+06
1.112897000000000000e+06
1.112899000000000000e+06
1.112911000000000000e+06
1.112921000000000000e+06
1.112941000000000000e+06
1.112953000000000000e+06
1.112959000000000000e+06
1.112971000000000000e+06
1.112977000000000000e+06
1.112983000000000000e+06
1.113011000000000000e+06
1.113019000000000000e+06
1.113029000000000000e+06
1.113043000000000000e+06
1.113059000000000000e+06
1.113083000000000000e+06
1.113089000000000000e+06
1.113103000000000000e+06
1.113137000000000000e+06
1.113149000000000000e+06
1.113157000000000000e+06
1.113173000000000000e+06
1.113181000000000000e+06
1.113187000000000000e+06
1.113193000000000000e+06
1.113197000000000000e+06
1.113199000000000000e+06
1.113221000000000000e+06
1.113239000000000000e+06
