1.113253000000000000e+06
1.113257000000000000e+06
1.113317000000000000e+06
1.113319000000000000e+06
1.113337000000000000e+06
1.113349000000000000e+06
1.113373000000000000e+06
1.113379000000000000e+06
1.113401000000000000e+06
1.113403000000000000e+06
1.113421000000000000e+06
1.113451000000000000e+06
1.113461000000000000e+06
1.113481000000000000e+06
1.113491000000000000e+06
1.113509000000000000e+06
1.113521000000000000e+06
1.113527000000000000e+06
1.113557000000000000e+06
1.113569000000000000e+06
1.113587000000000000e+06
1.113599000000000000e+06
1.113617000000000000e+06
1.113643000000000000e+06
1.113667000000000000e+06
1.113701000000000000e+06
1.113703000000000000e+06
1.113713000000000000e+06
1.113719000000000000e+06
1.113751000000000000e+06
1.113773000000000000e+06
1.113781000000000000e+06
1.113787000000000000e+06
1.113793000000000000e+06
1.113797000000000000e+06
1.113809000000000000e+06
1.113859000000000000e+06
1.113863000000000000e+06
1.113877000000000000e+06
1.113883000000000000e+06
1.113887000000000000e+06
1.113899000000000000e+06
1.113941000000000000e+06
1.113949000000000000e+06
1.113953000000000000e+06
1.113961000000000000e+06
1.113971000000000000e+06
1.113991000000000000e+06
1.113997000000000000e+06
1.114019000000000000e+06
1.114031000000000000e+06
1.114037000000000000e+06
1.114039000000000000e+06
1.114049000000000000e+06
1.114063000000000000e+06
1.114111000000000000e+06
1.114117000000000000e+06
1.114159000000000000e+06
1.114193000000000000e+06
1.114207000000000000e+06
1.114213000000000000e+06
1.114241000000000000e+06
1.114249000000000000e+06
1.114261000000000000e+06
1.114271000000000000e+06
1.114273000000000000e+06
1.114283000000000000e+06
1.114297000000000000e+06
1.114301000000000000e+06
1.114303000000000000e+06
1.114349000000000000e+06
1.114361000000000000e+06
1.114381000000000000e+06
1.114397000000000000e+06
1.114423000000000000e+06
1.114427000000000000e+06
1.114447000000000000e+06
1.114471000000000000e+06
1.114489000000000000e+06
1.114493000000000000e+06
1.114501000000000000e+06
1.114507000000000000e+06
1.114523000000000000e+06
1.114541000000000000e+06
1.114549000000000000e+06
1.114567000000000000e+06
1.114573000000000000e+06
1.114577000000000000e+06
1.114591000000000000e+06
1.114601000000000000e+06
1.114613000000000000e+06
1.114651000000000000e+06
1.114657000000000000e+06
1.114661000000000000e+06
1.114681000000000000e+06
1.114693000000000000e+06
1.114697000000000000e+06
1.114709000000000000e+06
1.114721000000000000e+06
1.114723000000000000e+06
