1.114733000000000000e+06
1.114753000000000000e+06
1.114759000000000000e+06
1.114801000000000000e+06
1.114807000000000000e+06
1.114811000000000000e+06
1.114829000000000000e+06
1.114837000000000000e+06
1.114849000000000000e+06
1.114859000000000000e+06
1.114873000000000000e+06
1.114891000000000000e+06
1.114907000000000000e+06
1.114909000000000000e+06
1.114931000000000000e+06
1.114937000000000000e+06
1.114943000000000000e+06
1.114969000000000000e+06
1.114973000000000000e+06
1.114987000000000000e+06
1.114999000000000000e+06
1.115011000000000000e+06
1.115027000000000000e+06
1.115029000000000000e+06
1.115057000000000000e+06
1.115071000000000000e+06
1.115089000000000000e+06
1.115099000000000000e+06
1.115113000000000000e+06
1.115117000000000000e+06
1.115131000000000000e+06
1.115189000000000000e+06
1.115207000000000000e+06
1.115227000000000000e+06
1.115237000000000000e+06
1.115239000000000000e+06
1.115267000000000000e+06
1.115269000000000000e+06
1.115273000000000000e+06
1.115297000000000000e+06
1.115299000000000000e+06
1.115321000000000000e+06
1.115327000000000000e+06
1.115329000000000000e+06
1.115351000000000000e+06
1.115363000000000000e+06
1.115381000000000000e+06
1.115399000000000000e+06
1.115407000000000000e+06
1.115417000000000000e+06
1.115419000000000000e+06
1.115447000000000000e+06
1.115449000000000000e+06
1.115453000000000000e+06
1.115467000000000000e+06
1.115497000000000000e+06
1.115501000000000000e+06
1.115519000000000000e+06
1.115531000000000000e+06
1.115533000000000000e+06
1.115539000000000000e+06
1.115551000000000000e+06
1.115561000000000000e+06
1.115567000000000000e+06
1.115573000000000000e+06
1.115579000000000000e+06
1.115581000000000000e+06
1.115599000000000000e+06
1.115627000000000000e+06
1.115633000000000000e+06
1.115641000000000000e+06
1.115657000000000000e+06
1.115683000000000000e+06
1.115701000000000000e+06
1.115711000000000000e+06
1.115713000000000000e+06
1.115731000000000000e+06
1.115743000000000000e+06
1.115759000000000000e+06
1.115767000000000000e+06
1.115771000000000000e+06
1.115773000000000000e+06
1.115789000000000000e+06
1.115831000000000000e+06
1.115839000000000000e+06
1.115843000000000000e+06
1.115857000000000000e+06
1.115879000000000000e+06
1.115899000000000000e+06
1.115911000000000000e+06
1.115923000000000000e+06
1.115929000000000000e+06
1.115941000000000000e+06
1.115987000000000000e+06
1.115993000000000000e+06
1.116001000000000000e+06
1.116053000000000000e+06
1.116077000000000000e+06
1.116091000000000000e+06
1.116107000000000000e+06
