1.117591000000000000e+06
1.117601000000000000e+06
1.117603000000000000e+06
1.117607000000000000e+06
1.117609000000000000e+06
1.117657000000000000e+06
1.117661000000000000e+06
1.117673000000000000e+06
1.117679000000000000e+06
1.117681000000000000e+06
1.117709000000000000e+06
1.117729000000000000e+06
1.117741000000000000e+06
1.117757000000000000e+06
1.117759000000000000e+06
1.117763000000000000e+06
1.117769000000000000e+06
1.117793000000000000e+06
1.117799000000000000e+06
1.117811000000000000e+06
1.117813000000000000e+06
1.117817000000000000e+06
1.117819000000000000e+06
1.117861000000000000e+06
1.117867000000000000e+06
1.117877000000000000e+06
1.117889000000000000e+06
1.117901000000000000e+06
1.117913000000000000e+06
1.117931000000000000e+06
1.117933000000000000e+06
1.117939000000000000e+06
1.117943000000000000e+06
1.117967000000000000e+06
1.117973000000000000e+06
1.117993000000000000e+06
1.118003000000000000e+06
1.118009000000000000e+06
1.118011000000000000e+06
1.118021000000000000e+06
1.118023000000000000e+06
1.118027000000000000e+06
1.118041000000000000e+06
1.118063000000000000e+06
1.118081000000000000e+06
1.118101000000000000e+06
1.118113000000000000e+06
1.118123000000000000e+06
1.118137000000000000e+06
1.118147000000000000e+06
1.118149000000000000e+06
1.118189000000000000e+06
1.118197000000000000e+06
1.118203000000000000e+06
1.118219000000000000e+06
1.118261000000000000e+06
1.118267000000000000e+06
1.118291000000000000e+06
1.118303000000000000e+06
1.118309000000000000e+06
1.118317000000000000e+06
1.118339000000000000e+06
1.118363000000000000e+06
1.118371000000000000e+06
1.118393000000000000e+06
1.118419000000000000e+06
1.118437000000000000e+06
1.118441000000000000e+06
1.118479000000000000e+06
1.118483000000000000e+06
1.118497000000000000e+06
1.118519000000000000e+06
1.118527000000000000e+06
1.118563000000000000e+06
1.118567000000000000e+06
1.118569000000000000e+06
1.118599000000000000e+06
1.118629000000000000e+06
1.118653000000000000e+06
1.118659000000000000e+06
1.118713000000000000e+06
1.118717000000000000e+06
1.118723000000000000e+06
1.118737000000000000e+06
1.118749000000000000e+06
1.118773000000000000e+06
1.118779000000000000e+06
1.118783000000000000e+06
1.118797000000000000e+06
1.118807000000000000e+06
1.118809000000000000e+06
1.118827000000000000e+06
1.118837000000000000e+06
1.118851000000000000e+06
1.118857000000000000e+06
1.118861000000000000e+06
1.118863000000000000e+06
1.118867000000000000e+06
1.118869000000000000e+06
1.118893000000000000e+06
