1.118911000000000000e+06
1.118921000000000000e+06
1.118941000000000000e+06
1.118947000000000000e+06
1.118951000000000000e+06
1.118969000000000000e+06
1.118987000000000000e+06
1.118993000000000000e+06
1.119029000000000000e+06
1.119037000000000000e+06
1.119047000000000000e+06
1.119049000000000000e+06
1.119077000000000000e+06
1.119091000000000000e+06
1.119109000000000000e+06
1.119121000000000000e+06
1.119169000000000000e+06
1.119179000000000000e+06
1.119221000000000000e+06
1.119227000000000000e+06
1.119241000000000000e+06
1.119269000000000000e+06
1.119281000000000000e+06
1.119299000000000000e+06
1.119319000000000000e+06
1.119323000000000000e+06
1.119343000000000000e+06
1.119359000000000000e+06
1.119389000000000000e+06
1.119397000000000000e+06
1.119403000000000000e+06
1.119449000000000000e+06
1.119473000000000000e+06
1.119523000000000000e+06
1.119527000000000000e+06
1.119529000000000000e+06
1.119557000000000000e+06
1.119577000000000000e+06
1.119589000000000000e+06
1.119607000000000000e+06
1.119611000000000000e+06
1.119623000000000000e+06
1.119649000000000000e+06
1.119653000000000000e+06
1.119659000000000000e+06
1.119673000000000000e+06
1.119691000000000000e+06
1.119697000000000000e+06
1.119707000000000000e+06
1.119733000000000000e+06
1.119737000000000000e+06
1.119779000000000000e+06
1.119793000000000000e+06
1.119799000000000000e+06
1.119809000000000000e+06
1.119817000000000000e+06
1.119821000000000000e+06
1.119823000000000000e+06
1.119857000000000000e+06
1.119863000000000000e+06
1.119871000000000000e+06
1.119907000000000000e+06
1.119913000000000000e+06
1.119947000000000000e+06
1.119949000000000000e+06
1.119959000000000000e+06
1.120001000000000000e+06
1.120019000000000000e+06
1.120051000000000000e+06
1.120073000000000000e+06
1.120081000000000000e+06
1.120087000000000000e+06
1.120109000000000000e+06
1.120121000000000000e+06
1.120153000000000000e+06
1.120157000000000000e+06
1.120159000000000000e+06
1.120187000000000000e+06
1.120211000000000000e+06
1.120219000000000000e+06
1.120237000000000000e+06
1.120271000000000000e+06
1.120277000000000000e+06
1.120289000000000000e+06
1.120291000000000000e+06
1.120303000000000000e+06
1.120313000000000000e+06
1.120319000000000000e+06
1.120321000000000000e+06
1.120337000000000000e+06
1.120349000000000000e+06
1.120363000000000000e+06
1.120369000000000000e+06
1.120391000000000000e+06
1.120423000000000000e+06
1.120429000000000000e+06
1.120459000000000000e+06
1.120481000000000000e+06
1.120499000000000000e+06
1.120501000000000000e+06
