1.123391000000000000e+06
1.123399000000000000e+06
1.123403000000000000e+06
1.123427000000000000e+06
1.123429000000000000e+06
1.123439000000000000e+06
1.123477000000000000e+06
1.123483000000000000e+06
1.123487000000000000e+06
1.123501000000000000e+06
1.123511000000000000e+06
1.123517000000000000e+06
1.123531000000000000e+06
1.123541000000000000e+06
1.123553000000000000e+06
1.123561000000000000e+06
1.123567000000000000e+06
1.123589000000000000e+06
1.123597000000000000e+06
1.123601000000000000e+06
1.123621000000000000e+06
1.123631000000000000e+06
1.123637000000000000e+06
1.123651000000000000e+06
1.123667000000000000e+06
1.123669000000000000e+06
1.123691000000000000e+06
1.123693000000000000e+06
1.123699000000000000e+06
1.123709000000000000e+06
1.123729000000000000e+06
1.123739000000000000e+06
1.123741000000000000e+06
1.123747000000000000e+06
1.123777000000000000e+06
1.123807000000000000e+06
1.123841000000000000e+06
1.123867000000000000e+06
1.123873000000000000e+06
1.123879000000000000e+06
1.123883000000000000e+06
1.123897000000000000e+06
1.123901000000000000e+06
1.123909000000000000e+06
1.123919000000000000e+06
1.123931000000000000e+06
1.123943000000000000e+06
1.123951000000000000e+06
1.123961000000000000e+06
1.123973000000000000e+06
1.123979000000000000e+06
1.123999000000000000e+06
1.124027000000000000e+06
1.124041000000000000e+06
1.124051000000000000e+06
1.124083000000000000e+06
1.124087000000000000e+06
1.124107000000000000e+06
1.124113000000000000e+06
1.124119000000000000e+06
1.124131000000000000e+06
1.124141000000000000e+06
1.124147000000000000e+06
1.124197000000000000e+06
1.124203000000000000e+06
1.124209000000000000e+06
1.124219000000000000e+06
1.124239000000000000e+06
1.124251000000000000e+06
1.124267000000000000e+06
1.124269000000000000e+06
1.124293000000000000e+06
1.124297000000000000e+06
1.124303000000000000e+06
1.124317000000000000e+06
1.124351000000000000e+06
1.124353000000000000e+06
1.124369000000000000e+06
1.124377000000000000e+06
1.124423000000000000e+06
1.124429000000000000e+06
1.124437000000000000e+06
1.124441000000000000e+06
1.124443000000000000e+06
1.124449000000000000e+06
1.124509000000000000e+06
1.124531000000000000e+06
1.124551000000000000e+06
1.124561000000000000e+06
1.124581000000000000e+06
1.124593000000000000e+06
1.124597000000000000e+06
1.124603000000000000e+06
1.124639000000000000e+06
1.124647000000000000e+06
1.124653000000000000e+06
1.124659000000000000e+06
1.124681000000000000e+06
1.124687000000000000e+06
1.124699000000000000e+06
