1.124719000000000000e+06
1.124741000000000000e+06
1.124749000000000000e+06
1.124759000000000000e+06
1.124789000000000000e+06
1.124797000000000000e+06
1.124803000000000000e+06
1.124807000000000000e+06
1.124813000000000000e+06
1.124831000000000000e+06
1.124833000000000000e+06
1.124867000000000000e+06
1.124869000000000000e+06
1.124951000000000000e+06
1.124957000000000000e+06
1.124969000000000000e+06
1.124983000000000000e+06
1.124987000000000000e+06
1.124993000000000000e+06
1.125001000000000000e+06
1.125013000000000000e+06
1.125017000000000000e+06
1.125029000000000000e+06
1.125053000000000000e+06
1.125097000000000000e+06
1.125109000000000000e+06
1.125121000000000000e+06
1.125127000000000000e+06
1.125139000000000000e+06
1.125143000000000000e+06
1.125151000000000000e+06
1.125167000000000000e+06
1.125169000000000000e+06
1.125193000000000000e+06
1.125203000000000000e+06
1.125209000000000000e+06
1.125217000000000000e+06
1.125221000000000000e+06
1.125253000000000000e+06
1.125259000000000000e+06
1.125283000000000000e+06
1.125317000000000000e+06
1.125323000000000000e+06
1.125329000000000000e+06
1.125343000000000000e+06
1.125359000000000000e+06
1.125361000000000000e+06
1.125379000000000000e+06
1.125391000000000000e+06
1.125401000000000000e+06
1.125407000000000000e+06
1.125419000000000000e+06
1.125431000000000000e+06
1.125433000000000000e+06
1.125469000000000000e+06
1.125473000000000000e+06
1.125479000000000000e+06
1.125499000000000000e+06
1.125529000000000000e+06
1.125539000000000000e+06
1.125557000000000000e+06
1.125559000000000000e+06
1.125569000000000000e+06
1.125571000000000000e+06
1.125581000000000000e+06
1.125599000000000000e+06
1.125629000000000000e+06
1.125647000000000000e+06
1.125653000000000000e+06
1.125679000000000000e+06
1.125701000000000000e+06
1.125713000000000000e+06
1.125739000000000000e+06
1.125763000000000000e+06
1.125767000000000000e+06
1.125793000000000000e+06
1.125797000000000000e+06
1.125811000000000000e+06
1.125823000000000000e+06
1.125833000000000000e+06
1.125857000000000000e+06
1.125871000000000000e+06
1.125899000000000000e+06
1.125907000000000000e+06
1.125911000000000000e+06
1.125913000000000000e+06
1.125923000000000000e+06
1.125931000000000000e+06
1.125941000000000000e+06
1.125953000000000000e+06
1.125973000000000000e+06
1.125991000000000000e+06
1.126031000000000000e+06
1.126033000000000000e+06
1.126043000000000000e+06
1.126067000000000000e+06
1.126093000000000000e+06
1.126159000000000000e+06
1.126189000000000000e+06
1.126201000000000000e+06
