1.127513000000000000e+06
1.127527000000000000e+06
1.127531000000000000e+06
1.127537000000000000e+06
1.127557000000000000e+06
1.127561000000000000e+06
1.127573000000000000e+06
1.127587000000000000e+06
1.127603000000000000e+06
1.127617000000000000e+06
1.127629000000000000e+06
1.127641000000000000e+06
1.127657000000000000e+06
1.127663000000000000e+06
1.127683000000000000e+06
1.127701000000000000e+06
1.127741000000000000e+06
1.127767000000000000e+06
1.127773000000000000e+06
1.127801000000000000e+06
1.127803000000000000e+06
1.127809000000000000e+06
1.127813000000000000e+06
1.127837000000000000e+06
1.127849000000000000e+06
1.127857000000000000e+06
1.127881000000000000e+06
1.127891000000000000e+06
1.127911000000000000e+06
1.127947000000000000e+06
1.127957000000000000e+06
1.127969000000000000e+06
1.127981000000000000e+06
1.127983000000000000e+06
1.127993000000000000e+06
1.128031000000000000e+06
1.128037000000000000e+06
1.128089000000000000e+06
1.128091000000000000e+06
1.128107000000000000e+06
1.128109000000000000e+06
1.128143000000000000e+06
1.128151000000000000e+06
1.128161000000000000e+06
1.128181000000000000e+06
1.128209000000000000e+06
1.128223000000000000e+06
1.128227000000000000e+06
1.128233000000000000e+06
1.128247000000000000e+06
1.128251000000000000e+06
1.128287000000000000e+06
1.128289000000000000e+06
1.128293000000000000e+06
1.128299000000000000e+06
1.128301000000000000e+06
1.128313000000000000e+06
1.128349000000000000e+06
1.128371000000000000e+06
1.128373000000000000e+06
1.128383000000000000e+06
1.128397000000000000e+06
1.128427000000000000e+06
1.128433000000000000e+06
1.128451000000000000e+06
1.128497000000000000e+06
1.128499000000000000e+06
1.128503000000000000e+06
1.128509000000000000e+06
1.128521000000000000e+06
1.128527000000000000e+06
1.128539000000000000e+06
1.128553000000000000e+06
1.128557000000000000e+06
1.128577000000000000e+06
1.128583000000000000e+06
1.128599000000000000e+06
1.128601000000000000e+06
1.128623000000000000e+06
1.128629000000000000e+06
1.128637000000000000e+06
1.128641000000000000e+06
1.128643000000000000e+06
1.128661000000000000e+06
1.128667000000000000e+06
1.128691000000000000e+06
1.128697000000000000e+06
1.128703000000000000e+06
1.128713000000000000e+06
1.128719000000000000e+06
1.128727000000000000e+06
1.128731000000000000e+06
1.128737000000000000e+06
1.128761000000000000e+06
1.128763000000000000e+06
1.128769000000000000e+06
1.128773000000000000e+06
1.128779000000000000e+06
1.128781000000000000e+06
1.128811000000000000e+06
