1.137067000000000000e+06
1.137091000000000000e+06
1.137109000000000000e+06
1.137137000000000000e+06
1.137139000000000000e+06
1.137161000000000000e+06
1.137163000000000000e+06
1.137167000000000000e+06
1.137179000000000000e+06
1.137203000000000000e+06
1.137209000000000000e+06
1.137229000000000000e+06
1.137233000000000000e+06
1.137247000000000000e+06
1.137263000000000000e+06
1.137271000000000000e+06
1.137289000000000000e+06
1.137313000000000000e+06
1.137329000000000000e+06
1.137337000000000000e+06
1.137341000000000000e+06
1.137403000000000000e+06
1.137407000000000000e+06
1.137427000000000000e+06
1.137439000000000000e+06
1.137457000000000000e+06
1.137481000000000000e+06
1.137503000000000000e+06
1.137527000000000000e+06
1.137529000000000000e+06
1.137547000000000000e+06
1.137551000000000000e+06
1.137553000000000000e+06
1.137569000000000000e+06
1.137611000000000000e+06
1.137613000000000000e+06
1.137629000000000000e+06
1.137659000000000000e+06
1.137667000000000000e+06
1.137673000000000000e+06
1.137677000000000000e+06
1.137707000000000000e+06
1.137733000000000000e+06
1.137743000000000000e+06
1.137749000000000000e+06
1.137767000000000000e+06
1.137781000000000000e+06
1.137803000000000000e+06
1.137809000000000000e+06
1.137811000000000000e+06
1.137817000000000000e+06
1.137859000000000000e+06
1.137863000000000000e+06
1.137869000000000000e+06
1.137881000000000000e+06
1.137883000000000000e+06
1.137887000000000000e+06
1.137889000000000000e+06
1.137911000000000000e+06
1.137919000000000000e+06
1.137937000000000000e+06
1.137953000000000000e+06
1.137959000000000000e+06
1.137973000000000000e+06
1.137977000000000000e+06
1.137991000000000000e+06
1.138019000000000000e+06
1.138057000000000000e+06
1.138061000000000000e+06
1.138091000000000000e+06
1.138097000000000000e+06
1.138117000000000000e+06
1.138127000000000000e+06
1.138141000000000000e+06
1.138147000000000000e+06
1.138171000000000000e+06
1.138183000000000000e+06
1.138213000000000000e+06
1.138237000000000000e+06
1.138273000000000000e+06
1.138363000000000000e+06
1.138367000000000000e+06
1.138369000000000000e+06
1.138391000000000000e+06
1.138393000000000000e+06
1.138409000000000000e+06
1.138411000000000000e+06
1.138427000000000000e+06
1.138429000000000000e+06
1.138433000000000000e+06
1.138441000000000000e+06
1.138451000000000000e+06
1.138457000000000000e+06
1.138483000000000000e+06
1.138519000000000000e+06
1.138547000000000000e+06
1.138559000000000000e+06
1.138567000000000000e+06
1.138589000000000000e+06
1.138591000000000000e+06
