1.138637000000000000e+06
1.138639000000000000e+06
1.138649000000000000e+06
1.138667000000000000e+06
1.138673000000000000e+06
1.138679000000000000e+06
1.138681000000000000e+06
1.138703000000000000e+06
1.138717000000000000e+06
1.138729000000000000e+06
1.138733000000000000e+06
1.138741000000000000e+06
1.138751000000000000e+06
1.138757000000000000e+06
1.138771000000000000e+06
1.138777000000000000e+06
1.138793000000000000e+06
1.138829000000000000e+06
1.138831000000000000e+06
1.138849000000000000e+06
1.138853000000000000e+06
1.138867000000000000e+06
1.138883000000000000e+06
1.138901000000000000e+06
1.138919000000000000e+06
1.138957000000000000e+06
1.138961000000000000e+06
1.138967000000000000e+06
1.138979000000000000e+06
1.138987000000000000e+06
1.138997000000000000e+06
1.138999000000000000e+06
1.139003000000000000e+06
1.139011000000000000e+06
1.139041000000000000e+06
1.139059000000000000e+06
1.139081000000000000e+06
1.139087000000000000e+06
1.139123000000000000e+06
1.139141000000000000e+06
1.139143000000000000e+06
1.139147000000000000e+06
1.139191000000000000e+06
1.139197000000000000e+06
1.139227000000000000e+06
1.139239000000000000e+06
1.139249000000000000e+06
1.139263000000000000e+06
1.139269000000000000e+06
1.139273000000000000e+06
1.139287000000000000e+06
1.139291000000000000e+06
1.139293000000000000e+06
1.139309000000000000e+06
1.139321000000000000e+06
1.139329000000000000e+06
1.139353000000000000e+06
1.139387000000000000e+06
1.139393000000000000e+06
1.139407000000000000e+06
1.139423000000000000e+06
1.139461000000000000e+06
1.139471000000000000e+06
1.139473000000000000e+06
1.139483000000000000e+06
1.139491000000000000e+06
1.139503000000000000e+06
1.139519000000000000e+06
1.139521000000000000e+06
1.139531000000000000e+06
1.139539000000000000e+06
1.139549000000000000e+06
1.139557000000000000e+06
1.139573000000000000e+06
1.139587000000000000e+06
1.139623000000000000e+06
1.139669000000000000e+06
1.139681000000000000e+06
1.139683000000000000e+06
1.139687000000000000e+06
1.139713000000000000e+06
1.139717000000000000e+06
1.139741000000000000e+06
1.139771000000000000e+06
1.139773000000000000e+06
1.139779000000000000e+06
1.139807000000000000e+06
1.139819000000000000e+06
1.139843000000000000e+06
1.139849000000000000e+06
1.139851000000000000e+06
1.139861000000000000e+06
1.139863000000000000e+06
1.139869000000000000e+06
1.139909000000000000e+06
1.139911000000000000e+06
1.139917000000000000e+06
1.139921000000000000e+06
1.139951000000000000e+06
1.139959000000000000e+06
