1.142851000000000000e+06
1.142863000000000000e+06
1.142881000000000000e+06
1.142891000000000000e+06
1.142909000000000000e+06
1.142917000000000000e+06
1.142923000000000000e+06
1.142929000000000000e+06
1.142941000000000000e+06
1.142959000000000000e+06
1.142969000000000000e+06
1.142971000000000000e+06
1.143013000000000000e+06
1.143019000000000000e+06
1.143047000000000000e+06
1.143049000000000000e+06
1.143053000000000000e+06
1.143061000000000000e+06
1.143067000000000000e+06
1.143071000000000000e+06
1.143073000000000000e+06
1.143089000000000000e+06
1.143091000000000000e+06
1.143101000000000000e+06
1.143113000000000000e+06
1.143143000000000000e+06
1.143161000000000000e+06
1.143167000000000000e+06
1.143193000000000000e+06
1.143217000000000000e+06
1.143223000000000000e+06
1.143227000000000000e+06
1.143239000000000000e+06
1.143257000000000000e+06
1.143269000000000000e+06
1.143281000000000000e+06
1.143283000000000000e+06
1.143299000000000000e+06
1.143341000000000000e+06
1.143347000000000000e+06
1.143371000000000000e+06
1.143391000000000000e+06
1.143407000000000000e+06
1.143433000000000000e+06
1.143469000000000000e+06
1.143473000000000000e+06
1.143481000000000000e+06
1.143487000000000000e+06
1.143529000000000000e+06
1.143551000000000000e+06
1.143563000000000000e+06
1.143577000000000000e+06
1.143587000000000000e+06
1.143589000000000000e+06
1.143601000000000000e+06
1.143619000000000000e+06
1.143643000000000000e+06
1.143647000000000000e+06
1.143661000000000000e+06
1.143679000000000000e+06
1.143697000000000000e+06
1.143719000000000000e+06
1.143749000000000000e+06
1.143763000000000000e+06
1.143799000000000000e+06
1.143803000000000000e+06
1.143809000000000000e+06
1.143817000000000000e+06
1.143829000000000000e+06
1.143851000000000000e+06
1.143887000000000000e+06
1.143893000000000000e+06
1.143943000000000000e+06
1.143949000000000000e+06
1.143953000000000000e+06
1.143959000000000000e+06
1.143977000000000000e+06
1.144001000000000000e+06
1.144007000000000000e+06
1.144019000000000000e+06
1.144037000000000000e+06
1.144061000000000000e+06
1.144081000000000000e+06
1.144103000000000000e+06
1.144139000000000000e+06
1.144141000000000000e+06
1.144147000000000000e+06
1.144153000000000000e+06
1.144163000000000000e+06
1.144183000000000000e+06
1.144193000000000000e+06
1.144211000000000000e+06
1.144223000000000000e+06
1.144243000000000000e+06
1.144249000000000000e+06
1.144261000000000000e+06
1.144271000000000000e+06
1.144277000000000000e+06
1.144279000000000000e+06
1.144291000000000000e+06
