1.145693000000000000e+06
1.145713000000000000e+06
1.145723000000000000e+06
1.145741000000000000e+06
1.145743000000000000e+06
1.145747000000000000e+06
1.145773000000000000e+06
1.145789000000000000e+06
1.145797000000000000e+06
1.145801000000000000e+06
1.145803000000000000e+06
1.145831000000000000e+06
1.145843000000000000e+06
1.145849000000000000e+06
1.145873000000000000e+06
1.145897000000000000e+06
1.145899000000000000e+06
1.145971000000000000e+06
1.145983000000000000e+06
1.145999000000000000e+06
1.146037000000000000e+06
1.146043000000000000e+06
1.146049000000000000e+06
1.146071000000000000e+06
1.146083000000000000e+06
1.146091000000000000e+06
1.146097000000000000e+06
1.146133000000000000e+06
1.146143000000000000e+06
1.146179000000000000e+06
1.146217000000000000e+06
1.146221000000000000e+06
1.146263000000000000e+06
1.146281000000000000e+06
1.146307000000000000e+06
1.146323000000000000e+06
1.146329000000000000e+06
1.146331000000000000e+06
1.146347000000000000e+06
1.146367000000000000e+06
1.146391000000000000e+06
1.146407000000000000e+06
1.146413000000000000e+06
1.146419000000000000e+06
1.146421000000000000e+06
1.146461000000000000e+06
1.146487000000000000e+06
1.146491000000000000e+06
1.146511000000000000e+06
1.146521000000000000e+06
1.146529000000000000e+06
1.146533000000000000e+06
1.146539000000000000e+06
1.146559000000000000e+06
1.146569000000000000e+06
1.146581000000000000e+06
1.146661000000000000e+06
1.146671000000000000e+06
1.146679000000000000e+06
1.146697000000000000e+06
1.146703000000000000e+06
1.146709000000000000e+06
1.146713000000000000e+06
1.146727000000000000e+06
1.146731000000000000e+06
1.146763000000000000e+06
1.146773000000000000e+06
1.146779000000000000e+06
1.146781000000000000e+06
1.146787000000000000e+06
1.146791000000000000e+06
1.146793000000000000e+06
1.146797000000000000e+06
1.146799000000000000e+06
1.146809000000000000e+06
1.146823000000000000e+06
1.146829000000000000e+06
1.146833000000000000e+06
1.146841000000000000e+06
1.146857000000000000e+06
1.146869000000000000e+06
1.146877000000000000e+06
1.146881000000000000e+06
1.146911000000000000e+06
1.146917000000000000e+06
1.146931000000000000e+06
1.146947000000000000e+06
1.146953000000000000e+06
1.146967000000000000e+06
1.146989000000000000e+06
1.147009000000000000e+06
1.147021000000000000e+06
1.147039000000000000e+06
1.147043000000000000e+06
1.147051000000000000e+06
1.147067000000000000e+06
1.147073000000000000e+06
1.147099000000000000e+06
1.147103000000000000e+06
1.147117000000000000e+06
