1.149989000000000000e+06
1.149991000000000000e+06
1.150027000000000000e+06
1.150031000000000000e+06
1.150057000000000000e+06
1.150063000000000000e+06
1.150073000000000000e+06
1.150081000000000000e+06
1.150103000000000000e+06
1.150117000000000000e+06
1.150139000000000000e+06
1.150141000000000000e+06
1.150151000000000000e+06
1.150159000000000000e+06
1.150183000000000000e+06
1.150187000000000000e+06
1.150199000000000000e+06
1.150211000000000000e+06
1.150213000000000000e+06
1.150217000000000000e+06
1.150229000000000000e+06
1.150243000000000000e+06
1.150249000000000000e+06
1.150301000000000000e+06
1.150309000000000000e+06
1.150349000000000000e+06
1.150351000000000000e+06
1.150363000000000000e+06
1.150397000000000000e+06
1.150403000000000000e+06
1.150411000000000000e+06
1.150417000000000000e+06
1.150421000000000000e+06
1.150423000000000000e+06
1.150447000000000000e+06
1.150489000000000000e+06
1.150511000000000000e+06
1.150519000000000000e+06
1.150531000000000000e+06
1.150537000000000000e+06
1.150547000000000000e+06
1.150561000000000000e+06
1.150579000000000000e+06
1.150603000000000000e+06
1.150609000000000000e+06
1.150631000000000000e+06
1.150649000000000000e+06
1.150651000000000000e+06
1.150657000000000000e+06
1.150661000000000000e+06
1.150673000000000000e+06
1.150687000000000000e+06
1.150703000000000000e+06
1.150717000000000000e+06
1.150729000000000000e+06
1.150733000000000000e+06
1.150739000000000000e+06
1.150741000000000000e+06
1.150757000000000000e+06
1.150763000000000000e+06
1.150769000000000000e+06
1.150777000000000000e+06
1.150783000000000000e+06
1.150823000000000000e+06
1.150837000000000000e+06
1.150847000000000000e+06
1.150861000000000000e+06
1.150867000000000000e+06
1.150871000000000000e+06
1.150873000000000000e+06
1.150879000000000000e+06
1.150909000000000000e+06
1.150921000000000000e+06
1.150927000000000000e+06
1.150939000000000000e+06
1.150949000000000000e+06
1.150957000000000000e+06
1.150973000000000000e+06
1.150987000000000000e+06
1.151021000000000000e+06
1.151041000000000000e+06
1.151047000000000000e+06
1.151057000000000000e+06
1.151063000000000000e+06
1.151069000000000000e+06
1.151083000000000000e+06
1.151089000000000000e+06
1.151113000000000000e+06
1.151141000000000000e+06
1.151147000000000000e+06
1.151159000000000000e+06
1.151167000000000000e+06
1.151177000000000000e+06
1.151179000000000000e+06
1.151203000000000000e+06
1.151209000000000000e+06
1.151221000000000000e+06
1.151233000000000000e+06
1.151237000000000000e+06
1.151243000000000000e+06
