1.151251000000000000e+06
1.151287000000000000e+06
1.151303000000000000e+06
1.151317000000000000e+06
1.151327000000000000e+06
1.151333000000000000e+06
1.151363000000000000e+06
1.151369000000000000e+06
1.151383000000000000e+06
1.151389000000000000e+06
1.151399000000000000e+06
1.151401000000000000e+06
1.151413000000000000e+06
1.151417000000000000e+06
1.151431000000000000e+06
1.151441000000000000e+06
1.151443000000000000e+06
1.151471000000000000e+06
1.151473000000000000e+06
1.151483000000000000e+06
1.151519000000000000e+06
1.151537000000000000e+06
1.151569000000000000e+06
1.151581000000000000e+06
1.151593000000000000e+06
1.151599000000000000e+06
1.151603000000000000e+06
1.151611000000000000e+06
1.151629000000000000e+06
1.151639000000000000e+06
1.151651000000000000e+06
1.151653000000000000e+06
1.151659000000000000e+06
1.151671000000000000e+06
1.151687000000000000e+06
1.151701000000000000e+06
1.151713000000000000e+06
1.151729000000000000e+06
1.151737000000000000e+06
1.151747000000000000e+06
1.151753000000000000e+06
1.151779000000000000e+06
1.151807000000000000e+06
1.151861000000000000e+06
1.151873000000000000e+06
1.151879000000000000e+06
1.151881000000000000e+06
1.151911000000000000e+06
1.151933000000000000e+06
1.151963000000000000e+06
1.151981000000000000e+06
1.151987000000000000e+06
1.151993000000000000e+06
1.151999000000000000e+06
1.152023000000000000e+06
1.152029000000000000e+06
1.152037000000000000e+06
1.152071000000000000e+06
1.152077000000000000e+06
1.152079000000000000e+06
1.152091000000000000e+06
1.152113000000000000e+06
1.152119000000000000e+06
1.152121000000000000e+06
1.152149000000000000e+06
1.152157000000000000e+06
1.152161000000000000e+06
1.152163000000000000e+06
1.152181000000000000e+06
1.152187000000000000e+06
1.152227000000000000e+06
1.152233000000000000e+06
1.152287000000000000e+06
1.152313000000000000e+06
1.152317000000000000e+06
1.152337000000000000e+06
1.152343000000000000e+06
1.152367000000000000e+06
1.152383000000000000e+06
1.152391000000000000e+06
1.152397000000000000e+06
1.152419000000000000e+06
1.152421000000000000e+06
1.152493000000000000e+06
1.152509000000000000e+06
1.152517000000000000e+06
1.152523000000000000e+06
1.152527000000000000e+06
1.152589000000000000e+06
1.152623000000000000e+06
1.152629000000000000e+06
1.152631000000000000e+06
1.152637000000000000e+06
1.152643000000000000e+06
1.152649000000000000e+06
1.152653000000000000e+06
1.152667000000000000e+06
1.152677000000000000e+06
1.152707000000000000e+06
1.152733000000000000e+06
