1.155607000000000000e+06
1.155611000000000000e+06
1.155613000000000000e+06
1.155617000000000000e+06
1.155619000000000000e+06
1.155629000000000000e+06
1.155631000000000000e+06
1.155653000000000000e+06
1.155659000000000000e+06
1.155689000000000000e+06
1.155697000000000000e+06
1.155701000000000000e+06
1.155703000000000000e+06
1.155709000000000000e+06
1.155733000000000000e+06
1.155821000000000000e+06
1.155823000000000000e+06
1.155829000000000000e+06
1.155841000000000000e+06
1.155851000000000000e+06
1.155859000000000000e+06
1.155863000000000000e+06
1.155899000000000000e+06
1.155901000000000000e+06
1.155907000000000000e+06
1.155919000000000000e+06
1.155923000000000000e+06
1.155929000000000000e+06
1.155937000000000000e+06
1.155943000000000000e+06
1.155953000000000000e+06
1.155961000000000000e+06
1.155967000000000000e+06
1.155971000000000000e+06
1.155977000000000000e+06
1.155997000000000000e+06
1.156009000000000000e+06
1.156013000000000000e+06
1.156019000000000000e+06
1.156031000000000000e+06
1.156033000000000000e+06
1.156037000000000000e+06
1.156039000000000000e+06
1.156073000000000000e+06
1.156079000000000000e+06
1.156087000000000000e+06
1.156097000000000000e+06
1.156109000000000000e+06
1.156121000000000000e+06
1.156151000000000000e+06
1.156157000000000000e+06
1.156171000000000000e+06
1.156217000000000000e+06
1.156229000000000000e+06
1.156231000000000000e+06
1.156249000000000000e+06
1.156261000000000000e+06
1.156271000000000000e+06
1.156291000000000000e+06
1.156297000000000000e+06
1.156303000000000000e+06
1.156307000000000000e+06
1.156327000000000000e+06
1.156333000000000000e+06
1.156343000000000000e+06
1.156367000000000000e+06
1.156369000000000000e+06
1.156387000000000000e+06
1.156403000000000000e+06
1.156423000000000000e+06
1.156427000000000000e+06
1.156429000000000000e+06
1.156451000000000000e+06
1.156453000000000000e+06
1.156457000000000000e+06
1.156483000000000000e+06
1.156501000000000000e+06
1.156523000000000000e+06
1.156537000000000000e+06
1.156541000000000000e+06
1.156553000000000000e+06
1.156567000000000000e+06
1.156591000000000000e+06
1.156613000000000000e+06
1.156627000000000000e+06
1.156633000000000000e+06
1.156637000000000000e+06
1.156643000000000000e+06
1.156681000000000000e+06
1.156699000000000000e+06
1.156709000000000000e+06
1.156711000000000000e+06
1.156721000000000000e+06
1.156741000000000000e+06
1.156747000000000000e+06
1.156751000000000000e+06
1.156769000000000000e+06
1.156783000000000000e+06
1.156801000000000000e+06
1.156807000000000000e+06
