1.158217000000000000e+06
1.158247000000000000e+06
1.158251000000000000e+06
1.158263000000000000e+06
1.158271000000000000e+06
1.158293000000000000e+06
1.158301000000000000e+06
1.158307000000000000e+06
1.158317000000000000e+06
1.158323000000000000e+06
1.158341000000000000e+06
1.158361000000000000e+06
1.158383000000000000e+06
1.158389000000000000e+06
1.158401000000000000e+06
1.158407000000000000e+06
1.158419000000000000e+06
1.158427000000000000e+06
1.158457000000000000e+06
1.158461000000000000e+06
1.158467000000000000e+06
1.158473000000000000e+06
1.158481000000000000e+06
1.158491000000000000e+06
1.158523000000000000e+06
1.158529000000000000e+06
1.158539000000000000e+06
1.158541000000000000e+06
1.158551000000000000e+06
1.158569000000000000e+06
1.158587000000000000e+06
1.158593000000000000e+06
1.158607000000000000e+06
1.158611000000000000e+06
1.158613000000000000e+06
1.158617000000000000e+06
1.158629000000000000e+06
1.158643000000000000e+06
1.158653000000000000e+06
1.158673000000000000e+06
1.158679000000000000e+06
1.158683000000000000e+06
1.158713000000000000e+06
1.158719000000000000e+06
1.158743000000000000e+06
1.158757000000000000e+06
1.158761000000000000e+06
1.158769000000000000e+06
1.158799000000000000e+06
1.158821000000000000e+06
1.158823000000000000e+06
1.158827000000000000e+06
1.158841000000000000e+06
1.158847000000000000e+06
1.158863000000000000e+06
1.158881000000000000e+06
1.158887000000000000e+06
1.158923000000000000e+06
1.158953000000000000e+06
1.158961000000000000e+06
1.158977000000000000e+06
1.158991000000000000e+06
1.159001000000000000e+06
1.159007000000000000e+06
1.159027000000000000e+06
1.159031000000000000e+06
1.159049000000000000e+06
1.159063000000000000e+06
1.159073000000000000e+06
1.159079000000000000e+06
1.159087000000000000e+06
1.159091000000000000e+06
1.159127000000000000e+06
1.159139000000000000e+06
1.159153000000000000e+06
1.159187000000000000e+06
1.159189000000000000e+06
1.159199000000000000e+06
1.159201000000000000e+06
1.159229000000000000e+06
1.159231000000000000e+06
1.159241000000000000e+06
1.159243000000000000e+06
1.159259000000000000e+06
1.159271000000000000e+06
1.159283000000000000e+06
1.159303000000000000e+06
1.159337000000000000e+06
1.159339000000000000e+06
1.159381000000000000e+06
1.159393000000000000e+06
1.159397000000000000e+06
1.159421000000000000e+06
1.159423000000000000e+06
1.159429000000000000e+06
1.159447000000000000e+06
1.159463000000000000e+06
1.159489000000000000e+06
1.159517000000000000e+06
1.159523000000000000e+06
