1.159531000000000000e+06
1.159541000000000000e+06
1.159577000000000000e+06
1.159583000000000000e+06
1.159597000000000000e+06
1.159601000000000000e+06
1.159633000000000000e+06
1.159649000000000000e+06
1.159661000000000000e+06
1.159663000000000000e+06
1.159709000000000000e+06
1.159721000000000000e+06
1.159777000000000000e+06
1.159787000000000000e+06
1.159789000000000000e+06
1.159811000000000000e+06
1.159813000000000000e+06
1.159843000000000000e+06
1.159853000000000000e+06
1.159861000000000000e+06
1.159877000000000000e+06
1.159889000000000000e+06
1.159901000000000000e+06
1.159909000000000000e+06
1.159919000000000000e+06
1.159967000000000000e+06
1.159973000000000000e+06
1.159981000000000000e+06
1.159993000000000000e+06
1.159997000000000000e+06
1.160009000000000000e+06
1.160039000000000000e+06
1.160041000000000000e+06
1.160057000000000000e+06
1.160077000000000000e+06
1.160111000000000000e+06
1.160129000000000000e+06
1.160141000000000000e+06
1.160147000000000000e+06
1.160161000000000000e+06
1.160167000000000000e+06
1.160179000000000000e+06
1.160207000000000000e+06
1.160213000000000000e+06
1.160219000000000000e+06
1.160221000000000000e+06
1.160227000000000000e+06
1.160251000000000000e+06
1.160279000000000000e+06
1.160287000000000000e+06
1.160297000000000000e+06
1.160303000000000000e+06
1.160309000000000000e+06
1.160317000000000000e+06
1.160351000000000000e+06
1.160359000000000000e+06
1.160363000000000000e+06
1.160371000000000000e+06
1.160407000000000000e+06
1.160413000000000000e+06
1.160429000000000000e+06
1.160443000000000000e+06
1.160447000000000000e+06
1.160449000000000000e+06
1.160459000000000000e+06
1.160473000000000000e+06
1.160479000000000000e+06
1.160491000000000000e+06
1.160503000000000000e+06
1.160513000000000000e+06
1.160519000000000000e+06
1.160543000000000000e+06
1.160567000000000000e+06
1.160569000000000000e+06
1.160581000000000000e+06
1.160597000000000000e+06
1.160611000000000000e+06
1.160639000000000000e+06
1.160659000000000000e+06
1.160681000000000000e+06
1.160689000000000000e+06
1.160713000000000000e+06
1.160717000000000000e+06
1.160749000000000000e+06
1.160771000000000000e+06
1.160807000000000000e+06
1.160813000000000000e+06
1.160837000000000000e+06
1.160839000000000000e+06
1.160867000000000000e+06
1.160893000000000000e+06
1.160903000000000000e+06
1.160911000000000000e+06
1.160927000000000000e+06
1.160941000000000000e+06
1.160953000000000000e+06
1.160977000000000000e+06
1.160983000000000000e+06
1.160987000000000000e+06
1.160989000000000000e+06
