1.161001000000000000e+06
1.161007000000000000e+06
1.161011000000000000e+06
1.161031000000000000e+06
1.161037000000000000e+06
1.161047000000000000e+06
1.161059000000000000e+06
1.161077000000000000e+06
1.161091000000000000e+06
1.161101000000000000e+06
1.161107000000000000e+06
1.161113000000000000e+06
1.161137000000000000e+06
1.161143000000000000e+06
1.161163000000000000e+06
1.161169000000000000e+06
1.161203000000000000e+06
1.161217000000000000e+06
1.161227000000000000e+06
1.161233000000000000e+06
1.161239000000000000e+06
1.161241000000000000e+06
1.161263000000000000e+06
1.161269000000000000e+06
1.161289000000000000e+06
1.161313000000000000e+06
1.161317000000000000e+06
1.161331000000000000e+06
1.161343000000000000e+06
1.161371000000000000e+06
1.161397000000000000e+06
1.161401000000000000e+06
1.161403000000000000e+06
1.161437000000000000e+06
1.161439000000000000e+06
1.161443000000000000e+06
1.161449000000000000e+06
1.161463000000000000e+06
1.161481000000000000e+06
1.161487000000000000e+06
1.161493000000000000e+06
1.161497000000000000e+06
1.161499000000000000e+06
1.161509000000000000e+06
1.161521000000000000e+06
1.161529000000000000e+06
1.161547000000000000e+06
1.161551000000000000e+06
1.161553000000000000e+06
1.161581000000000000e+06
1.161599000000000000e+06
1.161617000000000000e+06
1.161619000000000000e+06
1.161637000000000000e+06
1.161647000000000000e+06
1.161659000000000000e+06
1.161683000000000000e+06
1.161691000000000000e+06
1.161703000000000000e+06
1.161749000000000000e+06
1.161757000000000000e+06
1.161761000000000000e+06
1.161767000000000000e+06
1.161781000000000000e+06
1.161791000000000000e+06
1.161829000000000000e+06
1.161833000000000000e+06
1.161841000000000000e+06
1.161851000000000000e+06
1.161857000000000000e+06
1.161871000000000000e+06
1.161877000000000000e+06
1.161883000000000000e+06
1.161893000000000000e+06
1.161929000000000000e+06
1.161931000000000000e+06
1.161947000000000000e+06
1.161949000000000000e+06
1.161991000000000000e+06
1.161997000000000000e+06
1.162009000000000000e+06
1.162037000000000000e+06
1.162043000000000000e+06
1.162061000000000000e+06
1.162067000000000000e+06
1.162079000000000000e+06
1.162081000000000000e+06
1.162093000000000000e+06
1.162099000000000000e+06
1.162129000000000000e+06
1.162193000000000000e+06
1.162219000000000000e+06
1.162223000000000000e+06
1.162229000000000000e+06
1.162243000000000000e+06
1.162253000000000000e+06
1.162261000000000000e+06
1.162277000000000000e+06
1.162279000000000000e+06
1.162297000000000000e+06
