1.163479000000000000e+06
1.163483000000000000e+06
1.163507000000000000e+06
1.163521000000000000e+06
1.163543000000000000e+06
1.163551000000000000e+06
1.163557000000000000e+06
1.163581000000000000e+06
1.163587000000000000e+06
1.163609000000000000e+06
1.163611000000000000e+06
1.163627000000000000e+06
1.163629000000000000e+06
1.163641000000000000e+06
1.163651000000000000e+06
1.163653000000000000e+06
1.163663000000000000e+06
1.163671000000000000e+06
1.163689000000000000e+06
1.163699000000000000e+06
1.163711000000000000e+06
1.163713000000000000e+06
1.163717000000000000e+06
1.163719000000000000e+06
1.163737000000000000e+06
1.163753000000000000e+06
1.163759000000000000e+06
1.163783000000000000e+06
1.163791000000000000e+06
1.163821000000000000e+06
1.163831000000000000e+06
1.163843000000000000e+06
1.163849000000000000e+06
1.163873000000000000e+06
1.163879000000000000e+06
1.163891000000000000e+06
1.163923000000000000e+06
1.163947000000000000e+06
1.163969000000000000e+06
1.163971000000000000e+06
1.163977000000000000e+06
1.163989000000000000e+06
1.163993000000000000e+06
1.164001000000000000e+06
1.164029000000000000e+06
1.164043000000000000e+06
1.164067000000000000e+06
1.164071000000000000e+06
1.164077000000000000e+06
1.164091000000000000e+06
1.164101000000000000e+06
1.164173000000000000e+06
1.164179000000000000e+06
1.164181000000000000e+06
1.164193000000000000e+06
1.164199000000000000e+06
1.164203000000000000e+06
1.164217000000000000e+06
1.164221000000000000e+06
1.164253000000000000e+06
1.164287000000000000e+06
1.164323000000000000e+06
1.164343000000000000e+06
1.164367000000000000e+06
1.164409000000000000e+06
1.164413000000000000e+06
1.164419000000000000e+06
1.164431000000000000e+06
1.164433000000000000e+06
1.164439000000000000e+06
1.164461000000000000e+06
1.164479000000000000e+06
1.164497000000000000e+06
1.164503000000000000e+06
1.164511000000000000e+06
1.164521000000000000e+06
1.164533000000000000e+06
1.164557000000000000e+06
1.164571000000000000e+06
1.164587000000000000e+06
1.164589000000000000e+06
1.164593000000000000e+06
1.164599000000000000e+06
1.164607000000000000e+06
1.164617000000000000e+06
1.164623000000000000e+06
1.164629000000000000e+06
1.164641000000000000e+06
1.164659000000000000e+06
1.164671000000000000e+06
1.164689000000000000e+06
1.164731000000000000e+06
1.164749000000000000e+06
1.164791000000000000e+06
1.164799000000000000e+06
1.164803000000000000e+06
1.164811000000000000e+06
1.164817000000000000e+06
1.164829000000000000e+06
1.164841000000000000e+06
