1.164853000000000000e+06
1.164859000000000000e+06
1.164869000000000000e+06
1.164899000000000000e+06
1.164937000000000000e+06
1.164941000000000000e+06
1.164953000000000000e+06
1.164967000000000000e+06
1.164979000000000000e+06
1.164991000000000000e+06
1.164997000000000000e+06
1.165001000000000000e+06
1.165037000000000000e+06
1.165049000000000000e+06
1.165051000000000000e+06
1.165057000000000000e+06
1.165069000000000000e+06
1.165079000000000000e+06
1.165081000000000000e+06
1.165103000000000000e+06
1.165121000000000000e+06
1.165127000000000000e+06
1.165139000000000000e+06
1.165147000000000000e+06
1.165183000000000000e+06
1.165187000000000000e+06
1.165189000000000000e+06
1.165193000000000000e+06
1.165201000000000000e+06
1.165207000000000000e+06
1.165211000000000000e+06
1.165217000000000000e+06
1.165223000000000000e+06
1.165273000000000000e+06
1.165279000000000000e+06
1.165301000000000000e+06
1.165303000000000000e+06
1.165349000000000000e+06
1.165357000000000000e+06
1.165361000000000000e+06
1.165363000000000000e+06
1.165379000000000000e+06
1.165397000000000000e+06
1.165399000000000000e+06
1.165421000000000000e+06
1.165447000000000000e+06
1.165453000000000000e+06
1.165471000000000000e+06
1.165511000000000000e+06
1.165529000000000000e+06
1.165531000000000000e+06
1.165579000000000000e+06
1.165583000000000000e+06
1.165643000000000000e+06
1.165667000000000000e+06
1.165691000000000000e+06
1.165711000000000000e+06
1.165721000000000000e+06
1.165727000000000000e+06
1.165729000000000000e+06
1.165739000000000000e+06
1.165751000000000000e+06
1.165777000000000000e+06
1.165789000000000000e+06
1.165799000000000000e+06
1.165819000000000000e+06
1.165823000000000000e+06
1.165831000000000000e+06
1.165837000000000000e+06
1.165849000000000000e+06
1.165861000000000000e+06
1.165873000000000000e+06
1.165889000000000000e+06
1.165903000000000000e+06
1.165909000000000000e+06
1.165919000000000000e+06
1.165921000000000000e+06
1.165933000000000000e+06
1.165937000000000000e+06
1.165943000000000000e+06
1.165949000000000000e+06
1.165951000000000000e+06
1.165991000000000000e+06
1.165993000000000000e+06
1.166021000000000000e+06
1.166027000000000000e+06
1.166041000000000000e+06
1.166057000000000000e+06
1.166083000000000000e+06
1.166089000000000000e+06
1.166093000000000000e+06
1.166101000000000000e+06
1.166107000000000000e+06
1.166131000000000000e+06
1.166141000000000000e+06
1.166147000000000000e+06
1.166153000000000000e+06
1.166213000000000000e+06
1.166219000000000000e+06
1.166227000000000000e+06
