1.164610000000000000e+05
1.164710000000000000e+05
1.164830000000000000e+05
1.164910000000000000e+05
1.165070000000000000e+05
1.165310000000000000e+05
1.165330000000000000e+05
1.165370000000000000e+05
1.165390000000000000e+05
1.165490000000000000e+05
1.165790000000000000e+05
1.165930000000000000e+05
1.166390000000000000e+05
1.166570000000000000e+05
1.166630000000000000e+05
1.166810000000000000e+05
1.166870000000000000e+05
1.166890000000000000e+05
1.167070000000000000e+05
1.167190000000000000e+05
1.167310000000000000e+05
1.167410000000000000e+05
1.167470000000000000e+05
1.167890000000000000e+05
1.167910000000000000e+05
1.167970000000000000e+05
1.168030000000000000e+05
1.168190000000000000e+05
1.168270000000000000e+05
1.168330000000000000e+05
1.168490000000000000e+05
1.168670000000000000e+05
1.168810000000000000e+05
1.169030000000000000e+05
1.169110000000000000e+05
1.169230000000000000e+05
1.169270000000000000e+05
1.169290000000000000e+05
1.169330000000000000e+05
1.169530000000000000e+05
1.169590000000000000e+05
1.169690000000000000e+05
1.169810000000000000e+05
1.169890000000000000e+05
1.169930000000000000e+05
1.170170000000000000e+05
1.170230000000000000e+05
1.170370000000000000e+05
1.170410000000000000e+05
1.170430000000000000e+05
1.170530000000000000e+05
1.170710000000000000e+05
1.171010000000000000e+05
1.171090000000000000e+05
1.171190000000000000e+05
1.171270000000000000e+05
1.171330000000000000e+05
1.171630000000000000e+05
1.171670000000000000e+05
1.171910000000000000e+05
1.171930000000000000e+05
1.172030000000000000e+05
1.172090000000000000e+05
1.172230000000000000e+05
1.172390000000000000e+05
1.172410000000000000e+05
1.172510000000000000e+05
1.172590000000000000e+05
1.172690000000000000e+05
1.172810000000000000e+05
1.173070000000000000e+05
1.173190000000000000e+05
1.173290000000000000e+05
1.173310000000000000e+05
1.173530000000000000e+05
1.173610000000000000e+05
1.173710000000000000e+05
1.173730000000000000e+05
1.173890000000000000e+05
1.174130000000000000e+05
1.174270000000000000e+05
1.174310000000000000e+05
1.174370000000000000e+05
1.174430000000000000e+05
1.174970000000000000e+05
1.174990000000000000e+05
1.175030000000000000e+05
1.175110000000000000e+05
1.175170000000000000e+05
1.175290000000000000e+05
1.175390000000000000e+05
1.175410000000000000e+05
1.175630000000000000e+05
1.175710000000000000e+05
1.175770000000000000e+05
1.176170000000000000e+05
1.176190000000000000e+05
1.176430000000000000e+05
1.176590000000000000e+05
1.176710000000000000e+05
