1.167689000000000000e+06
1.167697000000000000e+06
1.167701000000000000e+06
1.167703000000000000e+06
1.167707000000000000e+06
1.167709000000000000e+06
1.167731000000000000e+06
1.167763000000000000e+06
1.167773000000000000e+06
1.167791000000000000e+06
1.167799000000000000e+06
1.167811000000000000e+06
1.167821000000000000e+06
1.167823000000000000e+06
1.167833000000000000e+06
1.167839000000000000e+06
1.167841000000000000e+06
1.167847000000000000e+06
1.167853000000000000e+06
1.167869000000000000e+06
1.167889000000000000e+06
1.167899000000000000e+06
1.167913000000000000e+06
1.167919000000000000e+06
1.167937000000000000e+06
1.167953000000000000e+06
1.167973000000000000e+06
1.168001000000000000e+06
1.168007000000000000e+06
1.168031000000000000e+06
1.168039000000000000e+06
1.168043000000000000e+06
1.168093000000000000e+06
1.168133000000000000e+06
1.168151000000000000e+06
1.168169000000000000e+06
1.168183000000000000e+06
1.168187000000000000e+06
1.168231000000000000e+06
1.168241000000000000e+06
1.168243000000000000e+06
1.168247000000000000e+06
1.168249000000000000e+06
1.168261000000000000e+06
1.168301000000000000e+06
1.168319000000000000e+06
1.168327000000000000e+06
1.168337000000000000e+06
1.168339000000000000e+06
1.168351000000000000e+06
1.168357000000000000e+06
1.168361000000000000e+06
1.168397000000000000e+06
1.168399000000000000e+06
1.168403000000000000e+06
1.168411000000000000e+06
1.168451000000000000e+06
1.168463000000000000e+06
1.168477000000000000e+06
1.168487000000000000e+06
1.168493000000000000e+06
1.168501000000000000e+06
1.168523000000000000e+06
1.168537000000000000e+06
1.168553000000000000e+06
1.168619000000000000e+06
1.168621000000000000e+06
1.168627000000000000e+06
1.168637000000000000e+06
1.168639000000000000e+06
1.168693000000000000e+06
1.168711000000000000e+06
1.168721000000000000e+06
1.168751000000000000e+06
1.168757000000000000e+06
1.168763000000000000e+06
1.168771000000000000e+06
1.168789000000000000e+06
1.168799000000000000e+06
1.168819000000000000e+06
1.168829000000000000e+06
1.168831000000000000e+06
1.168841000000000000e+06
1.168847000000000000e+06
1.168859000000000000e+06
1.168877000000000000e+06
1.168879000000000000e+06
1.168897000000000000e+06
1.168919000000000000e+06
1.168927000000000000e+06
1.168931000000000000e+06
1.168933000000000000e+06
1.168957000000000000e+06
1.168969000000000000e+06
1.168987000000000000e+06
1.168997000000000000e+06
1.169009000000000000e+06
1.169011000000000000e+06
1.169017000000000000e+06
1.169023000000000000e+06
