1.169027000000000000e+06
1.169029000000000000e+06
1.169059000000000000e+06
1.169081000000000000e+06
1.169131000000000000e+06
1.169137000000000000e+06
1.169149000000000000e+06
1.169171000000000000e+06
1.169177000000000000e+06
1.169183000000000000e+06
1.169191000000000000e+06
1.169249000000000000e+06
1.169257000000000000e+06
1.169261000000000000e+06
1.169269000000000000e+06
1.169281000000000000e+06
1.169293000000000000e+06
1.169323000000000000e+06
1.169327000000000000e+06
1.169341000000000000e+06
1.169347000000000000e+06
1.169353000000000000e+06
1.169369000000000000e+06
1.169381000000000000e+06
1.169383000000000000e+06
1.169401000000000000e+06
1.169411000000000000e+06
1.169417000000000000e+06
1.169419000000000000e+06
1.169449000000000000e+06
1.169453000000000000e+06
1.169473000000000000e+06
1.169477000000000000e+06
1.169491000000000000e+06
1.169513000000000000e+06
1.169521000000000000e+06
1.169563000000000000e+06
1.169587000000000000e+06
1.169591000000000000e+06
1.169593000000000000e+06
1.169603000000000000e+06
1.169627000000000000e+06
1.169633000000000000e+06
1.169647000000000000e+06
1.169669000000000000e+06
1.169677000000000000e+06
1.169683000000000000e+06
1.169687000000000000e+06
1.169713000000000000e+06
1.169741000000000000e+06
1.169747000000000000e+06
1.169759000000000000e+06
1.169761000000000000e+06
1.169767000000000000e+06
1.169789000000000000e+06
1.169801000000000000e+06
1.169809000000000000e+06
1.169827000000000000e+06
1.169873000000000000e+06
1.169879000000000000e+06
1.169899000000000000e+06
1.169929000000000000e+06
1.169933000000000000e+06
1.169939000000000000e+06
1.170007000000000000e+06
1.170011000000000000e+06
1.170019000000000000e+06
1.170023000000000000e+06
1.170031000000000000e+06
1.170049000000000000e+06
1.170061000000000000e+06
1.170067000000000000e+06
1.170089000000000000e+06
1.170107000000000000e+06
1.170109000000000000e+06
1.170119000000000000e+06
1.170131000000000000e+06
1.170133000000000000e+06
1.170137000000000000e+06
1.170139000000000000e+06
1.170167000000000000e+06
1.170173000000000000e+06
1.170193000000000000e+06
1.170203000000000000e+06
1.170209000000000000e+06
1.170233000000000000e+06
1.170251000000000000e+06
1.170271000000000000e+06
1.170277000000000000e+06
1.170311000000000000e+06
1.170317000000000000e+06
1.170329000000000000e+06
1.170349000000000000e+06
1.170361000000000000e+06
1.170373000000000000e+06
1.170397000000000000e+06
1.170437000000000000e+06
1.170443000000000000e+06
1.170451000000000000e+06
1.170461000000000000e+06
