1.170487000000000000e+06
1.170497000000000000e+06
1.170511000000000000e+06
1.170517000000000000e+06
1.170523000000000000e+06
1.170541000000000000e+06
1.170553000000000000e+06
1.170563000000000000e+06
1.170581000000000000e+06
1.170583000000000000e+06
1.170593000000000000e+06
1.170599000000000000e+06
1.170607000000000000e+06
1.170641000000000000e+06
1.170649000000000000e+06
1.170661000000000000e+06
1.170667000000000000e+06
1.170679000000000000e+06
1.170683000000000000e+06
1.170707000000000000e+06
1.170709000000000000e+06
1.170713000000000000e+06
1.170721000000000000e+06
1.170727000000000000e+06
1.170751000000000000e+06
1.170779000000000000e+06
1.170781000000000000e+06
1.170787000000000000e+06
1.170803000000000000e+06
1.170811000000000000e+06
1.170821000000000000e+06
1.170833000000000000e+06
1.170853000000000000e+06
1.170857000000000000e+06
1.170863000000000000e+06
1.170899000000000000e+06
1.170941000000000000e+06
1.170947000000000000e+06
1.170971000000000000e+06
1.170979000000000000e+06
1.171031000000000000e+06
1.171033000000000000e+06
1.171039000000000000e+06
1.171057000000000000e+06
1.171061000000000000e+06
1.171069000000000000e+06
1.171073000000000000e+06
1.171109000000000000e+06
1.171111000000000000e+06
1.171117000000000000e+06
1.171123000000000000e+06
1.171133000000000000e+06
1.171189000000000000e+06
1.171199000000000000e+06
1.171201000000000000e+06
1.171207000000000000e+06
1.171231000000000000e+06
1.171241000000000000e+06
1.171243000000000000e+06
1.171253000000000000e+06
1.171259000000000000e+06
1.171267000000000000e+06
1.171301000000000000e+06
1.171319000000000000e+06
1.171343000000000000e+06
1.171393000000000000e+06
1.171399000000000000e+06
1.171421000000000000e+06
1.171427000000000000e+06
1.171447000000000000e+06
1.171451000000000000e+06
1.171463000000000000e+06
1.171477000000000000e+06
1.171517000000000000e+06
1.171523000000000000e+06
1.171529000000000000e+06
1.171549000000000000e+06
1.171553000000000000e+06
1.171561000000000000e+06
1.171579000000000000e+06
1.171591000000000000e+06
1.171601000000000000e+06
1.171619000000000000e+06
1.171633000000000000e+06
1.171637000000000000e+06
1.171661000000000000e+06
1.171669000000000000e+06
1.171699000000000000e+06
1.171721000000000000e+06
1.171747000000000000e+06
1.171771000000000000e+06
1.171783000000000000e+06
1.171789000000000000e+06
1.171801000000000000e+06
1.171811000000000000e+06
1.171813000000000000e+06
1.171823000000000000e+06
1.171837000000000000e+06
1.171847000000000000e+06
1.171867000000000000e+06
