1.171921000000000000e+06
1.171927000000000000e+06
1.171931000000000000e+06
1.171957000000000000e+06
1.171967000000000000e+06
1.171969000000000000e+06
1.171979000000000000e+06
1.171981000000000000e+06
1.171991000000000000e+06
1.171999000000000000e+06
1.172009000000000000e+06
1.172021000000000000e+06
1.172023000000000000e+06
1.172027000000000000e+06
1.172029000000000000e+06
1.172047000000000000e+06
1.172063000000000000e+06
1.172069000000000000e+06
1.172081000000000000e+06
1.172107000000000000e+06
1.172111000000000000e+06
1.172147000000000000e+06
1.172179000000000000e+06
1.172207000000000000e+06
1.172233000000000000e+06
1.172257000000000000e+06
1.172261000000000000e+06
1.172273000000000000e+06
1.172279000000000000e+06
1.172317000000000000e+06
1.172329000000000000e+06
1.172351000000000000e+06
1.172377000000000000e+06
1.172393000000000000e+06
1.172401000000000000e+06
1.172407000000000000e+06
1.172411000000000000e+06
1.172417000000000000e+06
1.172429000000000000e+06
1.172443000000000000e+06
1.172447000000000000e+06
1.172461000000000000e+06
1.172467000000000000e+06
1.172491000000000000e+06
1.172497000000000000e+06
1.172503000000000000e+06
1.172531000000000000e+06
1.172533000000000000e+06
1.172537000000000000e+06
1.172539000000000000e+06
1.172543000000000000e+06
1.172573000000000000e+06
1.172579000000000000e+06
1.172657000000000000e+06
1.172659000000000000e+06
1.172663000000000000e+06
1.172671000000000000e+06
1.172681000000000000e+06
1.172683000000000000e+06
1.172687000000000000e+06
1.172713000000000000e+06
1.172749000000000000e+06
1.172777000000000000e+06
1.172783000000000000e+06
1.172797000000000000e+06
1.172803000000000000e+06
1.172807000000000000e+06
1.172819000000000000e+06
1.172833000000000000e+06
1.172867000000000000e+06
1.172893000000000000e+06
1.172903000000000000e+06
1.172921000000000000e+06
1.172929000000000000e+06
1.172933000000000000e+06
1.172939000000000000e+06
1.172953000000000000e+06
1.172957000000000000e+06
1.172959000000000000e+06
1.172981000000000000e+06
1.172993000000000000e+06
1.173001000000000000e+06
1.173013000000000000e+06
1.173043000000000000e+06
1.173059000000000000e+06
1.173101000000000000e+06
1.173121000000000000e+06
1.173127000000000000e+06
1.173157000000000000e+06
1.173163000000000000e+06
1.173173000000000000e+06
1.173181000000000000e+06
1.173191000000000000e+06
1.173199000000000000e+06
1.173223000000000000e+06
1.173239000000000000e+06
1.173259000000000000e+06
1.173281000000000000e+06
1.173283000000000000e+06
1.173301000000000000e+06
