1.173343000000000000e+06
1.173349000000000000e+06
1.173373000000000000e+06
1.173397000000000000e+06
1.173401000000000000e+06
1.173407000000000000e+06
1.173433000000000000e+06
1.173439000000000000e+06
1.173463000000000000e+06
1.173481000000000000e+06
1.173511000000000000e+06
1.173521000000000000e+06
1.173539000000000000e+06
1.173541000000000000e+06
1.173551000000000000e+06
1.173553000000000000e+06
1.173581000000000000e+06
1.173583000000000000e+06
1.173587000000000000e+06
1.173589000000000000e+06
1.173593000000000000e+06
1.173617000000000000e+06
1.173631000000000000e+06
1.173709000000000000e+06
1.173743000000000000e+06
1.173749000000000000e+06
1.173779000000000000e+06
1.173787000000000000e+06
1.173803000000000000e+06
1.173811000000000000e+06
1.173827000000000000e+06
1.173829000000000000e+06
1.173841000000000000e+06
1.173853000000000000e+06
1.173881000000000000e+06
1.173883000000000000e+06
1.173917000000000000e+06
1.173937000000000000e+06
1.173941000000000000e+06
1.173947000000000000e+06
1.173959000000000000e+06
1.173961000000000000e+06
1.173979000000000000e+06
1.173983000000000000e+06
1.174021000000000000e+06
1.174027000000000000e+06
1.174031000000000000e+06
1.174049000000000000e+06
1.174073000000000000e+06
1.174079000000000000e+06
1.174091000000000000e+06
1.174093000000000000e+06
1.174099000000000000e+06
1.174141000000000000e+06
1.174163000000000000e+06
1.174171000000000000e+06
1.174193000000000000e+06
1.174211000000000000e+06
1.174213000000000000e+06
1.174231000000000000e+06
1.174237000000000000e+06
1.174247000000000000e+06
1.174259000000000000e+06
1.174267000000000000e+06
1.174273000000000000e+06
1.174301000000000000e+06
1.174307000000000000e+06
1.174319000000000000e+06
1.174331000000000000e+06
1.174337000000000000e+06
1.174339000000000000e+06
1.174361000000000000e+06
1.174387000000000000e+06
1.174399000000000000e+06
1.174423000000000000e+06
1.174441000000000000e+06
1.174451000000000000e+06
1.174463000000000000e+06
1.174469000000000000e+06
1.174477000000000000e+06
1.174487000000000000e+06
1.174489000000000000e+06
1.174499000000000000e+06
1.174507000000000000e+06
1.174519000000000000e+06
1.174531000000000000e+06
1.174549000000000000e+06
1.174571000000000000e+06
1.174583000000000000e+06
1.174601000000000000e+06
1.174603000000000000e+06
1.174619000000000000e+06
1.174627000000000000e+06
1.174669000000000000e+06
1.174673000000000000e+06
1.174681000000000000e+06
1.174687000000000000e+06
1.174709000000000000e+06
1.174721000000000000e+06
1.174727000000000000e+06
