1.174739000000000000e+06
1.174759000000000000e+06
1.174763000000000000e+06
1.174769000000000000e+06
1.174781000000000000e+06
1.174783000000000000e+06
1.174793000000000000e+06
1.174801000000000000e+06
1.174829000000000000e+06
1.174847000000000000e+06
1.174879000000000000e+06
1.174883000000000000e+06
1.174891000000000000e+06
1.174897000000000000e+06
1.174913000000000000e+06
1.174919000000000000e+06
1.174949000000000000e+06
1.174951000000000000e+06
1.174969000000000000e+06
1.174973000000000000e+06
1.175003000000000000e+06
1.175021000000000000e+06
1.175029000000000000e+06
1.175039000000000000e+06
1.175071000000000000e+06
1.175077000000000000e+06
1.175099000000000000e+06
1.175107000000000000e+06
1.175123000000000000e+06
1.175143000000000000e+06
1.175149000000000000e+06
1.175173000000000000e+06
1.175191000000000000e+06
1.175219000000000000e+06
1.175243000000000000e+06
1.175249000000000000e+06
1.175257000000000000e+06
1.175267000000000000e+06
1.175297000000000000e+06
1.175351000000000000e+06
1.175353000000000000e+06
1.175371000000000000e+06
1.175387000000000000e+06
1.175389000000000000e+06
1.175407000000000000e+06
1.175411000000000000e+06
1.175413000000000000e+06
1.175417000000000000e+06
1.175437000000000000e+06
1.175467000000000000e+06
1.175479000000000000e+06
1.175483000000000000e+06
1.175497000000000000e+06
1.175509000000000000e+06
1.175521000000000000e+06
1.175561000000000000e+06
1.175569000000000000e+06
1.175579000000000000e+06
1.175591000000000000e+06
1.175617000000000000e+06
1.175623000000000000e+06
1.175627000000000000e+06
1.175651000000000000e+06
1.175659000000000000e+06
1.175677000000000000e+06
1.175683000000000000e+06
1.175687000000000000e+06
1.175711000000000000e+06
1.175717000000000000e+06
1.175723000000000000e+06
1.175729000000000000e+06
1.175743000000000000e+06
1.175767000000000000e+06
1.175789000000000000e+06
1.175791000000000000e+06
1.175803000000000000e+06
1.175807000000000000e+06
1.175813000000000000e+06
1.175819000000000000e+06
1.175821000000000000e+06
1.175833000000000000e+06
1.175849000000000000e+06
1.175857000000000000e+06
1.175887000000000000e+06
1.175899000000000000e+06
1.175927000000000000e+06
1.175939000000000000e+06
1.175953000000000000e+06
1.175959000000000000e+06
1.175963000000000000e+06
1.175969000000000000e+06
1.175981000000000000e+06
1.175989000000000000e+06
1.176023000000000000e+06
1.176029000000000000e+06
1.176031000000000000e+06
1.176041000000000000e+06
1.176061000000000000e+06
1.176083000000000000e+06
1.176089000000000000e+06
