1.176113000000000000e+06
1.176121000000000000e+06
1.176127000000000000e+06
1.176137000000000000e+06
1.176163000000000000e+06
1.176173000000000000e+06
1.176187000000000000e+06
1.176191000000000000e+06
1.176221000000000000e+06
1.176223000000000000e+06
1.176239000000000000e+06
1.176277000000000000e+06
1.176293000000000000e+06
1.176323000000000000e+06
1.176353000000000000e+06
1.176361000000000000e+06
1.176367000000000000e+06
1.176377000000000000e+06
1.176391000000000000e+06
1.176397000000000000e+06
1.176403000000000000e+06
1.176407000000000000e+06
1.176421000000000000e+06
1.176433000000000000e+06
1.176449000000000000e+06
1.176463000000000000e+06
1.176509000000000000e+06
1.176521000000000000e+06
1.176529000000000000e+06
1.176533000000000000e+06
1.176557000000000000e+06
1.176583000000000000e+06
1.176589000000000000e+06
1.176599000000000000e+06
1.176601000000000000e+06
1.176607000000000000e+06
1.176631000000000000e+06
1.176641000000000000e+06
1.176647000000000000e+06
1.176671000000000000e+06
1.176673000000000000e+06
1.176701000000000000e+06
1.176709000000000000e+06
1.176713000000000000e+06
1.176737000000000000e+06
1.176767000000000000e+06
1.176779000000000000e+06
1.176787000000000000e+06
1.176793000000000000e+06
1.176797000000000000e+06
1.176811000000000000e+06
1.176827000000000000e+06
1.176869000000000000e+06
1.176871000000000000e+06
1.176881000000000000e+06
1.176899000000000000e+06
1.176911000000000000e+06
1.176937000000000000e+06
1.176943000000000000e+06
1.176947000000000000e+06
1.176949000000000000e+06
1.176983000000000000e+06
1.177009000000000000e+06
1.177019000000000000e+06
1.177027000000000000e+06
1.177037000000000000e+06
1.177067000000000000e+06
1.177073000000000000e+06
1.177087000000000000e+06
1.177093000000000000e+06
1.177103000000000000e+06
1.177129000000000000e+06
1.177147000000000000e+06
1.177153000000000000e+06
1.177157000000000000e+06
1.177159000000000000e+06
1.177171000000000000e+06
1.177181000000000000e+06
1.177201000000000000e+06
1.177207000000000000e+06
1.177219000000000000e+06
1.177223000000000000e+06
1.177237000000000000e+06
1.177243000000000000e+06
1.177247000000000000e+06
1.177277000000000000e+06
1.177291000000000000e+06
1.177331000000000000e+06
1.177387000000000000e+06
1.177399000000000000e+06
1.177427000000000000e+06
1.177433000000000000e+06
1.177447000000000000e+06
1.177453000000000000e+06
1.177459000000000000e+06
1.177481000000000000e+06
1.177489000000000000e+06
1.177499000000000000e+06
1.177507000000000000e+06
1.177513000000000000e+06
