1.178809000000000000e+06
1.178833000000000000e+06
1.178843000000000000e+06
1.178851000000000000e+06
1.178887000000000000e+06
1.178897000000000000e+06
1.178909000000000000e+06
1.178921000000000000e+06
1.178927000000000000e+06
1.178939000000000000e+06
1.178953000000000000e+06
1.178959000000000000e+06
1.178963000000000000e+06
1.178971000000000000e+06
1.178977000000000000e+06
1.178981000000000000e+06
1.178993000000000000e+06
1.179011000000000000e+06
1.179019000000000000e+06
1.179047000000000000e+06
1.179109000000000000e+06
1.179127000000000000e+06
1.179149000000000000e+06
1.179151000000000000e+06
1.179173000000000000e+06
1.179179000000000000e+06
1.179193000000000000e+06
1.179203000000000000e+06
1.179223000000000000e+06
1.179251000000000000e+06
1.179253000000000000e+06
1.179259000000000000e+06
1.179263000000000000e+06
1.179281000000000000e+06
1.179287000000000000e+06
1.179289000000000000e+06
1.179293000000000000e+06
1.179317000000000000e+06
1.179319000000000000e+06
1.179323000000000000e+06
1.179329000000000000e+06
1.179331000000000000e+06
1.179337000000000000e+06
1.179379000000000000e+06
1.179383000000000000e+06
1.179389000000000000e+06
1.179403000000000000e+06
1.179413000000000000e+06
1.179419000000000000e+06
1.179421000000000000e+06
1.179427000000000000e+06
1.179467000000000000e+06
1.179491000000000000e+06
1.179499000000000000e+06
1.179527000000000000e+06
1.179547000000000000e+06
1.179551000000000000e+06
1.179553000000000000e+06
1.179569000000000000e+06
1.179571000000000000e+06
1.179583000000000000e+06
1.179589000000000000e+06
1.179599000000000000e+06
1.179637000000000000e+06
1.179641000000000000e+06
1.179649000000000000e+06
1.179677000000000000e+06
1.179733000000000000e+06
1.179751000000000000e+06
1.179757000000000000e+06
1.179779000000000000e+06
1.179793000000000000e+06
1.179797000000000000e+06
1.179839000000000000e+06
1.179847000000000000e+06
1.179853000000000000e+06
1.179859000000000000e+06
1.179863000000000000e+06
1.179869000000000000e+06
1.179883000000000000e+06
1.179901000000000000e+06
1.179907000000000000e+06
1.179929000000000000e+06
1.179947000000000000e+06
1.179961000000000000e+06
1.179973000000000000e+06
1.179977000000000000e+06
1.179979000000000000e+06
1.179989000000000000e+06
1.179991000000000000e+06
1.180009000000000000e+06
1.180013000000000000e+06
1.180019000000000000e+06
1.180027000000000000e+06
1.180031000000000000e+06
1.180043000000000000e+06
1.180057000000000000e+06
1.180073000000000000e+06
1.180087000000000000e+06
1.180093000000000000e+06
