1.180099000000000000e+06
1.180111000000000000e+06
1.180117000000000000e+06
1.180121000000000000e+06
1.180133000000000000e+06
1.180141000000000000e+06
1.180159000000000000e+06
1.180171000000000000e+06
1.180219000000000000e+06
1.180237000000000000e+06
1.180241000000000000e+06
1.180243000000000000e+06
1.180247000000000000e+06
1.180253000000000000e+06
1.180279000000000000e+06
1.180303000000000000e+06
1.180313000000000000e+06
1.180351000000000000e+06
1.180369000000000000e+06
1.180373000000000000e+06
1.180381000000000000e+06
1.180391000000000000e+06
1.180397000000000000e+06
1.180409000000000000e+06
1.180423000000000000e+06
1.180427000000000000e+06
1.180447000000000000e+06
1.180477000000000000e+06
1.180493000000000000e+06
1.180507000000000000e+06
1.180519000000000000e+06
1.180537000000000000e+06
1.180547000000000000e+06
1.180549000000000000e+06
1.180577000000000000e+06
1.180591000000000000e+06
1.180631000000000000e+06
1.180637000000000000e+06
1.180643000000000000e+06
1.180657000000000000e+06
1.180661000000000000e+06
1.180691000000000000e+06
1.180693000000000000e+06
1.180709000000000000e+06
1.180721000000000000e+06
1.180723000000000000e+06
1.180727000000000000e+06
1.180733000000000000e+06
1.180757000000000000e+06
1.180771000000000000e+06
1.180799000000000000e+06
1.180807000000000000e+06
1.180811000000000000e+06
1.180819000000000000e+06
1.180847000000000000e+06
1.180849000000000000e+06
1.180853000000000000e+06
1.180859000000000000e+06
1.180873000000000000e+06
1.180877000000000000e+06
1.180891000000000000e+06
1.180897000000000000e+06
1.180901000000000000e+06
1.180903000000000000e+06
1.180913000000000000e+06
1.180931000000000000e+06
1.180937000000000000e+06
1.180951000000000000e+06
1.180957000000000000e+06
1.180961000000000000e+06
1.180979000000000000e+06
1.180987000000000000e+06
1.180997000000000000e+06
1.181017000000000000e+06
1.181023000000000000e+06
1.181039000000000000e+06
1.181051000000000000e+06
1.181053000000000000e+06
1.181057000000000000e+06
1.181093000000000000e+06
1.181099000000000000e+06
1.181137000000000000e+06
1.181149000000000000e+06
1.181153000000000000e+06
1.181171000000000000e+06
1.181183000000000000e+06
1.181197000000000000e+06
1.181203000000000000e+06
1.181209000000000000e+06
1.181237000000000000e+06
1.181263000000000000e+06
1.181267000000000000e+06
1.181269000000000000e+06
1.181281000000000000e+06
1.181293000000000000e+06
1.181309000000000000e+06
1.181311000000000000e+06
1.181321000000000000e+06
1.181329000000000000e+06
1.181407000000000000e+06
