1.188263000000000000e+06
1.188269000000000000e+06
1.188277000000000000e+06
1.188287000000000000e+06
1.188289000000000000e+06
1.188293000000000000e+06
1.188307000000000000e+06
1.188353000000000000e+06
1.188359000000000000e+06
1.188361000000000000e+06
1.188377000000000000e+06
1.188389000000000000e+06
1.188409000000000000e+06
1.188413000000000000e+06
1.188457000000000000e+06
1.188491000000000000e+06
1.188511000000000000e+06
1.188527000000000000e+06
1.188529000000000000e+06
1.188553000000000000e+06
1.188557000000000000e+06
1.188559000000000000e+06
1.188581000000000000e+06
1.188587000000000000e+06
1.188601000000000000e+06
1.188613000000000000e+06
1.188619000000000000e+06
1.188637000000000000e+06
1.188653000000000000e+06
1.188661000000000000e+06
1.188667000000000000e+06
1.188679000000000000e+06
1.188689000000000000e+06
1.188721000000000000e+06
1.188727000000000000e+06
1.188731000000000000e+06
1.188763000000000000e+06
1.188769000000000000e+06
1.188787000000000000e+06
1.188839000000000000e+06
1.188841000000000000e+06
1.188851000000000000e+06
1.188857000000000000e+06
1.188899000000000000e+06
1.188917000000000000e+06
1.188931000000000000e+06
1.188937000000000000e+06
1.188947000000000000e+06
1.188973000000000000e+06
1.188977000000000000e+06
1.188991000000000000e+06
1.189003000000000000e+06
1.189007000000000000e+06
1.189021000000000000e+06
1.189033000000000000e+06
1.189057000000000000e+06
1.189061000000000000e+06
1.189063000000000000e+06
1.189093000000000000e+06
1.189109000000000000e+06
1.189121000000000000e+06
1.189127000000000000e+06
1.189151000000000000e+06
1.189159000000000000e+06
1.189163000000000000e+06
1.189171000000000000e+06
1.189189000000000000e+06
1.189193000000000000e+06
1.189213000000000000e+06
1.189219000000000000e+06
1.189231000000000000e+06
1.189271000000000000e+06
1.189277000000000000e+06
1.189301000000000000e+06
1.189313000000000000e+06
1.189327000000000000e+06
1.189333000000000000e+06
1.189339000000000000e+06
1.189361000000000000e+06
1.189387000000000000e+06
1.189403000000000000e+06
1.189417000000000000e+06
1.189453000000000000e+06
1.189469000000000000e+06
1.189471000000000000e+06
1.189481000000000000e+06
1.189483000000000000e+06
1.189553000000000000e+06
1.189567000000000000e+06
1.189577000000000000e+06
1.189579000000000000e+06
1.189603000000000000e+06
1.189607000000000000e+06
1.189613000000000000e+06
1.189621000000000000e+06
1.189627000000000000e+06
1.189631000000000000e+06
1.189633000000000000e+06
1.189637000000000000e+06
1.189649000000000000e+06
