1.188310000000000000e+05
1.188430000000000000e+05
1.188610000000000000e+05
1.188730000000000000e+05
1.188910000000000000e+05
1.188970000000000000e+05
1.189010000000000000e+05
1.189030000000000000e+05
1.189070000000000000e+05
1.189130000000000000e+05
1.189270000000000000e+05
1.189310000000000000e+05
1.189670000000000000e+05
1.189730000000000000e+05
1.190270000000000000e+05
1.190330000000000000e+05
1.190390000000000000e+05
1.190470000000000000e+05
1.190570000000000000e+05
1.190690000000000000e+05
1.190830000000000000e+05
1.190870000000000000e+05
1.190890000000000000e+05
1.190990000000000000e+05
1.191010000000000000e+05
1.191070000000000000e+05
1.191290000000000000e+05
1.191310000000000000e+05
1.191590000000000000e+05
1.191730000000000000e+05
1.191790000000000000e+05
1.191830000000000000e+05
1.191910000000000000e+05
1.192270000000000000e+05
1.192330000000000000e+05
1.192370000000000000e+05
1.192430000000000000e+05
1.192670000000000000e+05
1.192910000000000000e+05
1.192930000000000000e+05
1.192970000000000000e+05
1.192990000000000000e+05
1.193110000000000000e+05
1.193210000000000000e+05
1.193590000000000000e+05
1.193630000000000000e+05
1.193890000000000000e+05
1.194170000000000000e+05
1.194190000000000000e+05
1.194290000000000000e+05
1.194470000000000000e+05
1.194890000000000000e+05
1.195030000000000000e+05
1.195130000000000000e+05
1.195330000000000000e+05
1.195490000000000000e+05
1.195510000000000000e+05
1.195570000000000000e+05
1.195630000000000000e+05
1.195690000000000000e+05
1.195910000000000000e+05
1.196110000000000000e+05
1.196170000000000000e+05
1.196270000000000000e+05
1.196330000000000000e+05
1.196530000000000000e+05
1.196570000000000000e+05
1.196590000000000000e+05
1.196710000000000000e+05
1.196770000000000000e+05
1.196870000000000000e+05
1.196890000000000000e+05
1.196990000000000000e+05
1.197010000000000000e+05
1.197230000000000000e+05
1.197370000000000000e+05
1.197470000000000000e+05
1.197590000000000000e+05
1.197710000000000000e+05
1.197730000000000000e+05
1.197830000000000000e+05
1.197970000000000000e+05
1.198090000000000000e+05
1.198130000000000000e+05
1.198270000000000000e+05
1.198310000000000000e+05
1.198390000000000000e+05
1.198490000000000000e+05
1.198510000000000000e+05
1.198690000000000000e+05
1.198810000000000000e+05
1.198910000000000000e+05
1.199210000000000000e+05
1.199230000000000000e+05
1.199290000000000000e+05
1.199530000000000000e+05
1.199630000000000000e+05
1.199710000000000000e+05
1.199810000000000000e+05
1.199830000000000000e+05
