1.192417000000000000e+06
1.192423000000000000e+06
1.192427000000000000e+06
1.192453000000000000e+06
1.192469000000000000e+06
1.192483000000000000e+06
1.192517000000000000e+06
1.192549000000000000e+06
1.192559000000000000e+06
1.192561000000000000e+06
1.192571000000000000e+06
1.192579000000000000e+06
1.192589000000000000e+06
1.192603000000000000e+06
1.192651000000000000e+06
1.192673000000000000e+06
1.192679000000000000e+06
1.192699000000000000e+06
1.192717000000000000e+06
1.192721000000000000e+06
1.192753000000000000e+06
1.192781000000000000e+06
1.192811000000000000e+06
1.192817000000000000e+06
1.192823000000000000e+06
1.192831000000000000e+06
1.192837000000000000e+06
1.192847000000000000e+06
1.192853000000000000e+06
1.192879000000000000e+06
1.192883000000000000e+06
1.192889000000000000e+06
1.192897000000000000e+06
1.192903000000000000e+06
1.192909000000000000e+06
1.192927000000000000e+06
1.192937000000000000e+06
1.192951000000000000e+06
1.192967000000000000e+06
1.192969000000000000e+06
1.193011000000000000e+06
1.193021000000000000e+06
1.193041000000000000e+06
1.193047000000000000e+06
1.193057000000000000e+06
1.193081000000000000e+06
1.193107000000000000e+06
1.193119000000000000e+06
1.193123000000000000e+06
1.193131000000000000e+06
1.193149000000000000e+06
1.193161000000000000e+06
1.193173000000000000e+06
1.193183000000000000e+06
1.193209000000000000e+06
1.193233000000000000e+06
1.193237000000000000e+06
1.193239000000000000e+06
1.193243000000000000e+06
1.193261000000000000e+06
1.193267000000000000e+06
1.193299000000000000e+06
1.193303000000000000e+06
1.193329000000000000e+06
1.193351000000000000e+06
1.193363000000000000e+06
1.193369000000000000e+06
1.193399000000000000e+06
1.193429000000000000e+06
1.193431000000000000e+06
1.193443000000000000e+06
1.193459000000000000e+06
1.193473000000000000e+06
1.193483000000000000e+06
1.193497000000000000e+06
1.193501000000000000e+06
1.193503000000000000e+06
1.193513000000000000e+06
1.193537000000000000e+06
1.193557000000000000e+06
1.193567000000000000e+06
1.193573000000000000e+06
1.193603000000000000e+06
1.193609000000000000e+06
1.193617000000000000e+06
1.193653000000000000e+06
1.193663000000000000e+06
1.193683000000000000e+06
1.193693000000000000e+06
1.193701000000000000e+06
1.193707000000000000e+06
1.193711000000000000e+06
1.193729000000000000e+06
1.193737000000000000e+06
1.193741000000000000e+06
1.193743000000000000e+06
1.193761000000000000e+06
1.193767000000000000e+06
1.193771000000000000e+06
1.193783000000000000e+06
