1.193821000000000000e+06
1.193833000000000000e+06
1.193837000000000000e+06
1.193839000000000000e+06
1.193849000000000000e+06
1.193867000000000000e+06
1.193869000000000000e+06
1.193887000000000000e+06
1.193909000000000000e+06
1.193911000000000000e+06
1.193939000000000000e+06
1.193947000000000000e+06
1.193963000000000000e+06
1.193971000000000000e+06
1.193989000000000000e+06
1.193993000000000000e+06
1.194019000000000000e+06
1.194023000000000000e+06
1.194031000000000000e+06
1.194041000000000000e+06
1.194047000000000000e+06
1.194059000000000000e+06
1.194103000000000000e+06
1.194157000000000000e+06
1.194161000000000000e+06
1.194163000000000000e+06
1.194203000000000000e+06
1.194209000000000000e+06
1.194211000000000000e+06
1.194241000000000000e+06
1.194251000000000000e+06
1.194253000000000000e+06
1.194269000000000000e+06
1.194293000000000000e+06
1.194311000000000000e+06
1.194329000000000000e+06
1.194341000000000000e+06
1.194343000000000000e+06
1.194373000000000000e+06
1.194379000000000000e+06
1.194383000000000000e+06
1.194407000000000000e+06
1.194421000000000000e+06
1.194439000000000000e+06
1.194443000000000000e+06
1.194449000000000000e+06
1.194463000000000000e+06
1.194493000000000000e+06
1.194517000000000000e+06
1.194521000000000000e+06
1.194541000000000000e+06
1.194547000000000000e+06
1.194553000000000000e+06
1.194581000000000000e+06
1.194593000000000000e+06
1.194601000000000000e+06
1.194631000000000000e+06
1.194659000000000000e+06
1.194667000000000000e+06
1.194671000000000000e+06
1.194679000000000000e+06
1.194707000000000000e+06
1.194727000000000000e+06
1.194731000000000000e+06
1.194733000000000000e+06
1.194751000000000000e+06
1.194757000000000000e+06
1.194763000000000000e+06
1.194769000000000000e+06
1.194797000000000000e+06
1.194799000000000000e+06
1.194803000000000000e+06
1.194821000000000000e+06
1.194847000000000000e+06
1.194857000000000000e+06
1.194877000000000000e+06
1.194883000000000000e+06
1.194889000000000000e+06
1.194899000000000000e+06
1.194901000000000000e+06
1.194917000000000000e+06
1.194923000000000000e+06
1.194959000000000000e+06
1.194961000000000000e+06
1.194971000000000000e+06
1.194979000000000000e+06
1.194997000000000000e+06
1.195021000000000000e+06
1.195031000000000000e+06
1.195037000000000000e+06
1.195039000000000000e+06
1.195067000000000000e+06
1.195091000000000000e+06
1.195121000000000000e+06
1.195123000000000000e+06
1.195127000000000000e+06
1.195141000000000000e+06
1.195153000000000000e+06
1.195169000000000000e+06
1.195171000000000000e+06
