1.195189000000000000e+06
1.195193000000000000e+06
1.195217000000000000e+06
1.195223000000000000e+06
1.195231000000000000e+06
1.195237000000000000e+06
1.195247000000000000e+06
1.195277000000000000e+06
1.195291000000000000e+06
1.195361000000000000e+06
1.195387000000000000e+06
1.195421000000000000e+06
1.195429000000000000e+06
1.195459000000000000e+06
1.195463000000000000e+06
1.195477000000000000e+06
1.195483000000000000e+06
1.195489000000000000e+06
1.195501000000000000e+06
1.195543000000000000e+06
1.195547000000000000e+06
1.195549000000000000e+06
1.195561000000000000e+06
1.195567000000000000e+06
1.195573000000000000e+06
1.195589000000000000e+06
1.195669000000000000e+06
1.195673000000000000e+06
1.195679000000000000e+06
1.195681000000000000e+06
1.195693000000000000e+06
1.195703000000000000e+06
1.195709000000000000e+06
1.195721000000000000e+06
1.195723000000000000e+06
1.195741000000000000e+06
1.195751000000000000e+06
1.195759000000000000e+06
1.195771000000000000e+06
1.195801000000000000e+06
1.195807000000000000e+06
1.195811000000000000e+06
1.195837000000000000e+06
1.195849000000000000e+06
1.195891000000000000e+06
1.195897000000000000e+06
1.195907000000000000e+06
1.195919000000000000e+06
1.195927000000000000e+06
1.195937000000000000e+06
1.195979000000000000e+06
1.195991000000000000e+06
1.196003000000000000e+06
1.196029000000000000e+06
1.196033000000000000e+06
1.196059000000000000e+06
1.196077000000000000e+06
1.196087000000000000e+06
1.196089000000000000e+06
1.196119000000000000e+06
1.196123000000000000e+06
1.196141000000000000e+06
1.196177000000000000e+06
1.196191000000000000e+06
1.196201000000000000e+06
1.196219000000000000e+06
1.196227000000000000e+06
1.196231000000000000e+06
1.196267000000000000e+06
1.196269000000000000e+06
1.196281000000000000e+06
1.196287000000000000e+06
1.196309000000000000e+06
1.196323000000000000e+06
1.196329000000000000e+06
1.196347000000000000e+06
1.196357000000000000e+06
1.196359000000000000e+06
1.196399000000000000e+06
1.196401000000000000e+06
1.196413000000000000e+06
1.196431000000000000e+06
1.196471000000000000e+06
1.196473000000000000e+06
1.196491000000000000e+06
1.196501000000000000e+06
1.196509000000000000e+06
1.196513000000000000e+06
1.196519000000000000e+06
1.196521000000000000e+06
1.196537000000000000e+06
1.196539000000000000e+06
1.196593000000000000e+06
1.196597000000000000e+06
1.196603000000000000e+06
1.196609000000000000e+06
1.196633000000000000e+06
1.196653000000000000e+06
1.196683000000000000e+06
1.196707000000000000e+06
