1.196717000000000000e+06
1.196719000000000000e+06
1.196729000000000000e+06
1.196731000000000000e+06
1.196773000000000000e+06
1.196809000000000000e+06
1.196813000000000000e+06
1.196837000000000000e+06
1.196843000000000000e+06
1.196857000000000000e+06
1.196861000000000000e+06
1.196863000000000000e+06
1.196869000000000000e+06
1.196873000000000000e+06
1.196891000000000000e+06
1.196911000000000000e+06
1.196927000000000000e+06
1.196939000000000000e+06
1.196959000000000000e+06
1.196999000000000000e+06
1.197011000000000000e+06
1.197013000000000000e+06
1.197017000000000000e+06
1.197029000000000000e+06
1.197037000000000000e+06
1.197041000000000000e+06
1.197059000000000000e+06
1.197067000000000000e+06
1.197073000000000000e+06
1.197103000000000000e+06
1.197107000000000000e+06
1.197113000000000000e+06
1.197121000000000000e+06
1.197167000000000000e+06
1.197181000000000000e+06
1.197187000000000000e+06
1.197193000000000000e+06
1.197197000000000000e+06
1.197199000000000000e+06
1.197211000000000000e+06
1.197221000000000000e+06
1.197239000000000000e+06
1.197257000000000000e+06
1.197263000000000000e+06
1.197269000000000000e+06
1.197277000000000000e+06
1.197281000000000000e+06
1.197289000000000000e+06
1.197307000000000000e+06
1.197337000000000000e+06
1.197347000000000000e+06
1.197349000000000000e+06
1.197353000000000000e+06
1.197359000000000000e+06
1.197367000000000000e+06
1.197389000000000000e+06
1.197407000000000000e+06
1.197409000000000000e+06
1.197433000000000000e+06
1.197451000000000000e+06
1.197467000000000000e+06
1.197473000000000000e+06
1.197479000000000000e+06
1.197509000000000000e+06
1.197527000000000000e+06
1.197571000000000000e+06
1.197577000000000000e+06
1.197601000000000000e+06
1.197617000000000000e+06
1.197619000000000000e+06
1.197631000000000000e+06
1.197649000000000000e+06
1.197697000000000000e+06
1.197709000000000000e+06
1.197739000000000000e+06
1.197743000000000000e+06
1.197751000000000000e+06
1.197767000000000000e+06
1.197799000000000000e+06
1.197821000000000000e+06
1.197827000000000000e+06
1.197829000000000000e+06
1.197881000000000000e+06
1.197901000000000000e+06
1.197907000000000000e+06
1.197923000000000000e+06
1.197929000000000000e+06
1.197941000000000000e+06
1.197947000000000000e+06
1.197953000000000000e+06
1.197971000000000000e+06
1.197997000000000000e+06
1.198013000000000000e+06
1.198033000000000000e+06
1.198037000000000000e+06
1.198049000000000000e+06
1.198051000000000000e+06
1.198063000000000000e+06
1.198069000000000000e+06
1.198073000000000000e+06
