1.199930000000000000e+05
1.200110000000000000e+05
1.200170000000000000e+05
1.200410000000000000e+05
1.200470000000000000e+05
1.200490000000000000e+05
1.200670000000000000e+05
1.200770000000000000e+05
1.200790000000000000e+05
1.200910000000000000e+05
1.200970000000000000e+05
1.201030000000000000e+05
1.201210000000000000e+05
1.201570000000000000e+05
1.201630000000000000e+05
1.201670000000000000e+05
1.201810000000000000e+05
1.201930000000000000e+05
1.201990000000000000e+05
1.202090000000000000e+05
1.202230000000000000e+05
1.202330000000000000e+05
1.202470000000000000e+05
1.202770000000000000e+05
1.202830000000000000e+05
1.202930000000000000e+05
1.202990000000000000e+05
1.203190000000000000e+05
1.203310000000000000e+05
1.203490000000000000e+05
1.203710000000000000e+05
1.203830000000000000e+05
1.203910000000000000e+05
1.203970000000000000e+05
1.204010000000000000e+05
1.204130000000000000e+05
1.204270000000000000e+05
1.204310000000000000e+05
1.204730000000000000e+05
1.205030000000000000e+05
1.205110000000000000e+05
1.205390000000000000e+05
1.205510000000000000e+05
1.205570000000000000e+05
1.205630000000000000e+05
1.205690000000000000e+05
1.205770000000000000e+05
1.205870000000000000e+05
1.206070000000000000e+05
1.206190000000000000e+05
1.206230000000000000e+05
1.206410000000000000e+05
1.206470000000000000e+05
1.206610000000000000e+05
1.206710000000000000e+05
1.206770000000000000e+05
1.206890000000000000e+05
1.206910000000000000e+05
1.207090000000000000e+05
1.207130000000000000e+05
1.207210000000000000e+05
1.207370000000000000e+05
1.207390000000000000e+05
1.207490000000000000e+05
1.207630000000000000e+05
1.207670000000000000e+05
1.207790000000000000e+05
1.208110000000000000e+05
1.208170000000000000e+05
1.208230000000000000e+05
1.208290000000000000e+05
1.208330000000000000e+05
1.208470000000000000e+05
1.208510000000000000e+05
1.208630000000000000e+05
1.208710000000000000e+05
1.208770000000000000e+05
1.208890000000000000e+05
1.208990000000000000e+05
1.209070000000000000e+05
1.209170000000000000e+05
1.209190000000000000e+05
1.209290000000000000e+05
1.209370000000000000e+05
1.209410000000000000e+05
1.209430000000000000e+05
1.209470000000000000e+05
1.209770000000000000e+05
1.209970000000000000e+05
1.210010000000000000e+05
1.210070000000000000e+05
1.210130000000000000e+05
1.210190000000000000e+05
1.210210000000000000e+05
1.210390000000000000e+05
1.210610000000000000e+05
1.210630000000000000e+05
1.210670000000000000e+05
1.210810000000000000e+05
1.211230000000000000e+05
