1.199551000000000000e+06
1.199557000000000000e+06
1.199573000000000000e+06
1.199587000000000000e+06
1.199591000000000000e+06
1.199593000000000000e+06
1.199617000000000000e+06
1.199621000000000000e+06
1.199623000000000000e+06
1.199629000000000000e+06
1.199659000000000000e+06
1.199663000000000000e+06
1.199677000000000000e+06
1.199683000000000000e+06
1.199689000000000000e+06
1.199699000000000000e+06
1.199711000000000000e+06
1.199719000000000000e+06
1.199767000000000000e+06
1.199777000000000000e+06
1.199789000000000000e+06
1.199801000000000000e+06
1.199813000000000000e+06
1.199819000000000000e+06
1.199833000000000000e+06
1.199839000000000000e+06
1.199851000000000000e+06
1.199857000000000000e+06
1.199879000000000000e+06
1.199893000000000000e+06
1.199899000000000000e+06
1.199909000000000000e+06
1.199923000000000000e+06
1.199929000000000000e+06
1.199953000000000000e+06
1.199969000000000000e+06
1.199993000000000000e+06
1.199999000000000000e+06
1.200007000000000000e+06
1.200061000000000000e+06
1.200077000000000000e+06
1.200083000000000000e+06
1.200109000000000000e+06
1.200139000000000000e+06
1.200161000000000000e+06
1.200167000000000000e+06
1.200179000000000000e+06
1.200187000000000000e+06
1.200191000000000000e+06
1.200233000000000000e+06
1.200253000000000000e+06
1.200307000000000000e+06
1.200313000000000000e+06
1.200323000000000000e+06
1.200341000000000000e+06
1.200349000000000000e+06
1.200359000000000000e+06
1.200361000000000000e+06
1.200371000000000000e+06
1.200373000000000000e+06
1.200377000000000000e+06
1.200383000000000000e+06
1.200389000000000000e+06
1.200403000000000000e+06
1.200443000000000000e+06
1.200449000000000000e+06
1.200461000000000000e+06
1.200467000000000000e+06
1.200491000000000000e+06
1.200499000000000000e+06
1.200509000000000000e+06
1.200527000000000000e+06
1.200581000000000000e+06
1.200583000000000000e+06
1.200607000000000000e+06
1.200611000000000000e+06
1.200637000000000000e+06
1.200643000000000000e+06
1.200673000000000000e+06
1.200679000000000000e+06
1.200691000000000000e+06
1.200697000000000000e+06
1.200701000000000000e+06
1.200739000000000000e+06
1.200751000000000000e+06
1.200779000000000000e+06
1.200799000000000000e+06
1.200809000000000000e+06
1.200811000000000000e+06
1.200833000000000000e+06
1.200839000000000000e+06
1.200869000000000000e+06
1.200883000000000000e+06
1.200887000000000000e+06
1.200889000000000000e+06
1.200917000000000000e+06
1.200929000000000000e+06
1.200937000000000000e+06
1.200943000000000000e+06
1.200949000000000000e+06
