1.200959000000000000e+06
1.200989000000000000e+06
1.201001000000000000e+06
1.201003000000000000e+06
1.201019000000000000e+06
1.201021000000000000e+06
1.201027000000000000e+06
1.201043000000000000e+06
1.201049000000000000e+06
1.201061000000000000e+06
1.201073000000000000e+06
1.201087000000000000e+06
1.201097000000000000e+06
1.201103000000000000e+06
1.201111000000000000e+06
1.201117000000000000e+06
1.201141000000000000e+06
1.201153000000000000e+06
1.201163000000000000e+06
1.201171000000000000e+06
1.201183000000000000e+06
1.201201000000000000e+06
1.201217000000000000e+06
1.201229000000000000e+06
1.201241000000000000e+06
1.201247000000000000e+06
1.201261000000000000e+06
1.201283000000000000e+06
1.201307000000000000e+06
1.201309000000000000e+06
1.201327000000000000e+06
1.201337000000000000e+06
1.201381000000000000e+06
1.201439000000000000e+06
1.201469000000000000e+06
1.201481000000000000e+06
1.201483000000000000e+06
1.201489000000000000e+06
1.201493000000000000e+06
1.201513000000000000e+06
1.201523000000000000e+06
1.201531000000000000e+06
1.201553000000000000e+06
1.201559000000000000e+06
1.201567000000000000e+06
1.201583000000000000e+06
1.201601000000000000e+06
1.201633000000000000e+06
1.201637000000000000e+06
1.201643000000000000e+06
1.201687000000000000e+06
1.201691000000000000e+06
1.201699000000000000e+06
1.201703000000000000e+06
1.201709000000000000e+06
1.201729000000000000e+06
1.201787000000000000e+06
1.201793000000000000e+06
1.201813000000000000e+06
1.201829000000000000e+06
1.201841000000000000e+06
1.201843000000000000e+06
1.201853000000000000e+06
1.201873000000000000e+06
1.201909000000000000e+06
1.201919000000000000e+06
1.201939000000000000e+06
1.201961000000000000e+06
1.201969000000000000e+06
1.201999000000000000e+06
1.202009000000000000e+06
1.202017000000000000e+06
1.202023000000000000e+06
1.202027000000000000e+06
1.202029000000000000e+06
1.202041000000000000e+06
1.202057000000000000e+06
1.202063000000000000e+06
1.202077000000000000e+06
1.202081000000000000e+06
1.202099000000000000e+06
1.202107000000000000e+06
1.202129000000000000e+06
1.202147000000000000e+06
1.202153000000000000e+06
1.202183000000000000e+06
1.202191000000000000e+06
1.202219000000000000e+06
1.202221000000000000e+06
1.202231000000000000e+06
1.202239000000000000e+06
1.202251000000000000e+06
1.202261000000000000e+06
1.202269000000000000e+06
1.202293000000000000e+06
1.202303000000000000e+06
1.202317000000000000e+06
1.202321000000000000e+06
1.202329000000000000e+06
1.202347000000000000e+06
