1.203827000000000000e+06
1.203841000000000000e+06
1.203863000000000000e+06
1.203887000000000000e+06
1.203893000000000000e+06
1.203899000000000000e+06
1.203901000000000000e+06
1.203913000000000000e+06
1.203919000000000000e+06
1.203929000000000000e+06
1.203931000000000000e+06
1.203941000000000000e+06
1.203949000000000000e+06
1.203953000000000000e+06
1.203959000000000000e+06
1.203971000000000000e+06
1.204003000000000000e+06
1.204019000000000000e+06
1.204037000000000000e+06
1.204097000000000000e+06
1.204103000000000000e+06
1.204117000000000000e+06
1.204139000000000000e+06
1.204141000000000000e+06
1.204153000000000000e+06
1.204169000000000000e+06
1.204171000000000000e+06
1.204183000000000000e+06
1.204207000000000000e+06
1.204219000000000000e+06
1.204243000000000000e+06
1.204271000000000000e+06
1.204279000000000000e+06
1.204289000000000000e+06
1.204309000000000000e+06
1.204337000000000000e+06
1.204363000000000000e+06
1.204369000000000000e+06
1.204397000000000000e+06
1.204409000000000000e+06
1.204421000000000000e+06
1.204447000000000000e+06
1.204451000000000000e+06
1.204453000000000000e+06
1.204471000000000000e+06
1.204477000000000000e+06
1.204493000000000000e+06
1.204507000000000000e+06
1.204519000000000000e+06
1.204529000000000000e+06
1.204561000000000000e+06
1.204583000000000000e+06
1.204597000000000000e+06
1.204607000000000000e+06
1.204613000000000000e+06
1.204633000000000000e+06
1.204649000000000000e+06
1.204669000000000000e+06
1.204681000000000000e+06
1.204699000000000000e+06
1.204711000000000000e+06
1.204729000000000000e+06
1.204741000000000000e+06
1.204781000000000000e+06
1.204783000000000000e+06
1.204787000000000000e+06
1.204813000000000000e+06
1.204823000000000000e+06
1.204859000000000000e+06
1.204871000000000000e+06
1.204873000000000000e+06
1.204883000000000000e+06
1.204891000000000000e+06
1.204937000000000000e+06
1.204967000000000000e+06
1.204969000000000000e+06
1.204981000000000000e+06
1.205027000000000000e+06
1.205047000000000000e+06
1.205081000000000000e+06
1.205089000000000000e+06
1.205093000000000000e+06
1.205101000000000000e+06
1.205117000000000000e+06
1.205119000000000000e+06
1.205123000000000000e+06
1.205159000000000000e+06
1.205173000000000000e+06
1.205179000000000000e+06
1.205219000000000000e+06
1.205231000000000000e+06
1.205251000000000000e+06
1.205257000000000000e+06
1.205287000000000000e+06
1.205293000000000000e+06
1.205339000000000000e+06
1.205377000000000000e+06
1.205387000000000000e+06
1.205411000000000000e+06
1.205437000000000000e+06
