1.206761000000000000e+06
1.206767000000000000e+06
1.206769000000000000e+06
1.206773000000000000e+06
1.206781000000000000e+06
1.206791000000000000e+06
1.206809000000000000e+06
1.206827000000000000e+06
1.206841000000000000e+06
1.206869000000000000e+06
1.206941000000000000e+06
1.206973000000000000e+06
1.206979000000000000e+06
1.207001000000000000e+06
1.207027000000000000e+06
1.207033000000000000e+06
1.207039000000000000e+06
1.207043000000000000e+06
1.207079000000000000e+06
1.207093000000000000e+06
1.207097000000000000e+06
1.207111000000000000e+06
1.207117000000000000e+06
1.207121000000000000e+06
1.207123000000000000e+06
1.207133000000000000e+06
1.207147000000000000e+06
1.207159000000000000e+06
1.207211000000000000e+06
1.207223000000000000e+06
1.207237000000000000e+06
1.207249000000000000e+06
1.207259000000000000e+06
1.207267000000000000e+06
1.207291000000000000e+06
1.207307000000000000e+06
1.207309000000000000e+06
1.207313000000000000e+06
1.207319000000000000e+06
1.207331000000000000e+06
1.207343000000000000e+06
1.207351000000000000e+06
1.207363000000000000e+06
1.207379000000000000e+06
1.207387000000000000e+06
1.207403000000000000e+06
1.207417000000000000e+06
1.207429000000000000e+06
1.207439000000000000e+06
1.207441000000000000e+06
1.207447000000000000e+06
1.207489000000000000e+06
1.207501000000000000e+06
1.207511000000000000e+06
1.207519000000000000e+06
1.207529000000000000e+06
1.207537000000000000e+06
1.207597000000000000e+06
1.207603000000000000e+06
1.207627000000000000e+06
1.207649000000000000e+06
1.207681000000000000e+06
1.207699000000000000e+06
1.207721000000000000e+06
1.207727000000000000e+06
1.207751000000000000e+06
1.207757000000000000e+06
1.207769000000000000e+06
1.207841000000000000e+06
1.207883000000000000e+06
1.207903000000000000e+06
1.207909000000000000e+06
1.207919000000000000e+06
1.207933000000000000e+06
1.207957000000000000e+06
1.207961000000000000e+06
1.207979000000000000e+06
1.207981000000000000e+06
1.208017000000000000e+06
1.208021000000000000e+06
1.208023000000000000e+06
1.208027000000000000e+06
1.208033000000000000e+06
1.208057000000000000e+06
1.208069000000000000e+06
1.208089000000000000e+06
1.208113000000000000e+06
1.208117000000000000e+06
1.208131000000000000e+06
1.208149000000000000e+06
1.208159000000000000e+06
1.208177000000000000e+06
1.208189000000000000e+06
1.208209000000000000e+06
1.208219000000000000e+06
1.208237000000000000e+06
1.208239000000000000e+06
1.208243000000000000e+06
1.208269000000000000e+06
1.208279000000000000e+06
