1.208297000000000000e+06
1.208299000000000000e+06
1.208303000000000000e+06
1.208341000000000000e+06
1.208371000000000000e+06
1.208387000000000000e+06
1.208399000000000000e+06
1.208407000000000000e+06
1.208413000000000000e+06
1.208423000000000000e+06
1.208447000000000000e+06
1.208461000000000000e+06
1.208507000000000000e+06
1.208521000000000000e+06
1.208561000000000000e+06
1.208569000000000000e+06
1.208573000000000000e+06
1.208591000000000000e+06
1.208651000000000000e+06
1.208657000000000000e+06
1.208663000000000000e+06
1.208677000000000000e+06
1.208681000000000000e+06
1.208689000000000000e+06
1.208707000000000000e+06
1.208731000000000000e+06
1.208741000000000000e+06
1.208777000000000000e+06
1.208789000000000000e+06
1.208791000000000000e+06
1.208797000000000000e+06
1.208813000000000000e+06
1.208821000000000000e+06
1.208833000000000000e+06
1.208843000000000000e+06
1.208849000000000000e+06
1.208863000000000000e+06
1.208873000000000000e+06
1.208927000000000000e+06
1.208939000000000000e+06
1.208941000000000000e+06
1.208957000000000000e+06
1.209007000000000000e+06
1.209017000000000000e+06
1.209029000000000000e+06
1.209053000000000000e+06
1.209073000000000000e+06
1.209079000000000000e+06
1.209083000000000000e+06
1.209107000000000000e+06
1.209113000000000000e+06
1.209121000000000000e+06
1.209139000000000000e+06
1.209151000000000000e+06
1.209163000000000000e+06
1.209181000000000000e+06
1.209191000000000000e+06
1.209199000000000000e+06
1.209209000000000000e+06
1.209223000000000000e+06
1.209233000000000000e+06
1.209239000000000000e+06
1.209251000000000000e+06
1.209269000000000000e+06
1.209277000000000000e+06
1.209281000000000000e+06
1.209287000000000000e+06
1.209311000000000000e+06
1.209337000000000000e+06
1.209347000000000000e+06
1.209353000000000000e+06
1.209367000000000000e+06
1.209379000000000000e+06
1.209427000000000000e+06
1.209437000000000000e+06
1.209457000000000000e+06
1.209463000000000000e+06
1.209469000000000000e+06
1.209487000000000000e+06
1.209491000000000000e+06
1.209517000000000000e+06
1.209539000000000000e+06
1.209557000000000000e+06
1.209563000000000000e+06
1.209577000000000000e+06
1.209583000000000000e+06
1.209587000000000000e+06
1.209617000000000000e+06
1.209629000000000000e+06
1.209631000000000000e+06
1.209647000000000000e+06
1.209671000000000000e+06
1.209697000000000000e+06
1.209707000000000000e+06
1.209709000000000000e+06
1.209739000000000000e+06
1.209757000000000000e+06
1.209763000000000000e+06
1.209773000000000000e+06
1.209779000000000000e+06
