1.211390000000000000e+05
1.211510000000000000e+05
1.211570000000000000e+05
1.211690000000000000e+05
1.211710000000000000e+05
1.211810000000000000e+05
1.211890000000000000e+05
1.212290000000000000e+05
1.212590000000000000e+05
1.212670000000000000e+05
1.212710000000000000e+05
1.212830000000000000e+05
1.212910000000000000e+05
1.213090000000000000e+05
1.213130000000000000e+05
1.213210000000000000e+05
1.213270000000000000e+05
1.213330000000000000e+05
1.213430000000000000e+05
1.213490000000000000e+05
1.213510000000000000e+05
1.213570000000000000e+05
1.213670000000000000e+05
1.213690000000000000e+05
1.213790000000000000e+05
1.214030000000000000e+05
1.214210000000000000e+05
1.214390000000000000e+05
1.214410000000000000e+05
1.214470000000000000e+05
1.214530000000000000e+05
1.214690000000000000e+05
1.214870000000000000e+05
1.214930000000000000e+05
1.215010000000000000e+05
1.215070000000000000e+05
1.215230000000000000e+05
1.215310000000000000e+05
1.215470000000000000e+05
1.215530000000000000e+05
1.215590000000000000e+05
1.215710000000000000e+05
1.215770000000000000e+05
1.215790000000000000e+05
1.215910000000000000e+05
1.216070000000000000e+05
1.216090000000000000e+05
1.216210000000000000e+05
1.216310000000000000e+05
1.216330000000000000e+05
1.216370000000000000e+05
1.216610000000000000e+05
1.216870000000000000e+05
1.216970000000000000e+05
1.217110000000000000e+05
1.217210000000000000e+05
1.217270000000000000e+05
1.217630000000000000e+05
1.217870000000000000e+05
1.217890000000000000e+05
1.218430000000000000e+05
1.218530000000000000e+05
1.218670000000000000e+05
1.218830000000000000e+05
1.218890000000000000e+05
1.219090000000000000e+05
1.219210000000000000e+05
1.219310000000000000e+05
1.219370000000000000e+05
1.219490000000000000e+05
1.219510000000000000e+05
1.219630000000000000e+05
1.219670000000000000e+05
1.219930000000000000e+05
1.219970000000000000e+05
1.220110000000000000e+05
1.220210000000000000e+05
1.220270000000000000e+05
1.220290000000000000e+05
1.220330000000000000e+05
1.220390000000000000e+05
1.220410000000000000e+05
1.220510000000000000e+05
1.220530000000000000e+05
1.220690000000000000e+05
1.220810000000000000e+05
1.220990000000000000e+05
1.221170000000000000e+05
1.221310000000000000e+05
1.221470000000000000e+05
1.221490000000000000e+05
1.221670000000000000e+05
1.221730000000000000e+05
1.222010000000000000e+05
1.222030000000000000e+05
1.222070000000000000e+05
1.222090000000000000e+05
1.222190000000000000e+05
1.222310000000000000e+05
1.222510000000000000e+05
