1.212479000000000000e+06
1.212487000000000000e+06
1.212517000000000000e+06
1.212521000000000000e+06
1.212551000000000000e+06
1.212569000000000000e+06
1.212611000000000000e+06
1.212613000000000000e+06
1.212641000000000000e+06
1.212649000000000000e+06
1.212671000000000000e+06
1.212677000000000000e+06
1.212683000000000000e+06
1.212697000000000000e+06
1.212703000000000000e+06
1.212709000000000000e+06
1.212719000000000000e+06
1.212737000000000000e+06
1.212769000000000000e+06
1.212773000000000000e+06
1.212781000000000000e+06
1.212787000000000000e+06
1.212793000000000000e+06
1.212811000000000000e+06
1.212817000000000000e+06
1.212839000000000000e+06
1.212847000000000000e+06
1.212851000000000000e+06
1.212853000000000000e+06
1.212857000000000000e+06
1.212877000000000000e+06
1.212889000000000000e+06
1.212907000000000000e+06
1.212917000000000000e+06
1.212919000000000000e+06
1.212923000000000000e+06
1.212931000000000000e+06
1.212943000000000000e+06
1.212973000000000000e+06
1.212989000000000000e+06
1.213007000000000000e+06
1.213019000000000000e+06
1.213021000000000000e+06
1.213027000000000000e+06
1.213033000000000000e+06
1.213049000000000000e+06
1.213057000000000000e+06
1.213063000000000000e+06
1.213081000000000000e+06
1.213087000000000000e+06
1.213097000000000000e+06
1.213109000000000000e+06
1.213129000000000000e+06
1.213133000000000000e+06
1.213141000000000000e+06
1.213151000000000000e+06
1.213153000000000000e+06
1.213183000000000000e+06
1.213189000000000000e+06
1.213213000000000000e+06
1.213241000000000000e+06
1.213253000000000000e+06
1.213259000000000000e+06
1.213271000000000000e+06
1.213301000000000000e+06
1.213327000000000000e+06
1.213339000000000000e+06
1.213357000000000000e+06
1.213367000000000000e+06
1.213379000000000000e+06
1.213427000000000000e+06
1.213439000000000000e+06
1.213451000000000000e+06
1.213469000000000000e+06
1.213481000000000000e+06
1.213483000000000000e+06
1.213517000000000000e+06
1.213529000000000000e+06
1.213547000000000000e+06
1.213561000000000000e+06
1.213573000000000000e+06
1.213577000000000000e+06
1.213591000000000000e+06
1.213601000000000000e+06
1.213607000000000000e+06
1.213627000000000000e+06
1.213631000000000000e+06
1.213633000000000000e+06
1.213643000000000000e+06
1.213651000000000000e+06
1.213657000000000000e+06
1.213661000000000000e+06
1.213673000000000000e+06
1.213721000000000000e+06
1.213741000000000000e+06
1.213747000000000000e+06
1.213757000000000000e+06
1.213759000000000000e+06
1.213763000000000000e+06
1.213781000000000000e+06
