1.213801000000000000e+06
1.213829000000000000e+06
1.213837000000000000e+06
1.213841000000000000e+06
1.213873000000000000e+06
1.213879000000000000e+06
1.213897000000000000e+06
1.213907000000000000e+06
1.213909000000000000e+06
1.213913000000000000e+06
1.213921000000000000e+06
1.213931000000000000e+06
1.213939000000000000e+06
1.213943000000000000e+06
1.213951000000000000e+06
1.213981000000000000e+06
1.214011000000000000e+06
1.214023000000000000e+06
1.214039000000000000e+06
1.214047000000000000e+06
1.214077000000000000e+06
1.214093000000000000e+06
1.214113000000000000e+06
1.214117000000000000e+06
1.214131000000000000e+06
1.214137000000000000e+06
1.214141000000000000e+06
1.214159000000000000e+06
1.214167000000000000e+06
1.214183000000000000e+06
1.214189000000000000e+06
1.214197000000000000e+06
1.214219000000000000e+06
1.214221000000000000e+06
1.214237000000000000e+06
1.214261000000000000e+06
1.214273000000000000e+06
1.214281000000000000e+06
1.214299000000000000e+06
1.214333000000000000e+06
1.214357000000000000e+06
1.214371000000000000e+06
1.214393000000000000e+06
1.214401000000000000e+06
1.214407000000000000e+06
1.214413000000000000e+06
1.214417000000000000e+06
1.214431000000000000e+06
1.214441000000000000e+06
1.214453000000000000e+06
1.214459000000000000e+06
1.214471000000000000e+06
1.214483000000000000e+06
1.214489000000000000e+06
1.214519000000000000e+06
1.214533000000000000e+06
1.214567000000000000e+06
1.214573000000000000e+06
1.214579000000000000e+06
1.214593000000000000e+06
1.214617000000000000e+06
1.214623000000000000e+06
1.214639000000000000e+06
1.214641000000000000e+06
1.214657000000000000e+06
1.214659000000000000e+06
1.214663000000000000e+06
1.214669000000000000e+06
1.214671000000000000e+06
1.214683000000000000e+06
1.214687000000000000e+06
1.214711000000000000e+06
1.214729000000000000e+06
1.214737000000000000e+06
1.214743000000000000e+06
1.214749000000000000e+06
1.214767000000000000e+06
1.214819000000000000e+06
1.214827000000000000e+06
1.214849000000000000e+06
1.214867000000000000e+06
1.214891000000000000e+06
1.214909000000000000e+06
1.214923000000000000e+06
1.214933000000000000e+06
1.214947000000000000e+06
1.214957000000000000e+06
1.214959000000000000e+06
1.214963000000000000e+06
1.214971000000000000e+06
1.214977000000000000e+06
1.214981000000000000e+06
1.215017000000000000e+06
1.215029000000000000e+06
1.215047000000000000e+06
1.215079000000000000e+06
1.215083000000000000e+06
1.215103000000000000e+06
1.215121000000000000e+06
1.215133000000000000e+06
