1.217899000000000000e+06
1.217903000000000000e+06
1.217917000000000000e+06
1.217921000000000000e+06
1.217927000000000000e+06
1.217933000000000000e+06
1.217941000000000000e+06
1.217947000000000000e+06
1.217963000000000000e+06
1.217977000000000000e+06
1.217989000000000000e+06
1.218017000000000000e+06
1.218043000000000000e+06
1.218089000000000000e+06
1.218121000000000000e+06
1.218131000000000000e+06
1.218157000000000000e+06
1.218167000000000000e+06
1.218179000000000000e+06
1.218197000000000000e+06
1.218199000000000000e+06
1.218209000000000000e+06
1.218211000000000000e+06
1.218221000000000000e+06
1.218247000000000000e+06
1.218251000000000000e+06
1.218257000000000000e+06
1.218263000000000000e+06
1.218277000000000000e+06
1.218281000000000000e+06
1.218307000000000000e+06
1.218313000000000000e+06
1.218367000000000000e+06
1.218383000000000000e+06
1.218391000000000000e+06
1.218401000000000000e+06
1.218421000000000000e+06
1.218433000000000000e+06
1.218449000000000000e+06
1.218457000000000000e+06
1.218463000000000000e+06
1.218467000000000000e+06
1.218473000000000000e+06
1.218487000000000000e+06
1.218533000000000000e+06
1.218557000000000000e+06
1.218559000000000000e+06
1.218571000000000000e+06
1.218583000000000000e+06
1.218601000000000000e+06
1.218617000000000000e+06
1.218631000000000000e+06
1.218649000000000000e+06
1.218653000000000000e+06
1.218683000000000000e+06
1.218691000000000000e+06
1.218709000000000000e+06
1.218727000000000000e+06
1.218731000000000000e+06
1.218739000000000000e+06
1.218761000000000000e+06
1.218773000000000000e+06
1.218779000000000000e+06
1.218787000000000000e+06
1.218821000000000000e+06
1.218829000000000000e+06
1.218853000000000000e+06
1.218859000000000000e+06
1.218901000000000000e+06
1.218911000000000000e+06
1.218913000000000000e+06
1.218923000000000000e+06
1.218941000000000000e+06
1.218949000000000000e+06
1.218953000000000000e+06
1.218989000000000000e+06
1.218991000000000000e+06
1.219003000000000000e+06
1.219061000000000000e+06
1.219081000000000000e+06
1.219091000000000000e+06
1.219109000000000000e+06
1.219111000000000000e+06
1.219123000000000000e+06
1.219129000000000000e+06
1.219147000000000000e+06
1.219177000000000000e+06
1.219213000000000000e+06
1.219237000000000000e+06
1.219241000000000000e+06
1.219271000000000000e+06
1.219279000000000000e+06
1.219297000000000000e+06
1.219301000000000000e+06
1.219303000000000000e+06
1.219307000000000000e+06
1.219313000000000000e+06
1.219343000000000000e+06
1.219349000000000000e+06
1.219357000000000000e+06
