1.222231000000000000e+06
1.222241000000000000e+06
1.222253000000000000e+06
1.222259000000000000e+06
1.222267000000000000e+06
1.222271000000000000e+06
1.222279000000000000e+06
1.222307000000000000e+06
1.222373000000000000e+06
1.222393000000000000e+06
1.222409000000000000e+06
1.222411000000000000e+06
1.222433000000000000e+06
1.222471000000000000e+06
1.222483000000000000e+06
1.222493000000000000e+06
1.222499000000000000e+06
1.222513000000000000e+06
1.222523000000000000e+06
1.222537000000000000e+06
1.222561000000000000e+06
1.222567000000000000e+06
1.222583000000000000e+06
1.222597000000000000e+06
1.222601000000000000e+06
1.222603000000000000e+06
1.222633000000000000e+06
1.222643000000000000e+06
1.222651000000000000e+06
1.222667000000000000e+06
1.222679000000000000e+06
1.222681000000000000e+06
1.222693000000000000e+06
1.222717000000000000e+06
1.222723000000000000e+06
1.222729000000000000e+06
1.222751000000000000e+06
1.222757000000000000e+06
1.222769000000000000e+06
1.222777000000000000e+06
1.222789000000000000e+06
1.222801000000000000e+06
1.222811000000000000e+06
1.222829000000000000e+06
1.222831000000000000e+06
1.222847000000000000e+06
1.222853000000000000e+06
1.222889000000000000e+06
1.222909000000000000e+06
1.222913000000000000e+06
1.222931000000000000e+06
1.222943000000000000e+06
1.222957000000000000e+06
1.222967000000000000e+06
1.222993000000000000e+06
1.223003000000000000e+06
1.223021000000000000e+06
1.223029000000000000e+06
1.223039000000000000e+06
1.223051000000000000e+06
1.223059000000000000e+06
1.223077000000000000e+06
1.223083000000000000e+06
1.223093000000000000e+06
1.223119000000000000e+06
1.223149000000000000e+06
1.223161000000000000e+06
1.223177000000000000e+06
1.223179000000000000e+06
1.223197000000000000e+06
1.223203000000000000e+06
1.223207000000000000e+06
1.223231000000000000e+06
1.223237000000000000e+06
1.223263000000000000e+06
1.223279000000000000e+06
1.223281000000000000e+06
1.223309000000000000e+06
1.223311000000000000e+06
1.223323000000000000e+06
1.223329000000000000e+06
1.223351000000000000e+06
1.223357000000000000e+06
1.223381000000000000e+06
1.223419000000000000e+06
1.223437000000000000e+06
1.223447000000000000e+06
1.223449000000000000e+06
1.223459000000000000e+06
1.223471000000000000e+06
1.223489000000000000e+06
1.223491000000000000e+06
1.223527000000000000e+06
1.223533000000000000e+06
1.223549000000000000e+06
1.223561000000000000e+06
1.223569000000000000e+06
1.223587000000000000e+06
1.223591000000000000e+06
1.223603000000000000e+06
