1.223633000000000000e+06
1.223683000000000000e+06
1.223687000000000000e+06
1.223689000000000000e+06
1.223693000000000000e+06
1.223723000000000000e+06
1.223731000000000000e+06
1.223749000000000000e+06
1.223753000000000000e+06
1.223767000000000000e+06
1.223773000000000000e+06
1.223777000000000000e+06
1.223857000000000000e+06
1.223863000000000000e+06
1.223867000000000000e+06
1.223879000000000000e+06
1.223897000000000000e+06
1.223921000000000000e+06
1.223939000000000000e+06
1.223941000000000000e+06
1.223953000000000000e+06
1.223977000000000000e+06
1.223987000000000000e+06
1.223993000000000000e+06
1.224029000000000000e+06
1.224031000000000000e+06
1.224053000000000000e+06
1.224059000000000000e+06
1.224077000000000000e+06
1.224079000000000000e+06
1.224089000000000000e+06
1.224109000000000000e+06
1.224121000000000000e+06
1.224131000000000000e+06
1.224133000000000000e+06
1.224149000000000000e+06
1.224163000000000000e+06
1.224169000000000000e+06
1.224193000000000000e+06
1.224203000000000000e+06
1.224217000000000000e+06
1.224229000000000000e+06
1.224233000000000000e+06
1.224239000000000000e+06
1.224257000000000000e+06
1.224259000000000000e+06
1.224269000000000000e+06
1.224271000000000000e+06
1.224281000000000000e+06
1.224287000000000000e+06
1.224299000000000000e+06
1.224329000000000000e+06
1.224337000000000000e+06
1.224347000000000000e+06
1.224389000000000000e+06
1.224403000000000000e+06
1.224413000000000000e+06
1.224437000000000000e+06
1.224439000000000000e+06
1.224473000000000000e+06
1.224479000000000000e+06
1.224481000000000000e+06
1.224529000000000000e+06
1.224533000000000000e+06
1.224577000000000000e+06
1.224599000000000000e+06
1.224637000000000000e+06
1.224673000000000000e+06
1.224677000000000000e+06
1.224701000000000000e+06
1.224703000000000000e+06
1.224709000000000000e+06
1.224739000000000000e+06
1.224763000000000000e+06
1.224767000000000000e+06
1.224809000000000000e+06
1.224823000000000000e+06
1.224851000000000000e+06
1.224857000000000000e+06
1.224859000000000000e+06
1.224863000000000000e+06
1.224869000000000000e+06
1.224887000000000000e+06
1.224889000000000000e+06
1.224893000000000000e+06
1.224913000000000000e+06
1.224919000000000000e+06
1.224943000000000000e+06
1.224953000000000000e+06
1.224967000000000000e+06
1.224973000000000000e+06
1.224983000000000000e+06
1.224991000000000000e+06
1.225009000000000000e+06
1.225019000000000000e+06
1.225061000000000000e+06
1.225067000000000000e+06
1.225073000000000000e+06
1.225079000000000000e+06
1.225087000000000000e+06
