1.225093000000000000e+06
1.225097000000000000e+06
1.225099000000000000e+06
1.225109000000000000e+06
1.225111000000000000e+06
1.225117000000000000e+06
1.225123000000000000e+06
1.225127000000000000e+06
1.225129000000000000e+06
1.225153000000000000e+06
1.225157000000000000e+06
1.225183000000000000e+06
1.225219000000000000e+06
1.225223000000000000e+06
1.225261000000000000e+06
1.225283000000000000e+06
1.225297000000000000e+06
1.225303000000000000e+06
1.225319000000000000e+06
1.225327000000000000e+06
1.225331000000000000e+06
1.225361000000000000e+06
1.225373000000000000e+06
1.225381000000000000e+06
1.225397000000000000e+06
1.225409000000000000e+06
1.225459000000000000e+06
1.225493000000000000e+06
1.225501000000000000e+06
1.225507000000000000e+06
1.225517000000000000e+06
1.225529000000000000e+06
1.225541000000000000e+06
1.225559000000000000e+06
1.225571000000000000e+06
1.225577000000000000e+06
1.225579000000000000e+06
1.225589000000000000e+06
1.225591000000000000e+06
1.225603000000000000e+06
1.225621000000000000e+06
1.225643000000000000e+06
1.225657000000000000e+06
1.225663000000000000e+06
1.225687000000000000e+06
1.225691000000000000e+06
1.225703000000000000e+06
1.225723000000000000e+06
1.225727000000000000e+06
1.225729000000000000e+06
1.225759000000000000e+06
1.225769000000000000e+06
1.225787000000000000e+06
1.225817000000000000e+06
1.225849000000000000e+06
1.225871000000000000e+06
1.225879000000000000e+06
1.225883000000000000e+06
1.225891000000000000e+06
1.225897000000000000e+06
1.225907000000000000e+06
1.225909000000000000e+06
1.225919000000000000e+06
1.225927000000000000e+06
1.225933000000000000e+06
1.225949000000000000e+06
1.225963000000000000e+06
1.225981000000000000e+06
1.225997000000000000e+06
1.225999000000000000e+06
1.226011000000000000e+06
1.226041000000000000e+06
1.226053000000000000e+06
1.226063000000000000e+06
1.226077000000000000e+06
1.226083000000000000e+06
1.226087000000000000e+06
1.226101000000000000e+06
1.226111000000000000e+06
1.226117000000000000e+06
1.226179000000000000e+06
1.226189000000000000e+06
1.226191000000000000e+06
1.226209000000000000e+06
1.226213000000000000e+06
1.226237000000000000e+06
1.226257000000000000e+06
1.226263000000000000e+06
1.226293000000000000e+06
1.226297000000000000e+06
1.226299000000000000e+06
1.226311000000000000e+06
1.226321000000000000e+06
1.226339000000000000e+06
1.226341000000000000e+06
1.226347000000000000e+06
1.226353000000000000e+06
1.226377000000000000e+06
1.226387000000000000e+06
1.226417000000000000e+06
