1.230739000000000000e+06
1.230743000000000000e+06
1.230751000000000000e+06
1.230769000000000000e+06
1.230791000000000000e+06
1.230829000000000000e+06
1.230863000000000000e+06
1.230869000000000000e+06
1.230871000000000000e+06
1.230881000000000000e+06
1.230907000000000000e+06
1.230913000000000000e+06
1.230941000000000000e+06
1.230949000000000000e+06
1.230967000000000000e+06
1.230997000000000000e+06
1.231001000000000000e+06
1.231003000000000000e+06
1.231039000000000000e+06
1.231049000000000000e+06
1.231051000000000000e+06
1.231063000000000000e+06
1.231073000000000000e+06
1.231091000000000000e+06
1.231093000000000000e+06
1.231099000000000000e+06
1.231127000000000000e+06
1.231129000000000000e+06
1.231141000000000000e+06
1.231171000000000000e+06
1.231177000000000000e+06
1.231193000000000000e+06
1.231199000000000000e+06
1.231201000000000000e+06
1.231207000000000000e+06
1.231229000000000000e+06
1.231231000000000000e+06
1.231247000000000000e+06
1.231261000000000000e+06
1.231267000000000000e+06
1.231277000000000000e+06
1.231283000000000000e+06
1.231301000000000000e+06
1.231303000000000000e+06
1.231309000000000000e+06
1.231313000000000000e+06
1.231319000000000000e+06
1.231337000000000000e+06
1.231339000000000000e+06
1.231357000000000000e+06
1.231379000000000000e+06
1.231381000000000000e+06
1.231387000000000000e+06
1.231411000000000000e+06
1.231421000000000000e+06
1.231423000000000000e+06
1.231453000000000000e+06
1.231457000000000000e+06
1.231459000000000000e+06
1.231469000000000000e+06
1.231481000000000000e+06
1.231487000000000000e+06
1.231511000000000000e+06
1.231513000000000000e+06
1.231547000000000000e+06
1.231553000000000000e+06
1.231577000000000000e+06
1.231579000000000000e+06
1.231589000000000000e+06
1.231597000000000000e+06
1.231613000000000000e+06
1.231631000000000000e+06
1.231663000000000000e+06
1.231669000000000000e+06
1.231687000000000000e+06
1.231691000000000000e+06
1.231697000000000000e+06
1.231709000000000000e+06
1.231721000000000000e+06
1.231733000000000000e+06
1.231753000000000000e+06
1.231757000000000000e+06
1.231771000000000000e+06
1.231781000000000000e+06
1.231787000000000000e+06
1.231799000000000000e+06
1.231807000000000000e+06
1.231817000000000000e+06
1.231829000000000000e+06
1.231831000000000000e+06
1.231843000000000000e+06
1.231859000000000000e+06
1.231873000000000000e+06
1.231877000000000000e+06
1.231883000000000000e+06
1.231889000000000000e+06
1.231943000000000000e+06
1.231961000000000000e+06
1.231981000000000000e+06
1.231987000000000000e+06
