1.231999000000000000e+06
1.232003000000000000e+06
1.232069000000000000e+06
1.232071000000000000e+06
1.232083000000000000e+06
1.232089000000000000e+06
1.232171000000000000e+06
1.232183000000000000e+06
1.232201000000000000e+06
1.232213000000000000e+06
1.232221000000000000e+06
1.232227000000000000e+06
1.232243000000000000e+06
1.232269000000000000e+06
1.232291000000000000e+06
1.232299000000000000e+06
1.232327000000000000e+06
1.232339000000000000e+06
1.232351000000000000e+06
1.232353000000000000e+06
1.232377000000000000e+06
1.232389000000000000e+06
1.232393000000000000e+06
1.232401000000000000e+06
1.232411000000000000e+06
1.232417000000000000e+06
1.232431000000000000e+06
1.232437000000000000e+06
1.232453000000000000e+06
1.232461000000000000e+06
1.232477000000000000e+06
1.232527000000000000e+06
1.232531000000000000e+06
1.232537000000000000e+06
1.232563000000000000e+06
1.232573000000000000e+06
1.232603000000000000e+06
1.232611000000000000e+06
1.232617000000000000e+06
1.232657000000000000e+06
1.232659000000000000e+06
1.232683000000000000e+06
1.232689000000000000e+06
1.232713000000000000e+06
1.232719000000000000e+06
1.232771000000000000e+06
1.232797000000000000e+06
1.232801000000000000e+06
1.232809000000000000e+06
1.232831000000000000e+06
1.232843000000000000e+06
1.232849000000000000e+06
1.232851000000000000e+06
1.232879000000000000e+06
1.232893000000000000e+06
1.232909000000000000e+06
1.232941000000000000e+06
1.232947000000000000e+06
1.232977000000000000e+06
1.232981000000000000e+06
1.232983000000000000e+06
1.232999000000000000e+06
1.233019000000000000e+06
1.233047000000000000e+06
1.233073000000000000e+06
1.233079000000000000e+06
1.233097000000000000e+06
1.233101000000000000e+06
1.233107000000000000e+06
1.233121000000000000e+06
1.233143000000000000e+06
1.233179000000000000e+06
1.233181000000000000e+06
1.233187000000000000e+06
1.233209000000000000e+06
1.233241000000000000e+06
1.233251000000000000e+06
1.233259000000000000e+06
1.233263000000000000e+06
1.233301000000000000e+06
1.233313000000000000e+06
1.233319000000000000e+06
1.233361000000000000e+06
1.233371000000000000e+06
1.233373000000000000e+06
1.233377000000000000e+06
1.233409000000000000e+06
1.233431000000000000e+06
1.233433000000000000e+06
1.233437000000000000e+06
1.233439000000000000e+06
1.233473000000000000e+06
1.233493000000000000e+06
1.233497000000000000e+06
1.233509000000000000e+06
1.233523000000000000e+06
1.233527000000000000e+06
1.233539000000000000e+06
1.233563000000000000e+06
1.233569000000000000e+06
