1.233577000000000000e+06
1.233587000000000000e+06
1.233593000000000000e+06
1.233599000000000000e+06
1.233607000000000000e+06
1.233611000000000000e+06
1.233619000000000000e+06
1.233641000000000000e+06
1.233647000000000000e+06
1.233653000000000000e+06
1.233709000000000000e+06
1.233721000000000000e+06
1.233751000000000000e+06
1.233761000000000000e+06
1.233763000000000000e+06
1.233779000000000000e+06
1.233781000000000000e+06
1.233851000000000000e+06
1.233887000000000000e+06
1.233899000000000000e+06
1.233907000000000000e+06
1.233923000000000000e+06
1.233929000000000000e+06
1.233949000000000000e+06
1.233983000000000000e+06
1.234001000000000000e+06
1.234003000000000000e+06
1.234039000000000000e+06
1.234049000000000000e+06
1.234063000000000000e+06
1.234067000000000000e+06
1.234099000000000000e+06
1.234109000000000000e+06
1.234117000000000000e+06
1.234133000000000000e+06
1.234147000000000000e+06
1.234187000000000000e+06
1.234231000000000000e+06
1.234237000000000000e+06
1.234241000000000000e+06
1.234243000000000000e+06
1.234253000000000000e+06
1.234271000000000000e+06
1.234309000000000000e+06
1.234333000000000000e+06
1.234349000000000000e+06
1.234351000000000000e+06
1.234367000000000000e+06
1.234379000000000000e+06
1.234391000000000000e+06
1.234393000000000000e+06
1.234417000000000000e+06
1.234439000000000000e+06
1.234463000000000000e+06
1.234511000000000000e+06
1.234517000000000000e+06
1.234531000000000000e+06
1.234537000000000000e+06
1.234543000000000000e+06
1.234547000000000000e+06
1.234577000000000000e+06
1.234603000000000000e+06
1.234613000000000000e+06
1.234627000000000000e+06
1.234657000000000000e+06
1.234687000000000000e+06
1.234703000000000000e+06
1.234721000000000000e+06
1.234747000000000000e+06
1.234757000000000000e+06
1.234759000000000000e+06
1.234769000000000000e+06
1.234777000000000000e+06
1.234787000000000000e+06
1.234789000000000000e+06
1.234799000000000000e+06
1.234813000000000000e+06
1.234819000000000000e+06
1.234837000000000000e+06
1.234841000000000000e+06
1.234843000000000000e+06
1.234853000000000000e+06
1.234873000000000000e+06
1.234889000000000000e+06
1.234901000000000000e+06
1.234951000000000000e+06
1.234967000000000000e+06
1.234969000000000000e+06
1.234991000000000000e+06
1.235021000000000000e+06
1.235027000000000000e+06
1.235041000000000000e+06
1.235063000000000000e+06
1.235083000000000000e+06
1.235093000000000000e+06
1.235099000000000000e+06
1.235131000000000000e+06
1.235137000000000000e+06
1.235141000000000000e+06
1.235149000000000000e+06
