1.234490000000000000e+05
1.234570000000000000e+05
1.234790000000000000e+05
1.234910000000000000e+05
1.234930000000000000e+05
1.234990000000000000e+05
1.235030000000000000e+05
1.235170000000000000e+05
1.235270000000000000e+05
1.235470000000000000e+05
1.235510000000000000e+05
1.235530000000000000e+05
1.235810000000000000e+05
1.235830000000000000e+05
1.235930000000000000e+05
1.236010000000000000e+05
1.236190000000000000e+05
1.236310000000000000e+05
1.236370000000000000e+05
1.236530000000000000e+05
1.236610000000000000e+05
1.236670000000000000e+05
1.236770000000000000e+05
1.237010000000000000e+05
1.237070000000000000e+05
1.237190000000000000e+05
1.237270000000000000e+05
1.237310000000000000e+05
1.237330000000000000e+05
1.237370000000000000e+05
1.237570000000000000e+05
1.237870000000000000e+05
1.237910000000000000e+05
1.238030000000000000e+05
1.238170000000000000e+05
1.238210000000000000e+05
1.238290000000000000e+05
1.238330000000000000e+05
1.238530000000000000e+05
1.238630000000000000e+05
1.238870000000000000e+05
1.239110000000000000e+05
1.239230000000000000e+05
1.239310000000000000e+05
1.239410000000000000e+05
1.239530000000000000e+05
1.239730000000000000e+05
1.239790000000000000e+05
1.239830000000000000e+05
1.239890000000000000e+05
1.239970000000000000e+05
1.240010000000000000e+05
1.240210000000000000e+05
1.240670000000000000e+05
1.240870000000000000e+05
1.240970000000000000e+05
1.241210000000000000e+05
1.241230000000000000e+05
1.241330000000000000e+05
1.241390000000000000e+05
1.241470000000000000e+05
1.241530000000000000e+05
1.241710000000000000e+05
1.241810000000000000e+05
1.241830000000000000e+05
1.241930000000000000e+05
1.241990000000000000e+05
1.242130000000000000e+05
1.242310000000000000e+05
1.242470000000000000e+05
1.242490000000000000e+05
1.242770000000000000e+05
1.242910000000000000e+05
1.242970000000000000e+05
1.243010000000000000e+05
1.243030000000000000e+05
1.243090000000000000e+05
1.243370000000000000e+05
1.243390000000000000e+05
1.243430000000000000e+05
1.243490000000000000e+05
1.243510000000000000e+05
1.243630000000000000e+05
1.243670000000000000e+05
1.244270000000000000e+05
1.244290000000000000e+05
1.244330000000000000e+05
1.244470000000000000e+05
1.244590000000000000e+05
1.244710000000000000e+05
1.244770000000000000e+05
1.244890000000000000e+05
1.244930000000000000e+05
1.245130000000000000e+05
1.245290000000000000e+05
1.245410000000000000e+05
1.245430000000000000e+05
1.245610000000000000e+05
1.245670000000000000e+05
1.245770000000000000e+05
