1.235159000000000000e+06
1.235167000000000000e+06
1.235177000000000000e+06
1.235183000000000000e+06
1.235191000000000000e+06
1.235239000000000000e+06
1.235243000000000000e+06
1.235249000000000000e+06
1.235251000000000000e+06
1.235263000000000000e+06
1.235281000000000000e+06
1.235287000000000000e+06
1.235303000000000000e+06
1.235309000000000000e+06
1.235321000000000000e+06
1.235327000000000000e+06
1.235363000000000000e+06
1.235369000000000000e+06
1.235383000000000000e+06
1.235389000000000000e+06
1.235417000000000000e+06
1.235419000000000000e+06
1.235431000000000000e+06
1.235447000000000000e+06
1.235449000000000000e+06
1.235459000000000000e+06
1.235473000000000000e+06
1.235477000000000000e+06
1.235497000000000000e+06
1.235501000000000000e+06
1.235503000000000000e+06
1.235539000000000000e+06
1.235569000000000000e+06
1.235573000000000000e+06
1.235593000000000000e+06
1.235651000000000000e+06
1.235653000000000000e+06
1.235659000000000000e+06
1.235669000000000000e+06
1.235701000000000000e+06
1.235711000000000000e+06
1.235761000000000000e+06
1.235789000000000000e+06
1.235791000000000000e+06
1.235803000000000000e+06
1.235807000000000000e+06
1.235821000000000000e+06
1.235831000000000000e+06
1.235833000000000000e+06
1.235867000000000000e+06
1.235879000000000000e+06
1.235887000000000000e+06
1.235891000000000000e+06
1.235909000000000000e+06
1.235929000000000000e+06
1.235933000000000000e+06
1.235947000000000000e+06
1.235977000000000000e+06
1.235981000000000000e+06
1.235987000000000000e+06
1.235999000000000000e+06
1.236017000000000000e+06
1.236073000000000000e+06
1.236077000000000000e+06
1.236161000000000000e+06
1.236163000000000000e+06
1.236173000000000000e+06
1.236203000000000000e+06
1.236211000000000000e+06
1.236229000000000000e+06
1.236233000000000000e+06
1.236239000000000000e+06
1.236259000000000000e+06
1.236307000000000000e+06
1.236317000000000000e+06
1.236329000000000000e+06
1.236337000000000000e+06
1.236383000000000000e+06
1.236397000000000000e+06
1.236419000000000000e+06
1.236439000000000000e+06
1.236449000000000000e+06
1.236467000000000000e+06
1.236479000000000000e+06
1.236481000000000000e+06
1.236491000000000000e+06
1.236517000000000000e+06
1.236527000000000000e+06
1.236533000000000000e+06
1.236541000000000000e+06
1.236553000000000000e+06
1.236583000000000000e+06
1.236611000000000000e+06
1.236623000000000000e+06
1.236629000000000000e+06
1.236643000000000000e+06
1.236659000000000000e+06
1.236661000000000000e+06
1.236667000000000000e+06
1.236701000000000000e+06
