1.239397000000000000e+06
1.239421000000000000e+06
1.239443000000000000e+06
1.239449000000000000e+06
1.239457000000000000e+06
1.239461000000000000e+06
1.239481000000000000e+06
1.239499000000000000e+06
1.239509000000000000e+06
1.239517000000000000e+06
1.239523000000000000e+06
1.239529000000000000e+06
1.239533000000000000e+06
1.239551000000000000e+06
1.239569000000000000e+06
1.239583000000000000e+06
1.239593000000000000e+06
1.239599000000000000e+06
1.239607000000000000e+06
1.239619000000000000e+06
1.239643000000000000e+06
1.239661000000000000e+06
1.239671000000000000e+06
1.239697000000000000e+06
1.239727000000000000e+06
1.239737000000000000e+06
1.239739000000000000e+06
1.239751000000000000e+06
1.239761000000000000e+06
1.239773000000000000e+06
1.239803000000000000e+06
1.239817000000000000e+06
1.239839000000000000e+06
1.239877000000000000e+06
1.239893000000000000e+06
1.239899000000000000e+06
1.239911000000000000e+06
1.239913000000000000e+06
1.239919000000000000e+06
1.239923000000000000e+06
1.239943000000000000e+06
1.239961000000000000e+06
1.239971000000000000e+06
1.239983000000000000e+06
1.239989000000000000e+06
1.240007000000000000e+06
1.240009000000000000e+06
1.240013000000000000e+06
1.240021000000000000e+06
1.240027000000000000e+06
1.240039000000000000e+06
1.240081000000000000e+06
1.240087000000000000e+06
1.240097000000000000e+06
1.240117000000000000e+06
1.240139000000000000e+06
1.240153000000000000e+06
1.240159000000000000e+06
1.240181000000000000e+06
1.240193000000000000e+06
1.240199000000000000e+06
1.240207000000000000e+06
1.240219000000000000e+06
1.240231000000000000e+06
1.240241000000000000e+06
1.240247000000000000e+06
1.240271000000000000e+06
1.240273000000000000e+06
1.240307000000000000e+06
1.240319000000000000e+06
1.240333000000000000e+06
1.240361000000000000e+06
1.240363000000000000e+06
1.240387000000000000e+06
1.240391000000000000e+06
1.240399000000000000e+06
1.240423000000000000e+06
1.240483000000000000e+06
1.240487000000000000e+06
1.240511000000000000e+06
1.240517000000000000e+06
1.240523000000000000e+06
1.240543000000000000e+06
1.240553000000000000e+06
1.240559000000000000e+06
1.240607000000000000e+06
1.240621000000000000e+06
1.240637000000000000e+06
1.240667000000000000e+06
1.240669000000000000e+06
1.240691000000000000e+06
1.240699000000000000e+06
1.240703000000000000e+06
1.240709000000000000e+06
1.240717000000000000e+06
1.240739000000000000e+06
1.240741000000000000e+06
1.240751000000000000e+06
1.240763000000000000e+06
1.240769000000000000e+06
