1.246429000000000000e+06
1.246433000000000000e+06
1.246451000000000000e+06
1.246459000000000000e+06
1.246471000000000000e+06
1.246477000000000000e+06
1.246481000000000000e+06
1.246489000000000000e+06
1.246499000000000000e+06
1.246501000000000000e+06
1.246513000000000000e+06
1.246517000000000000e+06
1.246529000000000000e+06
1.246537000000000000e+06
1.246543000000000000e+06
1.246561000000000000e+06
1.246573000000000000e+06
1.246579000000000000e+06
1.246589000000000000e+06
1.246591000000000000e+06
1.246601000000000000e+06
1.246631000000000000e+06
1.246639000000000000e+06
1.246667000000000000e+06
1.246673000000000000e+06
1.246697000000000000e+06
1.246703000000000000e+06
1.246711000000000000e+06
1.246733000000000000e+06
1.246747000000000000e+06
1.246757000000000000e+06
1.246781000000000000e+06
1.246823000000000000e+06
1.246829000000000000e+06
1.246841000000000000e+06
1.246867000000000000e+06
1.246879000000000000e+06
1.246891000000000000e+06
1.246907000000000000e+06
1.246919000000000000e+06
1.246943000000000000e+06
1.246961000000000000e+06
1.246963000000000000e+06
1.246997000000000000e+06
1.247009000000000000e+06
1.247017000000000000e+06
1.247033000000000000e+06
1.247053000000000000e+06
1.247063000000000000e+06
1.247089000000000000e+06
1.247101000000000000e+06
1.247107000000000000e+06
1.247117000000000000e+06
1.247119000000000000e+06
1.247167000000000000e+06
1.247177000000000000e+06
1.247189000000000000e+06
1.247209000000000000e+06
1.247231000000000000e+06
1.247243000000000000e+06
1.247263000000000000e+06
1.247269000000000000e+06
1.247291000000000000e+06
1.247297000000000000e+06
1.247303000000000000e+06
1.247317000000000000e+06
1.247321000000000000e+06
1.247327000000000000e+06
1.247329000000000000e+06
1.247371000000000000e+06
1.247383000000000000e+06
1.247401000000000000e+06
1.247417000000000000e+06
1.247419000000000000e+06
1.247429000000000000e+06
1.247447000000000000e+06
1.247453000000000000e+06
1.247459000000000000e+06
1.247479000000000000e+06
1.247501000000000000e+06
1.247509000000000000e+06
1.247527000000000000e+06
1.247549000000000000e+06
1.247557000000000000e+06
1.247563000000000000e+06
1.247569000000000000e+06
1.247581000000000000e+06
1.247591000000000000e+06
1.247599000000000000e+06
1.247611000000000000e+06
1.247621000000000000e+06
1.247627000000000000e+06
1.247641000000000000e+06
1.247651000000000000e+06
1.247663000000000000e+06
1.247693000000000000e+06
1.247699000000000000e+06
1.247737000000000000e+06
1.247759000000000000e+06
1.247761000000000000e+06
