1.247767000000000000e+06
1.247777000000000000e+06
1.247797000000000000e+06
1.247801000000000000e+06
1.247833000000000000e+06
1.247837000000000000e+06
1.247861000000000000e+06
1.247867000000000000e+06
1.247879000000000000e+06
1.247881000000000000e+06
1.247893000000000000e+06
1.247923000000000000e+06
1.247947000000000000e+06
1.247951000000000000e+06
1.247959000000000000e+06
1.247969000000000000e+06
1.248001000000000000e+06
1.248007000000000000e+06
1.248011000000000000e+06
1.248017000000000000e+06
1.248019000000000000e+06
1.248031000000000000e+06
1.248041000000000000e+06
1.248059000000000000e+06
1.248061000000000000e+06
1.248083000000000000e+06
1.248101000000000000e+06
1.248103000000000000e+06
1.248113000000000000e+06
1.248119000000000000e+06
1.248151000000000000e+06
1.248193000000000000e+06
1.248199000000000000e+06
1.248209000000000000e+06
1.248211000000000000e+06
1.248217000000000000e+06
1.248229000000000000e+06
1.248239000000000000e+06
1.248241000000000000e+06
1.248253000000000000e+06
1.248271000000000000e+06
1.248323000000000000e+06
1.248329000000000000e+06
1.248337000000000000e+06
1.248341000000000000e+06
1.248347000000000000e+06
1.248349000000000000e+06
1.248353000000000000e+06
1.248383000000000000e+06
1.248391000000000000e+06
1.248407000000000000e+06
1.248413000000000000e+06
1.248427000000000000e+06
1.248449000000000000e+06
1.248451000000000000e+06
1.248469000000000000e+06
1.248493000000000000e+06
1.248503000000000000e+06
1.248529000000000000e+06
1.248539000000000000e+06
1.248551000000000000e+06
1.248553000000000000e+06
1.248563000000000000e+06
1.248571000000000000e+06
1.248589000000000000e+06
1.248593000000000000e+06
1.248631000000000000e+06
1.248641000000000000e+06
1.248671000000000000e+06
1.248673000000000000e+06
1.248691000000000000e+06
1.248697000000000000e+06
1.248703000000000000e+06
1.248721000000000000e+06
1.248757000000000000e+06
1.248781000000000000e+06
1.248799000000000000e+06
1.248809000000000000e+06
1.248829000000000000e+06
1.248833000000000000e+06
1.248847000000000000e+06
1.248857000000000000e+06
1.248859000000000000e+06
1.248869000000000000e+06
1.248881000000000000e+06
1.248893000000000000e+06
1.248917000000000000e+06
1.248941000000000000e+06
1.248953000000000000e+06
1.248977000000000000e+06
1.248979000000000000e+06
1.248991000000000000e+06
1.249013000000000000e+06
1.249019000000000000e+06
1.249033000000000000e+06
1.249037000000000000e+06
1.249043000000000000e+06
1.249049000000000000e+06
1.249057000000000000e+06
1.249063000000000000e+06
