1.250453000000000000e+06
1.250461000000000000e+06
1.250471000000000000e+06
1.250479000000000000e+06
1.250497000000000000e+06
1.250507000000000000e+06
1.250519000000000000e+06
1.250521000000000000e+06
1.250527000000000000e+06
1.250551000000000000e+06
1.250593000000000000e+06
1.250609000000000000e+06
1.250611000000000000e+06
1.250629000000000000e+06
1.250647000000000000e+06
1.250653000000000000e+06
1.250677000000000000e+06
1.250701000000000000e+06
1.250737000000000000e+06
1.250749000000000000e+06
1.250761000000000000e+06
1.250771000000000000e+06
1.250773000000000000e+06
1.250779000000000000e+06
1.250783000000000000e+06
1.250801000000000000e+06
1.250813000000000000e+06
1.250831000000000000e+06
1.250839000000000000e+06
1.250863000000000000e+06
1.250867000000000000e+06
1.250917000000000000e+06
1.250923000000000000e+06
1.250929000000000000e+06
1.250939000000000000e+06
1.250969000000000000e+06
1.250971000000000000e+06
1.250981000000000000e+06
1.250983000000000000e+06
1.251011000000000000e+06
1.251037000000000000e+06
1.251043000000000000e+06
1.251053000000000000e+06
1.251071000000000000e+06
1.251083000000000000e+06
1.251097000000000000e+06
1.251101000000000000e+06
1.251109000000000000e+06
1.251121000000000000e+06
1.251157000000000000e+06
1.251161000000000000e+06
1.251179000000000000e+06
1.251227000000000000e+06
1.251247000000000000e+06
1.251259000000000000e+06
1.251287000000000000e+06
1.251301000000000000e+06
1.251307000000000000e+06
1.251317000000000000e+06
1.251323000000000000e+06
1.251329000000000000e+06
1.251409000000000000e+06
1.251427000000000000e+06
1.251431000000000000e+06
1.251433000000000000e+06
1.251461000000000000e+06
1.251463000000000000e+06
1.251527000000000000e+06
1.251529000000000000e+06
1.251533000000000000e+06
1.251571000000000000e+06
1.251577000000000000e+06
1.251581000000000000e+06
1.251583000000000000e+06
1.251641000000000000e+06
1.251661000000000000e+06
1.251667000000000000e+06
1.251671000000000000e+06
1.251697000000000000e+06
1.251703000000000000e+06
1.251707000000000000e+06
1.251713000000000000e+06
1.251721000000000000e+06
1.251743000000000000e+06
1.251787000000000000e+06
1.251791000000000000e+06
1.251797000000000000e+06
1.251827000000000000e+06
1.251841000000000000e+06
1.251851000000000000e+06
1.251857000000000000e+06
1.251869000000000000e+06
1.251871000000000000e+06
1.251881000000000000e+06
1.251907000000000000e+06
1.251911000000000000e+06
1.251919000000000000e+06
1.251923000000000000e+06
1.251937000000000000e+06
1.251947000000000000e+06
