1.251953000000000000e+06
1.251961000000000000e+06
1.251983000000000000e+06
1.252021000000000000e+06
1.252037000000000000e+06
1.252049000000000000e+06
1.252057000000000000e+06
1.252063000000000000e+06
1.252073000000000000e+06
1.252079000000000000e+06
1.252103000000000000e+06
1.252109000000000000e+06
1.252123000000000000e+06
1.252129000000000000e+06
1.252151000000000000e+06
1.252159000000000000e+06
1.252177000000000000e+06
1.252187000000000000e+06
1.252193000000000000e+06
1.252201000000000000e+06
1.252211000000000000e+06
1.252217000000000000e+06
1.252219000000000000e+06
1.252247000000000000e+06
1.252259000000000000e+06
1.252267000000000000e+06
1.252283000000000000e+06
1.252331000000000000e+06
1.252343000000000000e+06
1.252357000000000000e+06
1.252399000000000000e+06
1.252403000000000000e+06
1.252411000000000000e+06
1.252421000000000000e+06
1.252429000000000000e+06
1.252439000000000000e+06
1.252451000000000000e+06
1.252457000000000000e+06
1.252469000000000000e+06
1.252483000000000000e+06
1.252507000000000000e+06
1.252523000000000000e+06
1.252579000000000000e+06
1.252609000000000000e+06
1.252631000000000000e+06
1.252639000000000000e+06
1.252661000000000000e+06
1.252663000000000000e+06
1.252681000000000000e+06
1.252711000000000000e+06
1.252717000000000000e+06
1.252721000000000000e+06
1.252729000000000000e+06
1.252739000000000000e+06
1.252751000000000000e+06
1.252777000000000000e+06
1.252799000000000000e+06
1.252817000000000000e+06
1.252819000000000000e+06
1.252843000000000000e+06
1.252873000000000000e+06
1.252877000000000000e+06
1.252897000000000000e+06
1.252903000000000000e+06
1.252913000000000000e+06
1.252921000000000000e+06
1.252943000000000000e+06
1.252957000000000000e+06
1.252963000000000000e+06
1.252987000000000000e+06
1.252991000000000000e+06
1.252997000000000000e+06
1.253011000000000000e+06
1.253023000000000000e+06
1.253027000000000000e+06
1.253047000000000000e+06
1.253059000000000000e+06
1.253071000000000000e+06
1.253089000000000000e+06
1.253093000000000000e+06
1.253099000000000000e+06
1.253111000000000000e+06
1.253137000000000000e+06
1.253167000000000000e+06
1.253171000000000000e+06
1.253249000000000000e+06
1.253251000000000000e+06
1.253261000000000000e+06
1.253279000000000000e+06
1.253323000000000000e+06
1.253327000000000000e+06
1.253333000000000000e+06
1.253347000000000000e+06
1.253377000000000000e+06
1.253381000000000000e+06
1.253401000000000000e+06
1.253437000000000000e+06
1.253453000000000000e+06
1.253471000000000000e+06
1.253479000000000000e+06
