1.253513000000000000e+06
1.253519000000000000e+06
1.253521000000000000e+06
1.253557000000000000e+06
1.253587000000000000e+06
1.253591000000000000e+06
1.253599000000000000e+06
1.253621000000000000e+06
1.253627000000000000e+06
1.253683000000000000e+06
1.253689000000000000e+06
1.253701000000000000e+06
1.253717000000000000e+06
1.253723000000000000e+06
1.253729000000000000e+06
1.253737000000000000e+06
1.253741000000000000e+06
1.253761000000000000e+06
1.253783000000000000e+06
1.253803000000000000e+06
1.253831000000000000e+06
1.253839000000000000e+06
1.253849000000000000e+06
1.253851000000000000e+06
1.253887000000000000e+06
1.253897000000000000e+06
1.253909000000000000e+06
1.253911000000000000e+06
1.253947000000000000e+06
1.253951000000000000e+06
1.253953000000000000e+06
1.253963000000000000e+06
1.253969000000000000e+06
1.253999000000000000e+06
1.254013000000000000e+06
1.254017000000000000e+06
1.254023000000000000e+06
1.254031000000000000e+06
1.254037000000000000e+06
1.254049000000000000e+06
1.254053000000000000e+06
1.254059000000000000e+06
1.254061000000000000e+06
1.254079000000000000e+06
1.254091000000000000e+06
1.254109000000000000e+06
1.254119000000000000e+06
1.254131000000000000e+06
1.254137000000000000e+06
1.254151000000000000e+06
1.254157000000000000e+06
1.254161000000000000e+06
1.254179000000000000e+06
1.254193000000000000e+06
1.254203000000000000e+06
1.254217000000000000e+06
1.254241000000000000e+06
1.254251000000000000e+06
1.254257000000000000e+06
1.254269000000000000e+06
1.254293000000000000e+06
1.254301000000000000e+06
1.254317000000000000e+06
1.254329000000000000e+06
1.254367000000000000e+06
1.254371000000000000e+06
1.254373000000000000e+06
1.254377000000000000e+06
1.254427000000000000e+06
1.254433000000000000e+06
1.254467000000000000e+06
1.254469000000000000e+06
1.254479000000000000e+06
1.254497000000000000e+06
1.254503000000000000e+06
1.254523000000000000e+06
1.254527000000000000e+06
1.254529000000000000e+06
1.254541000000000000e+06
1.254553000000000000e+06
1.254557000000000000e+06
1.254577000000000000e+06
1.254593000000000000e+06
1.254607000000000000e+06
1.254613000000000000e+06
1.254619000000000000e+06
1.254623000000000000e+06
1.254637000000000000e+06
1.254647000000000000e+06
1.254653000000000000e+06
1.254661000000000000e+06
1.254667000000000000e+06
1.254683000000000000e+06
1.254689000000000000e+06
1.254731000000000000e+06
1.254733000000000000e+06
1.254739000000000000e+06
1.254751000000000000e+06
1.254761000000000000e+06
1.254767000000000000e+06
