1.254791000000000000e+06
1.254793000000000000e+06
1.254823000000000000e+06
1.254833000000000000e+06
1.254839000000000000e+06
1.254863000000000000e+06
1.254899000000000000e+06
1.254907000000000000e+06
1.254941000000000000e+06
1.254959000000000000e+06
1.254971000000000000e+06
1.254983000000000000e+06
1.254997000000000000e+06
1.255013000000000000e+06
1.255021000000000000e+06
1.255039000000000000e+06
1.255049000000000000e+06
1.255063000000000000e+06
1.255069000000000000e+06
1.255081000000000000e+06
1.255103000000000000e+06
1.255109000000000000e+06
1.255117000000000000e+06
1.255123000000000000e+06
1.255129000000000000e+06
1.255139000000000000e+06
1.255147000000000000e+06
1.255153000000000000e+06
1.255157000000000000e+06
1.255169000000000000e+06
1.255181000000000000e+06
1.255183000000000000e+06
1.255187000000000000e+06
1.255201000000000000e+06
1.255211000000000000e+06
1.255237000000000000e+06
1.255249000000000000e+06
1.255253000000000000e+06
1.255259000000000000e+06
1.255279000000000000e+06
1.255301000000000000e+06
1.255307000000000000e+06
1.255313000000000000e+06
1.255321000000000000e+06
1.255333000000000000e+06
1.255337000000000000e+06
1.255357000000000000e+06
1.255361000000000000e+06
1.255367000000000000e+06
1.255391000000000000e+06
1.255393000000000000e+06
1.255421000000000000e+06
1.255427000000000000e+06
1.255451000000000000e+06
1.255453000000000000e+06
1.255477000000000000e+06
1.255519000000000000e+06
1.255549000000000000e+06
1.255559000000000000e+06
1.255567000000000000e+06
1.255591000000000000e+06
1.255601000000000000e+06
1.255609000000000000e+06
1.255619000000000000e+06
1.255633000000000000e+06
1.255651000000000000e+06
1.255663000000000000e+06
1.255679000000000000e+06
1.255687000000000000e+06
1.255693000000000000e+06
1.255721000000000000e+06
1.255747000000000000e+06
1.255757000000000000e+06
1.255759000000000000e+06
1.255799000000000000e+06
1.255801000000000000e+06
1.255811000000000000e+06
1.255829000000000000e+06
1.255831000000000000e+06
1.255847000000000000e+06
1.255861000000000000e+06
1.255907000000000000e+06
1.255913000000000000e+06
1.255927000000000000e+06
1.255931000000000000e+06
1.255939000000000000e+06
1.255949000000000000e+06
1.255963000000000000e+06
1.255967000000000000e+06
1.255993000000000000e+06
1.255997000000000000e+06
1.256009000000000000e+06
1.256023000000000000e+06
1.256029000000000000e+06
1.256041000000000000e+06
1.256063000000000000e+06
1.256107000000000000e+06
1.256149000000000000e+06
1.256161000000000000e+06
1.256197000000000000e+06
