1.257530000000000000e+05
1.257770000000000000e+05
1.257890000000000000e+05
1.257910000000000000e+05
1.258030000000000000e+05
1.258130000000000000e+05
1.258210000000000000e+05
1.258630000000000000e+05
1.258870000000000000e+05
1.258970000000000000e+05
1.258990000000000000e+05
1.259210000000000000e+05
1.259270000000000000e+05
1.259290000000000000e+05
1.259330000000000000e+05
1.259410000000000000e+05
1.259590000000000000e+05
1.259630000000000000e+05
1.260010000000000000e+05
1.260110000000000000e+05
1.260130000000000000e+05
1.260190000000000000e+05
1.260230000000000000e+05
1.260310000000000000e+05
1.260370000000000000e+05
1.260410000000000000e+05
1.260470000000000000e+05
1.260670000000000000e+05
1.260790000000000000e+05
1.260970000000000000e+05
1.261070000000000000e+05
1.261270000000000000e+05
1.261310000000000000e+05
1.261430000000000000e+05
1.261510000000000000e+05
1.261730000000000000e+05
1.261990000000000000e+05
1.262110000000000000e+05
1.262230000000000000e+05
1.262270000000000000e+05
1.262290000000000000e+05
1.262330000000000000e+05
1.262410000000000000e+05
1.262570000000000000e+05
1.262710000000000000e+05
1.263070000000000000e+05
1.263110000000000000e+05
1.263170000000000000e+05
1.263230000000000000e+05
1.263370000000000000e+05
1.263410000000000000e+05
1.263490000000000000e+05
1.263590000000000000e+05
1.263970000000000000e+05
1.264210000000000000e+05
1.264330000000000000e+05
1.264430000000000000e+05
1.264570000000000000e+05
1.264610000000000000e+05
1.264730000000000000e+05
1.264810000000000000e+05
1.264870000000000000e+05
1.264910000000000000e+05
1.264930000000000000e+05
1.264990000000000000e+05
1.265170000000000000e+05
1.265410000000000000e+05
1.265470000000000000e+05
1.265510000000000000e+05
1.265830000000000000e+05
1.266010000000000000e+05
1.266110000000000000e+05
1.266130000000000000e+05
1.266310000000000000e+05
1.266410000000000000e+05
1.266530000000000000e+05
1.266830000000000000e+05
1.266910000000000000e+05
1.267030000000000000e+05
1.267130000000000000e+05
1.267190000000000000e+05
1.267330000000000000e+05
1.267390000000000000e+05
1.267430000000000000e+05
1.267510000000000000e+05
1.267570000000000000e+05
1.267610000000000000e+05
1.267810000000000000e+05
1.268230000000000000e+05
1.268270000000000000e+05
1.268390000000000000e+05
1.268510000000000000e+05
1.268570000000000000e+05
1.268590000000000000e+05
1.269130000000000000e+05
1.269230000000000000e+05
1.269430000000000000e+05
1.269490000000000000e+05
1.269610000000000000e+05
1.269670000000000000e+05
