1.257521000000000000e+06
1.257547000000000000e+06
1.257559000000000000e+06
1.257563000000000000e+06
1.257569000000000000e+06
1.257587000000000000e+06
1.257589000000000000e+06
1.257611000000000000e+06
1.257647000000000000e+06
1.257653000000000000e+06
1.257689000000000000e+06
1.257691000000000000e+06
1.257713000000000000e+06
1.257719000000000000e+06
1.257721000000000000e+06
1.257749000000000000e+06
1.257787000000000000e+06
1.257827000000000000e+06
1.257829000000000000e+06
1.257853000000000000e+06
1.257859000000000000e+06
1.257869000000000000e+06
1.257877000000000000e+06
1.257911000000000000e+06
1.257931000000000000e+06
1.257953000000000000e+06
1.257959000000000000e+06
1.257961000000000000e+06
1.257973000000000000e+06
1.257989000000000000e+06
1.258001000000000000e+06
1.258013000000000000e+06
1.258027000000000000e+06
1.258039000000000000e+06
1.258079000000000000e+06
1.258087000000000000e+06
1.258097000000000000e+06
1.258099000000000000e+06
1.258109000000000000e+06
1.258133000000000000e+06
1.258139000000000000e+06
1.258141000000000000e+06
1.258151000000000000e+06
1.258163000000000000e+06
1.258171000000000000e+06
1.258177000000000000e+06
1.258181000000000000e+06
1.258183000000000000e+06
1.258207000000000000e+06
1.258211000000000000e+06
1.258217000000000000e+06
1.258219000000000000e+06
1.258241000000000000e+06
1.258267000000000000e+06
1.258291000000000000e+06
1.258297000000000000e+06
1.258303000000000000e+06
1.258319000000000000e+06
1.258337000000000000e+06
1.258343000000000000e+06
1.258349000000000000e+06
1.258373000000000000e+06
1.258403000000000000e+06
1.258409000000000000e+06
1.258417000000000000e+06
1.258421000000000000e+06
1.258423000000000000e+06
1.258429000000000000e+06
1.258441000000000000e+06
1.258451000000000000e+06
1.258457000000000000e+06
1.258469000000000000e+06
1.258471000000000000e+06
1.258483000000000000e+06
1.258487000000000000e+06
1.258511000000000000e+06
1.258531000000000000e+06
1.258559000000000000e+06
1.258589000000000000e+06
1.258597000000000000e+06
1.258601000000000000e+06
1.258627000000000000e+06
1.258637000000000000e+06
1.258639000000000000e+06
1.258643000000000000e+06
1.258657000000000000e+06
1.258661000000000000e+06
1.258667000000000000e+06
1.258681000000000000e+06
1.258709000000000000e+06
1.258711000000000000e+06
1.258717000000000000e+06
1.258723000000000000e+06
1.258753000000000000e+06
1.258771000000000000e+06
1.258781000000000000e+06
1.258783000000000000e+06
1.258787000000000000e+06
1.258811000000000000e+06
1.258819000000000000e+06
