1.258837000000000000e+06
1.258847000000000000e+06
1.258871000000000000e+06
1.258877000000000000e+06
1.258889000000000000e+06
1.258903000000000000e+06
1.258927000000000000e+06
1.258931000000000000e+06
1.258937000000000000e+06
1.258967000000000000e+06
1.258973000000000000e+06
1.258993000000000000e+06
1.259017000000000000e+06
1.259029000000000000e+06
1.259033000000000000e+06
1.259039000000000000e+06
1.259047000000000000e+06
1.259051000000000000e+06
1.259053000000000000e+06
1.259057000000000000e+06
1.259077000000000000e+06
1.259081000000000000e+06
1.259087000000000000e+06
1.259099000000000000e+06
1.259107000000000000e+06
1.259113000000000000e+06
1.259123000000000000e+06
1.259129000000000000e+06
1.259143000000000000e+06
1.259171000000000000e+06
1.259179000000000000e+06
1.259191000000000000e+06
1.259213000000000000e+06
1.259231000000000000e+06
1.259243000000000000e+06
1.259249000000000000e+06
1.259287000000000000e+06
1.259299000000000000e+06
1.259317000000000000e+06
1.259329000000000000e+06
1.259371000000000000e+06
1.259389000000000000e+06
1.259393000000000000e+06
1.259413000000000000e+06
1.259429000000000000e+06
1.259477000000000000e+06
1.259509000000000000e+06
1.259527000000000000e+06
1.259537000000000000e+06
1.259539000000000000e+06
1.259543000000000000e+06
1.259551000000000000e+06
1.259563000000000000e+06
1.259569000000000000e+06
1.259593000000000000e+06
1.259603000000000000e+06
1.259627000000000000e+06
1.259639000000000000e+06
1.259653000000000000e+06
1.259659000000000000e+06
1.259663000000000000e+06
1.259669000000000000e+06
1.259677000000000000e+06
1.259689000000000000e+06
1.259701000000000000e+06
1.259737000000000000e+06
1.259743000000000000e+06
1.259749000000000000e+06
1.259759000000000000e+06
1.259767000000000000e+06
1.259777000000000000e+06
1.259803000000000000e+06
1.259821000000000000e+06
1.259851000000000000e+06
1.259873000000000000e+06
1.259899000000000000e+06
1.259903000000000000e+06
1.259927000000000000e+06
1.259939000000000000e+06
1.259953000000000000e+06
1.259977000000000000e+06
1.259983000000000000e+06
1.260011000000000000e+06
1.260019000000000000e+06
1.260031000000000000e+06
1.260047000000000000e+06
1.260059000000000000e+06
1.260067000000000000e+06
1.260113000000000000e+06
1.260121000000000000e+06
1.260131000000000000e+06
1.260143000000000000e+06
1.260157000000000000e+06
1.260163000000000000e+06
1.260167000000000000e+06
1.260169000000000000e+06
1.260191000000000000e+06
1.260223000000000000e+06
1.260269000000000000e+06
1.260277000000000000e+06
