1.260283000000000000e+06
1.260293000000000000e+06
1.260317000000000000e+06
1.260319000000000000e+06
1.260323000000000000e+06
1.260341000000000000e+06
1.260359000000000000e+06
1.260361000000000000e+06
1.260383000000000000e+06
1.260401000000000000e+06
1.260419000000000000e+06
1.260437000000000000e+06
1.260439000000000000e+06
1.260461000000000000e+06
1.260473000000000000e+06
1.260481000000000000e+06
1.260487000000000000e+06
1.260509000000000000e+06
1.260541000000000000e+06
1.260547000000000000e+06
1.260551000000000000e+06
1.260569000000000000e+06
1.260577000000000000e+06
1.260583000000000000e+06
1.260599000000000000e+06
1.260629000000000000e+06
1.260641000000000000e+06
1.260643000000000000e+06
1.260661000000000000e+06
1.260673000000000000e+06
1.260691000000000000e+06
1.260713000000000000e+06
1.260719000000000000e+06
1.260731000000000000e+06
1.260733000000000000e+06
1.260751000000000000e+06
1.260757000000000000e+06
1.260767000000000000e+06
1.260769000000000000e+06
1.260797000000000000e+06
1.260799000000000000e+06
1.260827000000000000e+06
1.260829000000000000e+06
1.260841000000000000e+06
1.260851000000000000e+06
1.260877000000000000e+06
1.260881000000000000e+06
1.260887000000000000e+06
1.260893000000000000e+06
1.260899000000000000e+06
1.260901000000000000e+06
1.260911000000000000e+06
1.260971000000000000e+06
1.260979000000000000e+06
1.260989000000000000e+06
1.260991000000000000e+06
1.261033000000000000e+06
1.261069000000000000e+06
1.261079000000000000e+06
1.261081000000000000e+06
1.261109000000000000e+06
1.261121000000000000e+06
1.261133000000000000e+06
1.261157000000000000e+06
1.261171000000000000e+06
1.261177000000000000e+06
1.261199000000000000e+06
1.261217000000000000e+06
1.261223000000000000e+06
1.261259000000000000e+06
1.261261000000000000e+06
1.261279000000000000e+06
1.261289000000000000e+06
1.261301000000000000e+06
1.261313000000000000e+06
1.261321000000000000e+06
1.261327000000000000e+06
1.261333000000000000e+06
1.261357000000000000e+06
1.261363000000000000e+06
1.261373000000000000e+06
1.261387000000000000e+06
1.261411000000000000e+06
1.261427000000000000e+06
1.261459000000000000e+06
1.261487000000000000e+06
1.261489000000000000e+06
1.261523000000000000e+06
1.261531000000000000e+06
1.261549000000000000e+06
1.261567000000000000e+06
1.261571000000000000e+06
1.261627000000000000e+06
1.261639000000000000e+06
1.261643000000000000e+06
1.261649000000000000e+06
1.261697000000000000e+06
1.261699000000000000e+06
1.261717000000000000e+06
1.261721000000000000e+06
