1.261739000000000000e+06
1.261747000000000000e+06
1.261759000000000000e+06
1.261763000000000000e+06
1.261769000000000000e+06
1.261789000000000000e+06
1.261801000000000000e+06
1.261823000000000000e+06
1.261829000000000000e+06
1.261831000000000000e+06
1.261837000000000000e+06
1.261861000000000000e+06
1.261889000000000000e+06
1.261891000000000000e+06
1.261901000000000000e+06
1.261913000000000000e+06
1.261933000000000000e+06
1.261943000000000000e+06
1.261963000000000000e+06
1.261969000000000000e+06
1.261973000000000000e+06
1.262011000000000000e+06
1.262017000000000000e+06
1.262057000000000000e+06
1.262071000000000000e+06
1.262081000000000000e+06
1.262083000000000000e+06
1.262087000000000000e+06
1.262099000000000000e+06
1.262101000000000000e+06
1.262119000000000000e+06
1.262143000000000000e+06
1.262147000000000000e+06
1.262203000000000000e+06
1.262207000000000000e+06
1.262221000000000000e+06
1.262231000000000000e+06
1.262237000000000000e+06
1.262269000000000000e+06
1.262281000000000000e+06
1.262291000000000000e+06
1.262293000000000000e+06
1.262299000000000000e+06
1.262311000000000000e+06
1.262321000000000000e+06
1.262363000000000000e+06
1.262377000000000000e+06
1.262411000000000000e+06
1.262419000000000000e+06
1.262441000000000000e+06
1.262453000000000000e+06
1.262461000000000000e+06
1.262479000000000000e+06
1.262483000000000000e+06
1.262491000000000000e+06
1.262509000000000000e+06
1.262519000000000000e+06
1.262543000000000000e+06
1.262557000000000000e+06
1.262563000000000000e+06
1.262581000000000000e+06
1.262587000000000000e+06
1.262617000000000000e+06
1.262621000000000000e+06
1.262623000000000000e+06
1.262629000000000000e+06
1.262633000000000000e+06
1.262669000000000000e+06
1.262671000000000000e+06
1.262693000000000000e+06
1.262711000000000000e+06
1.262713000000000000e+06
1.262717000000000000e+06
1.262731000000000000e+06
1.262741000000000000e+06
1.262753000000000000e+06
1.262771000000000000e+06
1.262783000000000000e+06
1.262819000000000000e+06
1.262839000000000000e+06
1.262851000000000000e+06
1.262869000000000000e+06
1.262881000000000000e+06
1.262887000000000000e+06
1.262893000000000000e+06
1.262897000000000000e+06
1.262903000000000000e+06
1.262917000000000000e+06
1.262927000000000000e+06
1.262929000000000000e+06
1.262939000000000000e+06
1.262941000000000000e+06
1.262957000000000000e+06
1.263007000000000000e+06
1.263047000000000000e+06
1.263071000000000000e+06
1.263077000000000000e+06
1.263079000000000000e+06
1.263103000000000000e+06
1.263107000000000000e+06
