1.263109000000000000e+06
1.263113000000000000e+06
1.263121000000000000e+06
1.263133000000000000e+06
1.263173000000000000e+06
1.263179000000000000e+06
1.263181000000000000e+06
1.263187000000000000e+06
1.263191000000000000e+06
1.263193000000000000e+06
1.263209000000000000e+06
1.263239000000000000e+06
1.263247000000000000e+06
1.263259000000000000e+06
1.263263000000000000e+06
1.263299000000000000e+06
1.263307000000000000e+06
1.263319000000000000e+06
1.263323000000000000e+06
1.263331000000000000e+06
1.263337000000000000e+06
1.263341000000000000e+06
1.263347000000000000e+06
1.263373000000000000e+06
1.263377000000000000e+06
1.263391000000000000e+06
1.263403000000000000e+06
1.263461000000000000e+06
1.263463000000000000e+06
1.263473000000000000e+06
1.263487000000000000e+06
1.263499000000000000e+06
1.263503000000000000e+06
1.263511000000000000e+06
1.263539000000000000e+06
1.263541000000000000e+06
1.263547000000000000e+06
1.263569000000000000e+06
1.263583000000000000e+06
1.263599000000000000e+06
1.263607000000000000e+06
1.263629000000000000e+06
1.263631000000000000e+06
1.263659000000000000e+06
1.263667000000000000e+06
1.263677000000000000e+06
1.263697000000000000e+06
1.263701000000000000e+06
1.263751000000000000e+06
1.263761000000000000e+06
1.263767000000000000e+06
1.263793000000000000e+06
1.263799000000000000e+06
1.263803000000000000e+06
1.263817000000000000e+06
1.263853000000000000e+06
1.263863000000000000e+06
1.263887000000000000e+06
1.263917000000000000e+06
1.263929000000000000e+06
1.263931000000000000e+06
1.263943000000000000e+06
1.263947000000000000e+06
1.263949000000000000e+06
1.263953000000000000e+06
1.263961000000000000e+06
1.263973000000000000e+06
1.263979000000000000e+06
1.264009000000000000e+06
1.264027000000000000e+06
1.264033000000000000e+06
1.264037000000000000e+06
1.264049000000000000e+06
1.264061000000000000e+06
1.264063000000000000e+06
1.264129000000000000e+06
1.264177000000000000e+06
1.264189000000000000e+06
1.264199000000000000e+06
1.264213000000000000e+06
1.264231000000000000e+06
1.264259000000000000e+06
1.264261000000000000e+06
1.264267000000000000e+06
1.264271000000000000e+06
1.264301000000000000e+06
1.264303000000000000e+06
1.264331000000000000e+06
1.264337000000000000e+06
1.264363000000000000e+06
1.264387000000000000e+06
1.264411000000000000e+06
1.264447000000000000e+06
1.264451000000000000e+06
1.264499000000000000e+06
1.264537000000000000e+06
1.264541000000000000e+06
1.264559000000000000e+06
1.264561000000000000e+06
1.264573000000000000e+06
