1.265867000000000000e+06
1.265899000000000000e+06
1.265903000000000000e+06
1.265909000000000000e+06
1.265911000000000000e+06
1.265921000000000000e+06
1.265923000000000000e+06
1.265941000000000000e+06
1.265959000000000000e+06
1.265969000000000000e+06
1.265977000000000000e+06
1.265981000000000000e+06
1.265987000000000000e+06
1.265993000000000000e+06
1.266019000000000000e+06
1.266043000000000000e+06
1.266047000000000000e+06
1.266059000000000000e+06
1.266073000000000000e+06
1.266077000000000000e+06
1.266079000000000000e+06
1.266091000000000000e+06
1.266101000000000000e+06
1.266107000000000000e+06
1.266113000000000000e+06
1.266149000000000000e+06
1.266157000000000000e+06
1.266163000000000000e+06
1.266191000000000000e+06
1.266197000000000000e+06
1.266229000000000000e+06
1.266241000000000000e+06
1.266247000000000000e+06
1.266259000000000000e+06
1.266263000000000000e+06
1.266269000000000000e+06
1.266271000000000000e+06
1.266277000000000000e+06
1.266281000000000000e+06
1.266301000000000000e+06
1.266323000000000000e+06
1.266337000000000000e+06
1.266341000000000000e+06
1.266359000000000000e+06
1.266371000000000000e+06
1.266373000000000000e+06
1.266379000000000000e+06
1.266389000000000000e+06
1.266409000000000000e+06
1.266413000000000000e+06
1.266431000000000000e+06
1.266451000000000000e+06
1.266469000000000000e+06
1.266487000000000000e+06
1.266491000000000000e+06
1.266493000000000000e+06
1.266511000000000000e+06
1.266523000000000000e+06
1.266527000000000000e+06
1.266539000000000000e+06
1.266557000000000000e+06
1.266563000000000000e+06
1.266583000000000000e+06
1.266589000000000000e+06
1.266593000000000000e+06
1.266611000000000000e+06
1.266631000000000000e+06
1.266677000000000000e+06
1.266719000000000000e+06
1.266731000000000000e+06
1.266743000000000000e+06
1.266751000000000000e+06
1.266757000000000000e+06
1.266761000000000000e+06
1.266763000000000000e+06
1.266767000000000000e+06
1.266779000000000000e+06
1.266781000000000000e+06
1.266799000000000000e+06
1.266841000000000000e+06
1.266847000000000000e+06
1.266851000000000000e+06
1.266869000000000000e+06
1.266883000000000000e+06
1.266893000000000000e+06
1.266899000000000000e+06
1.266913000000000000e+06
1.266919000000000000e+06
1.266929000000000000e+06
1.266931000000000000e+06
1.266943000000000000e+06
1.266949000000000000e+06
1.266953000000000000e+06
1.267009000000000000e+06
1.267043000000000000e+06
1.267051000000000000e+06
1.267067000000000000e+06
1.267103000000000000e+06
1.267109000000000000e+06
1.267117000000000000e+06
