1.268593000000000000e+06
1.268599000000000000e+06
1.268621000000000000e+06
1.268623000000000000e+06
1.268627000000000000e+06
1.268633000000000000e+06
1.268669000000000000e+06
1.268681000000000000e+06
1.268713000000000000e+06
1.268731000000000000e+06
1.268741000000000000e+06
1.268747000000000000e+06
1.268753000000000000e+06
1.268759000000000000e+06
1.268777000000000000e+06
1.268783000000000000e+06
1.268789000000000000e+06
1.268791000000000000e+06
1.268797000000000000e+06
1.268803000000000000e+06
1.268807000000000000e+06
1.268843000000000000e+06
1.268849000000000000e+06
1.268867000000000000e+06
1.268881000000000000e+06
1.268899000000000000e+06
1.268921000000000000e+06
1.268929000000000000e+06
1.268947000000000000e+06
1.268963000000000000e+06
1.269001000000000000e+06
1.269007000000000000e+06
1.269013000000000000e+06
1.269017000000000000e+06
1.269041000000000000e+06
1.269043000000000000e+06
1.269049000000000000e+06
1.269061000000000000e+06
1.269077000000000000e+06
1.269091000000000000e+06
1.269113000000000000e+06
1.269119000000000000e+06
1.269131000000000000e+06
1.269167000000000000e+06
1.269173000000000000e+06
1.269179000000000000e+06
1.269187000000000000e+06
1.269193000000000000e+06
1.269197000000000000e+06
1.269221000000000000e+06
1.269223000000000000e+06
1.269239000000000000e+06
1.269241000000000000e+06
1.269253000000000000e+06
1.269263000000000000e+06
1.269283000000000000e+06
1.269287000000000000e+06
1.269299000000000000e+06
1.269311000000000000e+06
1.269337000000000000e+06
1.269343000000000000e+06
1.269377000000000000e+06
1.269379000000000000e+06
1.269383000000000000e+06
1.269391000000000000e+06
1.269413000000000000e+06
1.269427000000000000e+06
1.269461000000000000e+06
1.269467000000000000e+06
1.269493000000000000e+06
1.269497000000000000e+06
1.269529000000000000e+06
1.269547000000000000e+06
1.269559000000000000e+06
1.269563000000000000e+06
1.269571000000000000e+06
1.269589000000000000e+06
1.269601000000000000e+06
1.269641000000000000e+06
1.269643000000000000e+06
1.269683000000000000e+06
1.269691000000000000e+06
1.269703000000000000e+06
1.269731000000000000e+06
1.269733000000000000e+06
1.269743000000000000e+06
1.269757000000000000e+06
1.269797000000000000e+06
1.269847000000000000e+06
1.269859000000000000e+06
1.269869000000000000e+06
1.269871000000000000e+06
1.269901000000000000e+06
1.269907000000000000e+06
1.269911000000000000e+06
1.269923000000000000e+06
1.269929000000000000e+06
1.269937000000000000e+06
1.269953000000000000e+06
1.269971000000000000e+06
