1.272653000000000000e+06
1.272673000000000000e+06
1.272679000000000000e+06
1.272749000000000000e+06
1.272811000000000000e+06
1.272827000000000000e+06
1.272833000000000000e+06
1.272847000000000000e+06
1.272851000000000000e+06
1.272857000000000000e+06
1.272863000000000000e+06
1.272881000000000000e+06
1.272883000000000000e+06
1.272893000000000000e+06
1.272899000000000000e+06
1.272913000000000000e+06
1.272917000000000000e+06
1.272919000000000000e+06
1.272937000000000000e+06
1.272941000000000000e+06
1.272961000000000000e+06
1.272983000000000000e+06
1.272989000000000000e+06
1.272991000000000000e+06
1.273001000000000000e+06
1.273021000000000000e+06
1.273033000000000000e+06
1.273037000000000000e+06
1.273039000000000000e+06
1.273087000000000000e+06
1.273099000000000000e+06
1.273109000000000000e+06
1.273117000000000000e+06
1.273121000000000000e+06
1.273127000000000000e+06
1.273157000000000000e+06
1.273159000000000000e+06
1.273199000000000000e+06
1.273213000000000000e+06
1.273231000000000000e+06
1.273241000000000000e+06
1.273267000000000000e+06
1.273289000000000000e+06
1.273291000000000000e+06
1.273301000000000000e+06
1.273309000000000000e+06
1.273313000000000000e+06
1.273331000000000000e+06
1.273333000000000000e+06
1.273343000000000000e+06
1.273367000000000000e+06
1.273381000000000000e+06
1.273403000000000000e+06
1.273409000000000000e+06
1.273411000000000000e+06
1.273417000000000000e+06
1.273421000000000000e+06
1.273423000000000000e+06
1.273457000000000000e+06
1.273463000000000000e+06
1.273471000000000000e+06
1.273483000000000000e+06
1.273499000000000000e+06
1.273507000000000000e+06
1.273541000000000000e+06
1.273543000000000000e+06
1.273549000000000000e+06
1.273561000000000000e+06
1.273567000000000000e+06
1.273609000000000000e+06
1.273637000000000000e+06
1.273639000000000000e+06
1.273663000000000000e+06
1.273673000000000000e+06
1.273681000000000000e+06
1.273687000000000000e+06
1.273693000000000000e+06
1.273721000000000000e+06
1.273729000000000000e+06
1.273733000000000000e+06
1.273739000000000000e+06
1.273757000000000000e+06
1.273771000000000000e+06
1.273781000000000000e+06
1.273787000000000000e+06
1.273823000000000000e+06
1.273843000000000000e+06
1.273879000000000000e+06
1.273889000000000000e+06
1.273891000000000000e+06
1.273903000000000000e+06
1.273907000000000000e+06
1.273919000000000000e+06
1.273933000000000000e+06
1.273939000000000000e+06
1.273957000000000000e+06
1.273981000000000000e+06
1.274011000000000000e+06
1.274017000000000000e+06
1.274041000000000000e+06
