1.274051000000000000e+06
1.274071000000000000e+06
1.274087000000000000e+06
1.274089000000000000e+06
1.274111000000000000e+06
1.274113000000000000e+06
1.274129000000000000e+06
1.274137000000000000e+06
1.274149000000000000e+06
1.274183000000000000e+06
1.274209000000000000e+06
1.274227000000000000e+06
1.274249000000000000e+06
1.274267000000000000e+06
1.274291000000000000e+06
1.274293000000000000e+06
1.274297000000000000e+06
1.274309000000000000e+06
1.274323000000000000e+06
1.274333000000000000e+06
1.274353000000000000e+06
1.274363000000000000e+06
1.274381000000000000e+06
1.274389000000000000e+06
1.274401000000000000e+06
1.274411000000000000e+06
1.274423000000000000e+06
1.274437000000000000e+06
1.274461000000000000e+06
1.274509000000000000e+06
1.274549000000000000e+06
1.274557000000000000e+06
1.274561000000000000e+06
1.274599000000000000e+06
1.274617000000000000e+06
1.274621000000000000e+06
1.274629000000000000e+06
1.274633000000000000e+06
1.274671000000000000e+06
1.274701000000000000e+06
1.274719000000000000e+06
1.274723000000000000e+06
1.274737000000000000e+06
1.274759000000000000e+06
1.274771000000000000e+06
1.274773000000000000e+06
1.274803000000000000e+06
1.274851000000000000e+06
1.274857000000000000e+06
1.274873000000000000e+06
1.274879000000000000e+06
1.274899000000000000e+06
1.274921000000000000e+06
1.274929000000000000e+06
1.274939000000000000e+06
1.274941000000000000e+06
1.274989000000000000e+06
1.275011000000000000e+06
1.275019000000000000e+06
1.275041000000000000e+06
1.275067000000000000e+06
1.275107000000000000e+06
1.275121000000000000e+06
1.275133000000000000e+06
1.275173000000000000e+06
1.275179000000000000e+06
1.275193000000000000e+06
1.275199000000000000e+06
1.275203000000000000e+06
1.275227000000000000e+06
1.275269000000000000e+06
1.275277000000000000e+06
1.275283000000000000e+06
1.275293000000000000e+06
1.275319000000000000e+06
1.275341000000000000e+06
1.275349000000000000e+06
1.275359000000000000e+06
1.275361000000000000e+06
1.275401000000000000e+06
1.275437000000000000e+06
1.275457000000000000e+06
1.275467000000000000e+06
1.275499000000000000e+06
1.275503000000000000e+06
1.275523000000000000e+06
1.275539000000000000e+06
1.275541000000000000e+06
1.275553000000000000e+06
1.275559000000000000e+06
1.275563000000000000e+06
1.275569000000000000e+06
1.275583000000000000e+06
1.275601000000000000e+06
1.275611000000000000e+06
1.275643000000000000e+06
1.275661000000000000e+06
1.275667000000000000e+06
1.275683000000000000e+06
1.275691000000000000e+06
