1.275707000000000000e+06
1.275709000000000000e+06
1.275719000000000000e+06
1.275737000000000000e+06
1.275749000000000000e+06
1.275751000000000000e+06
1.275779000000000000e+06
1.275803000000000000e+06
1.275817000000000000e+06
1.275823000000000000e+06
1.275829000000000000e+06
1.275839000000000000e+06
1.275847000000000000e+06
1.275851000000000000e+06
1.275863000000000000e+06
1.275877000000000000e+06
1.275889000000000000e+06
1.275893000000000000e+06
1.275899000000000000e+06
1.275931000000000000e+06
1.275947000000000000e+06
1.275973000000000000e+06
1.275977000000000000e+06
1.275979000000000000e+06
1.276001000000000000e+06
1.276007000000000000e+06
1.276013000000000000e+06
1.276027000000000000e+06
1.276031000000000000e+06
1.276039000000000000e+06
1.276049000000000000e+06
1.276057000000000000e+06
1.276069000000000000e+06
1.276103000000000000e+06
1.276117000000000000e+06
1.276123000000000000e+06
1.276129000000000000e+06
1.276133000000000000e+06
1.276147000000000000e+06
1.276157000000000000e+06
1.276169000000000000e+06
1.276183000000000000e+06
1.276193000000000000e+06
1.276213000000000000e+06
1.276237000000000000e+06
1.276243000000000000e+06
1.276271000000000000e+06
1.276279000000000000e+06
1.276307000000000000e+06
1.276313000000000000e+06
1.276351000000000000e+06
1.276357000000000000e+06
1.276361000000000000e+06
1.276397000000000000e+06
1.276409000000000000e+06
1.276433000000000000e+06
1.276441000000000000e+06
1.276447000000000000e+06
1.276481000000000000e+06
1.276501000000000000e+06
1.276511000000000000e+06
1.276529000000000000e+06
1.276543000000000000e+06
1.276571000000000000e+06
1.276579000000000000e+06
1.276589000000000000e+06
1.276603000000000000e+06
1.276619000000000000e+06
1.276621000000000000e+06
1.276631000000000000e+06
1.276637000000000000e+06
1.276657000000000000e+06
1.276679000000000000e+06
1.276687000000000000e+06
1.276711000000000000e+06
1.276721000000000000e+06
1.276733000000000000e+06
1.276739000000000000e+06
1.276747000000000000e+06
1.276763000000000000e+06
1.276771000000000000e+06
1.276777000000000000e+06
1.276817000000000000e+06
1.276829000000000000e+06
1.276861000000000000e+06
1.276867000000000000e+06
1.276871000000000000e+06
1.276889000000000000e+06
1.276897000000000000e+06
1.276903000000000000e+06
1.276927000000000000e+06
1.276949000000000000e+06
1.276967000000000000e+06
1.276969000000000000e+06
1.276973000000000000e+06
1.276987000000000000e+06
1.276999000000000000e+06
1.277011000000000000e+06
1.277021000000000000e+06
1.277039000000000000e+06
