1.278527000000000000e+06
1.278551000000000000e+06
1.278583000000000000e+06
1.278601000000000000e+06
1.278611000000000000e+06
1.278617000000000000e+06
1.278619000000000000e+06
1.278623000000000000e+06
1.278631000000000000e+06
1.278637000000000000e+06
1.278659000000000000e+06
1.278671000000000000e+06
1.278701000000000000e+06
1.278709000000000000e+06
1.278713000000000000e+06
1.278721000000000000e+06
1.278733000000000000e+06
1.278769000000000000e+06
1.278779000000000000e+06
1.278787000000000000e+06
1.278799000000000000e+06
1.278803000000000000e+06
1.278811000000000000e+06
1.278817000000000000e+06
1.278839000000000000e+06
1.278857000000000000e+06
1.278881000000000000e+06
1.278899000000000000e+06
1.278911000000000000e+06
1.278983000000000000e+06
1.278997000000000000e+06
1.279001000000000000e+06
1.279013000000000000e+06
1.279021000000000000e+06
1.279027000000000000e+06
1.279039000000000000e+06
1.279043000000000000e+06
1.279081000000000000e+06
1.279087000000000000e+06
1.279093000000000000e+06
1.279111000000000000e+06
1.279123000000000000e+06
1.279133000000000000e+06
1.279141000000000000e+06
1.279163000000000000e+06
1.279171000000000000e+06
1.279177000000000000e+06
1.279181000000000000e+06
1.279183000000000000e+06
1.279189000000000000e+06
1.279193000000000000e+06
1.279211000000000000e+06
1.279249000000000000e+06
1.279253000000000000e+06
1.279303000000000000e+06
1.279307000000000000e+06
1.279309000000000000e+06
1.279319000000000000e+06
1.279321000000000000e+06
1.279337000000000000e+06
1.279357000000000000e+06
1.279361000000000000e+06
1.279417000000000000e+06
1.279427000000000000e+06
1.279457000000000000e+06
1.279459000000000000e+06
1.279483000000000000e+06
1.279493000000000000e+06
1.279507000000000000e+06
1.279511000000000000e+06
1.279519000000000000e+06
1.279541000000000000e+06
1.279547000000000000e+06
1.279549000000000000e+06
1.279561000000000000e+06
1.279583000000000000e+06
1.279601000000000000e+06
1.279609000000000000e+06
1.279627000000000000e+06
1.279643000000000000e+06
1.279657000000000000e+06
1.279661000000000000e+06
1.279667000000000000e+06
1.279673000000000000e+06
1.279679000000000000e+06
1.279687000000000000e+06
1.279693000000000000e+06
1.279703000000000000e+06
1.279727000000000000e+06
1.279753000000000000e+06
1.279757000000000000e+06
1.279787000000000000e+06
1.279801000000000000e+06
1.279807000000000000e+06
1.279813000000000000e+06
1.279819000000000000e+06
1.279823000000000000e+06
1.279843000000000000e+06
1.279847000000000000e+06
1.279853000000000000e+06
