1.282649000000000000e+06
1.282657000000000000e+06
1.282661000000000000e+06
1.282681000000000000e+06
1.282693000000000000e+06
1.282703000000000000e+06
1.282717000000000000e+06
1.282739000000000000e+06
1.282751000000000000e+06
1.282763000000000000e+06
1.282781000000000000e+06
1.282783000000000000e+06
1.282807000000000000e+06
1.282817000000000000e+06
1.282867000000000000e+06
1.282877000000000000e+06
1.282903000000000000e+06
1.282907000000000000e+06
1.282909000000000000e+06
1.282913000000000000e+06
1.282933000000000000e+06
1.282943000000000000e+06
1.282951000000000000e+06
1.282961000000000000e+06
1.282969000000000000e+06
1.282993000000000000e+06
1.283011000000000000e+06
1.283017000000000000e+06
1.283021000000000000e+06
1.283027000000000000e+06
1.283063000000000000e+06
1.283069000000000000e+06
1.283083000000000000e+06
1.283099000000000000e+06
1.283111000000000000e+06
1.283119000000000000e+06
1.283129000000000000e+06
1.283137000000000000e+06
1.283159000000000000e+06
1.283167000000000000e+06
1.283171000000000000e+06
1.283173000000000000e+06
1.283179000000000000e+06
1.283207000000000000e+06
1.283237000000000000e+06
1.283297000000000000e+06
1.283323000000000000e+06
1.283333000000000000e+06
1.283339000000000000e+06
1.283353000000000000e+06
1.283383000000000000e+06
1.283389000000000000e+06
1.283417000000000000e+06
1.283437000000000000e+06
1.283441000000000000e+06
1.283473000000000000e+06
1.283479000000000000e+06
1.283509000000000000e+06
1.283521000000000000e+06
1.283537000000000000e+06
1.283539000000000000e+06
1.283543000000000000e+06
1.283549000000000000e+06
1.283563000000000000e+06
1.283573000000000000e+06
1.283591000000000000e+06
1.283603000000000000e+06
1.283677000000000000e+06
1.283683000000000000e+06
1.283701000000000000e+06
1.283707000000000000e+06
1.283717000000000000e+06
1.283719000000000000e+06
1.283731000000000000e+06
1.283753000000000000e+06
1.283759000000000000e+06
1.283767000000000000e+06
1.283771000000000000e+06
1.283797000000000000e+06
1.283831000000000000e+06
1.283839000000000000e+06
1.283873000000000000e+06
1.283879000000000000e+06
1.283881000000000000e+06
1.283897000000000000e+06
1.283903000000000000e+06
1.283939000000000000e+06
1.283941000000000000e+06
1.283957000000000000e+06
1.283969000000000000e+06
1.283981000000000000e+06
1.283983000000000000e+06
1.284007000000000000e+06
1.284037000000000000e+06
1.284043000000000000e+06
1.284047000000000000e+06
1.284053000000000000e+06
1.284083000000000000e+06
1.284131000000000000e+06
1.284169000000000000e+06
