1.284187000000000000e+06
1.284209000000000000e+06
1.284211000000000000e+06
1.284223000000000000e+06
1.284263000000000000e+06
1.284271000000000000e+06
1.284287000000000000e+06
1.284293000000000000e+06
1.284301000000000000e+06
1.284313000000000000e+06
1.284317000000000000e+06
1.284329000000000000e+06
1.284341000000000000e+06
1.284373000000000000e+06
1.284379000000000000e+06
1.284383000000000000e+06
1.284421000000000000e+06
1.284427000000000000e+06
1.284433000000000000e+06
1.284443000000000000e+06
1.284467000000000000e+06
1.284473000000000000e+06
1.284487000000000000e+06
1.284511000000000000e+06
1.284523000000000000e+06
1.284541000000000000e+06
1.284551000000000000e+06
1.284553000000000000e+06
1.284559000000000000e+06
1.284583000000000000e+06
1.284601000000000000e+06
1.284617000000000000e+06
1.284623000000000000e+06
1.284631000000000000e+06
1.284641000000000000e+06
1.284659000000000000e+06
1.284691000000000000e+06
1.284709000000000000e+06
1.284713000000000000e+06
1.284737000000000000e+06
1.284739000000000000e+06
1.284763000000000000e+06
1.284769000000000000e+06
1.284791000000000000e+06
1.284793000000000000e+06
1.284823000000000000e+06
1.284841000000000000e+06
1.284847000000000000e+06
1.284851000000000000e+06
1.284863000000000000e+06
1.284889000000000000e+06
1.284901000000000000e+06
1.284917000000000000e+06
1.284931000000000000e+06
1.284937000000000000e+06
1.284967000000000000e+06
1.284971000000000000e+06
1.284977000000000000e+06
1.284991000000000000e+06
1.285021000000000000e+06
1.285049000000000000e+06
1.285051000000000000e+06
1.285057000000000000e+06
1.285061000000000000e+06
1.285069000000000000e+06
1.285099000000000000e+06
1.285111000000000000e+06
1.285117000000000000e+06
1.285129000000000000e+06
1.285139000000000000e+06
1.285147000000000000e+06
1.285159000000000000e+06
1.285169000000000000e+06
1.285181000000000000e+06
1.285199000000000000e+06
1.285213000000000000e+06
1.285223000000000000e+06
1.285231000000000000e+06
1.285237000000000000e+06
1.285247000000000000e+06
1.285259000000000000e+06
1.285267000000000000e+06
1.285279000000000000e+06
1.285283000000000000e+06
1.285289000000000000e+06
1.285301000000000000e+06
1.285351000000000000e+06
1.285381000000000000e+06
1.285393000000000000e+06
1.285397000000000000e+06
1.285411000000000000e+06
1.285429000000000000e+06
1.285441000000000000e+06
1.285451000000000000e+06
1.285469000000000000e+06
1.285481000000000000e+06
1.285507000000000000e+06
1.285511000000000000e+06
1.285513000000000000e+06
1.285517000000000000e+06
