1.286843000000000000e+06
1.286881000000000000e+06
1.286939000000000000e+06
1.286941000000000000e+06
1.286953000000000000e+06
1.286959000000000000e+06
1.286969000000000000e+06
1.286981000000000000e+06
1.286983000000000000e+06
1.287007000000000000e+06
1.287047000000000000e+06
1.287059000000000000e+06
1.287061000000000000e+06
1.287067000000000000e+06
1.287071000000000000e+06
1.287101000000000000e+06
1.287109000000000000e+06
1.287131000000000000e+06
1.287133000000000000e+06
1.287157000000000000e+06
1.287163000000000000e+06
1.287173000000000000e+06
1.287179000000000000e+06
1.287197000000000000e+06
1.287199000000000000e+06
1.287217000000000000e+06
1.287233000000000000e+06
1.287239000000000000e+06
1.287289000000000000e+06
1.287323000000000000e+06
1.287329000000000000e+06
1.287343000000000000e+06
1.287347000000000000e+06
1.287353000000000000e+06
1.287361000000000000e+06
1.287371000000000000e+06
1.287373000000000000e+06
1.287401000000000000e+06
1.287431000000000000e+06
1.287457000000000000e+06
1.287467000000000000e+06
1.287469000000000000e+06
1.287479000000000000e+06
1.287487000000000000e+06
1.287491000000000000e+06
1.287499000000000000e+06
1.287511000000000000e+06
1.287541000000000000e+06
1.287551000000000000e+06
1.287553000000000000e+06
1.287569000000000000e+06
1.287589000000000000e+06
1.287593000000000000e+06
1.287607000000000000e+06
1.287613000000000000e+06
1.287623000000000000e+06
1.287661000000000000e+06
1.287683000000000000e+06
1.287691000000000000e+06
1.287697000000000000e+06
1.287707000000000000e+06
1.287731000000000000e+06
1.287739000000000000e+06
1.287743000000000000e+06
1.287749000000000000e+06
1.287751000000000000e+06
1.287757000000000000e+06
1.287761000000000000e+06
1.287787000000000000e+06
1.287799000000000000e+06
1.287817000000000000e+06
1.287821000000000000e+06
1.287829000000000000e+06
1.287841000000000000e+06
1.287857000000000000e+06
1.287883000000000000e+06
1.287887000000000000e+06
1.287899000000000000e+06
1.287917000000000000e+06
1.287947000000000000e+06
1.287961000000000000e+06
1.287967000000000000e+06
1.287973000000000000e+06
1.287983000000000000e+06
1.287989000000000000e+06
1.287997000000000000e+06
1.288003000000000000e+06
1.288009000000000000e+06
1.288013000000000000e+06
1.288033000000000000e+06
1.288037000000000000e+06
1.288043000000000000e+06
1.288051000000000000e+06
1.288057000000000000e+06
1.288061000000000000e+06
1.288099000000000000e+06
1.288103000000000000e+06
1.288109000000000000e+06
1.288117000000000000e+06
1.288163000000000000e+06
