1.288169000000000000e+06
1.288171000000000000e+06
1.288187000000000000e+06
1.288193000000000000e+06
1.288201000000000000e+06
1.288213000000000000e+06
1.288247000000000000e+06
1.288249000000000000e+06
1.288291000000000000e+06
1.288307000000000000e+06
1.288337000000000000e+06
1.288349000000000000e+06
1.288361000000000000e+06
1.288363000000000000e+06
1.288367000000000000e+06
1.288393000000000000e+06
1.288421000000000000e+06
1.288423000000000000e+06
1.288429000000000000e+06
1.288439000000000000e+06
1.288487000000000000e+06
1.288513000000000000e+06
1.288519000000000000e+06
1.288531000000000000e+06
1.288541000000000000e+06
1.288543000000000000e+06
1.288559000000000000e+06
1.288571000000000000e+06
1.288597000000000000e+06
1.288603000000000000e+06
1.288607000000000000e+06
1.288613000000000000e+06
1.288643000000000000e+06
1.288649000000000000e+06
1.288657000000000000e+06
1.288691000000000000e+06
1.288697000000000000e+06
1.288699000000000000e+06
1.288709000000000000e+06
1.288711000000000000e+06
1.288733000000000000e+06
1.288769000000000000e+06
1.288783000000000000e+06
1.288799000000000000e+06
1.288817000000000000e+06
1.288823000000000000e+06
1.288829000000000000e+06
1.288831000000000000e+06
1.288843000000000000e+06
1.288849000000000000e+06
1.288853000000000000e+06
1.288871000000000000e+06
1.288873000000000000e+06
1.288877000000000000e+06
1.288891000000000000e+06
1.288919000000000000e+06
1.288921000000000000e+06
1.288933000000000000e+06
1.288939000000000000e+06
1.288951000000000000e+06
1.288967000000000000e+06
1.288981000000000000e+06
1.288993000000000000e+06
1.288997000000000000e+06
1.289003000000000000e+06
1.289009000000000000e+06
1.289027000000000000e+06
1.289039000000000000e+06
1.289053000000000000e+06
1.289077000000000000e+06
1.289083000000000000e+06
1.289111000000000000e+06
1.289129000000000000e+06
1.289149000000000000e+06
1.289153000000000000e+06
1.289159000000000000e+06
1.289179000000000000e+06
1.289213000000000000e+06
1.289231000000000000e+06
1.289237000000000000e+06
1.289261000000000000e+06
1.289273000000000000e+06
1.289287000000000000e+06
1.289303000000000000e+06
1.289329000000000000e+06
1.289333000000000000e+06
1.289341000000000000e+06
1.289363000000000000e+06
1.289371000000000000e+06
1.289381000000000000e+06
1.289401000000000000e+06
1.289411000000000000e+06
1.289423000000000000e+06
1.289429000000000000e+06
1.289447000000000000e+06
1.289459000000000000e+06
1.289513000000000000e+06
1.289531000000000000e+06
1.289537000000000000e+06
1.289551000000000000e+06
