1.289557000000000000e+06
1.289567000000000000e+06
1.289593000000000000e+06
1.289597000000000000e+06
1.289599000000000000e+06
1.289621000000000000e+06
1.289623000000000000e+06
1.289627000000000000e+06
1.289653000000000000e+06
1.289657000000000000e+06
1.289677000000000000e+06
1.289711000000000000e+06
1.289713000000000000e+06
1.289731000000000000e+06
1.289747000000000000e+06
1.289749000000000000e+06
1.289753000000000000e+06
1.289779000000000000e+06
1.289789000000000000e+06
1.289801000000000000e+06
1.289803000000000000e+06
1.289831000000000000e+06
1.289839000000000000e+06
1.289851000000000000e+06
1.289867000000000000e+06
1.289881000000000000e+06
1.289921000000000000e+06
1.289927000000000000e+06
1.289933000000000000e+06
1.289963000000000000e+06
1.289969000000000000e+06
1.289971000000000000e+06
1.290013000000000000e+06
1.290019000000000000e+06
1.290031000000000000e+06
1.290049000000000000e+06
1.290077000000000000e+06
1.290083000000000000e+06
1.290109000000000000e+06
1.290131000000000000e+06
1.290143000000000000e+06
1.290151000000000000e+06
1.290161000000000000e+06
1.290167000000000000e+06
1.290169000000000000e+06
1.290173000000000000e+06
1.290199000000000000e+06
1.290203000000000000e+06
1.290209000000000000e+06
1.290257000000000000e+06
1.290259000000000000e+06
1.290287000000000000e+06
1.290293000000000000e+06
1.290299000000000000e+06
1.290319000000000000e+06
1.290329000000000000e+06
1.290371000000000000e+06
1.290379000000000000e+06
1.290427000000000000e+06
1.290431000000000000e+06
1.290433000000000000e+06
1.290439000000000000e+06
1.290463000000000000e+06
1.290467000000000000e+06
1.290469000000000000e+06
1.290491000000000000e+06
1.290503000000000000e+06
1.290533000000000000e+06
1.290539000000000000e+06
1.290551000000000000e+06
1.290563000000000000e+06
1.290571000000000000e+06
1.290581000000000000e+06
1.290593000000000000e+06
1.290607000000000000e+06
1.290629000000000000e+06
1.290631000000000000e+06
1.290637000000000000e+06
1.290643000000000000e+06
1.290649000000000000e+06
1.290659000000000000e+06
1.290673000000000000e+06
1.290683000000000000e+06
1.290719000000000000e+06
1.290791000000000000e+06
1.290811000000000000e+06
1.290823000000000000e+06
1.290847000000000000e+06
1.290853000000000000e+06
1.290857000000000000e+06
1.290869000000000000e+06
1.290901000000000000e+06
1.290907000000000000e+06
1.290923000000000000e+06
1.290937000000000000e+06
1.290983000000000000e+06
1.291001000000000000e+06
1.291007000000000000e+06
1.291009000000000000e+06
1.291019000000000000e+06
