1.293967000000000000e+06
1.293977000000000000e+06
1.293979000000000000e+06
1.293983000000000000e+06
1.294019000000000000e+06
1.294021000000000000e+06
1.294031000000000000e+06
1.294037000000000000e+06
1.294039000000000000e+06
1.294061000000000000e+06
1.294081000000000000e+06
1.294087000000000000e+06
1.294103000000000000e+06
1.294121000000000000e+06
1.294123000000000000e+06
1.294129000000000000e+06
1.294169000000000000e+06
1.294177000000000000e+06
1.294199000000000000e+06
1.294201000000000000e+06
1.294231000000000000e+06
1.294253000000000000e+06
1.294273000000000000e+06
1.294277000000000000e+06
1.294301000000000000e+06
1.294303000000000000e+06
1.294309000000000000e+06
1.294339000000000000e+06
1.294351000000000000e+06
1.294361000000000000e+06
1.294367000000000000e+06
1.294369000000000000e+06
1.294393000000000000e+06
1.294399000000000000e+06
1.294453000000000000e+06
1.294459000000000000e+06
1.294471000000000000e+06
1.294477000000000000e+06
1.294483000000000000e+06
1.294561000000000000e+06
1.294571000000000000e+06
1.294583000000000000e+06
1.294597000000000000e+06
1.294609000000000000e+06
1.294621000000000000e+06
1.294627000000000000e+06
1.294633000000000000e+06
1.294639000000000000e+06
1.294649000000000000e+06
1.294651000000000000e+06
1.294691000000000000e+06
1.294721000000000000e+06
1.294723000000000000e+06
1.294729000000000000e+06
1.294753000000000000e+06
1.294757000000000000e+06
1.294759000000000000e+06
1.294817000000000000e+06
1.294823000000000000e+06
1.294841000000000000e+06
1.294849000000000000e+06
1.294939000000000000e+06
1.294957000000000000e+06
1.294967000000000000e+06
1.294973000000000000e+06
1.294987000000000000e+06
1.294999000000000000e+06
1.295003000000000000e+06
1.295027000000000000e+06
1.295033000000000000e+06
1.295051000000000000e+06
1.295057000000000000e+06
1.295069000000000000e+06
1.295071000000000000e+06
1.295081000000000000e+06
1.295089000000000000e+06
1.295113000000000000e+06
1.295131000000000000e+06
1.295137000000000000e+06
1.295159000000000000e+06
1.295183000000000000e+06
1.295191000000000000e+06
1.295201000000000000e+06
1.295207000000000000e+06
1.295219000000000000e+06
1.295221000000000000e+06
1.295243000000000000e+06
1.295263000000000000e+06
1.295279000000000000e+06
1.295293000000000000e+06
1.295297000000000000e+06
1.295299000000000000e+06
1.295309000000000000e+06
1.295317000000000000e+06
1.295321000000000000e+06
1.295323000000000000e+06
1.295339000000000000e+06
1.295347000000000000e+06
1.295369000000000000e+06
1.295377000000000000e+06
