1.295387000000000000e+06
1.295389000000000000e+06
1.295447000000000000e+06
1.295473000000000000e+06
1.295491000000000000e+06
1.295501000000000000e+06
1.295513000000000000e+06
1.295533000000000000e+06
1.295543000000000000e+06
1.295549000000000000e+06
1.295551000000000000e+06
1.295561000000000000e+06
1.295563000000000000e+06
1.295603000000000000e+06
1.295611000000000000e+06
1.295617000000000000e+06
1.295639000000000000e+06
1.295647000000000000e+06
1.295653000000000000e+06
1.295681000000000000e+06
1.295711000000000000e+06
1.295717000000000000e+06
1.295737000000000000e+06
1.295741000000000000e+06
1.295747000000000000e+06
1.295761000000000000e+06
1.295783000000000000e+06
1.295803000000000000e+06
1.295809000000000000e+06
1.295813000000000000e+06
1.295839000000000000e+06
1.295849000000000000e+06
1.295867000000000000e+06
1.295869000000000000e+06
1.295873000000000000e+06
1.295881000000000000e+06
1.295947000000000000e+06
1.295953000000000000e+06
1.295989000000000000e+06
1.295993000000000000e+06
1.296007000000000000e+06
1.296011000000000000e+06
1.296019000000000000e+06
1.296023000000000000e+06
1.296037000000000000e+06
1.296041000000000000e+06
1.296059000000000000e+06
1.296077000000000000e+06
1.296089000000000000e+06
1.296101000000000000e+06
1.296109000000000000e+06
1.296137000000000000e+06
1.296143000000000000e+06
1.296167000000000000e+06
1.296181000000000000e+06
1.296187000000000000e+06
1.296209000000000000e+06
1.296227000000000000e+06
1.296277000000000000e+06
1.296283000000000000e+06
1.296287000000000000e+06
1.296293000000000000e+06
1.296319000000000000e+06
1.296331000000000000e+06
1.296341000000000000e+06
1.296343000000000000e+06
1.296371000000000000e+06
1.296391000000000000e+06
1.296409000000000000e+06
1.296413000000000000e+06
1.296419000000000000e+06
1.296467000000000000e+06
1.296473000000000000e+06
1.296481000000000000e+06
1.296499000000000000e+06
1.296511000000000000e+06
1.296521000000000000e+06
1.296523000000000000e+06
1.296551000000000000e+06
1.296557000000000000e+06
1.296563000000000000e+06
1.296571000000000000e+06
1.296583000000000000e+06
1.296587000000000000e+06
1.296593000000000000e+06
1.296601000000000000e+06
1.296613000000000000e+06
1.296623000000000000e+06
1.296629000000000000e+06
1.296649000000000000e+06
1.296679000000000000e+06
1.296689000000000000e+06
1.296703000000000000e+06
1.296721000000000000e+06
1.296727000000000000e+06
1.296749000000000000e+06
1.296781000000000000e+06
1.296787000000000000e+06
1.296803000000000000e+06
1.296817000000000000e+06
