1.296829000000000000e+06
1.296833000000000000e+06
1.296839000000000000e+06
1.296877000000000000e+06
1.296899000000000000e+06
1.296907000000000000e+06
1.296929000000000000e+06
1.296949000000000000e+06
1.296973000000000000e+06
1.296983000000000000e+06
1.297001000000000000e+06
1.297003000000000000e+06
1.297013000000000000e+06
1.297019000000000000e+06
1.297027000000000000e+06
1.297057000000000000e+06
1.297061000000000000e+06
1.297063000000000000e+06
1.297091000000000000e+06
1.297103000000000000e+06
1.297123000000000000e+06
1.297129000000000000e+06
1.297139000000000000e+06
1.297147000000000000e+06
1.297157000000000000e+06
1.297169000000000000e+06
1.297171000000000000e+06
1.297193000000000000e+06
1.297201000000000000e+06
1.297211000000000000e+06
1.297217000000000000e+06
1.297229000000000000e+06
1.297243000000000000e+06
1.297249000000000000e+06
1.297271000000000000e+06
1.297273000000000000e+06
1.297279000000000000e+06
1.297297000000000000e+06
1.297313000000000000e+06
1.297333000000000000e+06
1.297337000000000000e+06
1.297349000000000000e+06
1.297357000000000000e+06
1.297367000000000000e+06
1.297369000000000000e+06
1.297393000000000000e+06
1.297397000000000000e+06
1.297399000000000000e+06
1.297403000000000000e+06
1.297411000000000000e+06
1.297421000000000000e+06
1.297447000000000000e+06
1.297451000000000000e+06
1.297459000000000000e+06
1.297477000000000000e+06
1.297487000000000000e+06
1.297501000000000000e+06
1.297507000000000000e+06
1.297519000000000000e+06
1.297523000000000000e+06
1.297537000000000000e+06
1.297561000000000000e+06
1.297573000000000000e+06
1.297601000000000000e+06
1.297607000000000000e+06
1.297619000000000000e+06
1.297631000000000000e+06
1.297633000000000000e+06
1.297649000000000000e+06
1.297651000000000000e+06
1.297657000000000000e+06
1.297669000000000000e+06
1.297687000000000000e+06
1.297693000000000000e+06
1.297727000000000000e+06
1.297739000000000000e+06
1.297771000000000000e+06
1.297781000000000000e+06
1.297799000000000000e+06
1.297841000000000000e+06
1.297847000000000000e+06
1.297853000000000000e+06
1.297873000000000000e+06
1.297927000000000000e+06
1.297963000000000000e+06
1.297973000000000000e+06
1.297979000000000000e+06
1.297993000000000000e+06
1.298027000000000000e+06
1.298039000000000000e+06
1.298047000000000000e+06
1.298053000000000000e+06
1.298057000000000000e+06
1.298111000000000000e+06
1.298113000000000000e+06
1.298117000000000000e+06
1.298119000000000000e+06
1.298131000000000000e+06
1.298149000000000000e+06
1.298161000000000000e+06
