1.304570000000000000e+05
1.304690000000000000e+05
1.304770000000000000e+05
1.304830000000000000e+05
1.304890000000000000e+05
1.305130000000000000e+05
1.305170000000000000e+05
1.305230000000000000e+05
1.305310000000000000e+05
1.305470000000000000e+05
1.305530000000000000e+05
1.305790000000000000e+05
1.305890000000000000e+05
1.306190000000000000e+05
1.306210000000000000e+05
1.306310000000000000e+05
1.306330000000000000e+05
1.306390000000000000e+05
1.306430000000000000e+05
1.306490000000000000e+05
1.306510000000000000e+05
1.306570000000000000e+05
1.306810000000000000e+05
1.306870000000000000e+05
1.306930000000000000e+05
1.306990000000000000e+05
1.307290000000000000e+05
1.307690000000000000e+05
1.307830000000000000e+05
1.307870000000000000e+05
1.308070000000000000e+05
1.308110000000000000e+05
1.308170000000000000e+05
1.308290000000000000e+05
1.308410000000000000e+05
1.308430000000000000e+05
1.308590000000000000e+05
1.308730000000000000e+05
1.309270000000000000e+05
1.309570000000000000e+05
1.309690000000000000e+05
1.309730000000000000e+05
1.309810000000000000e+05
1.309870000000000000e+05
1.310090000000000000e+05
1.310110000000000000e+05
1.310230000000000000e+05
1.310410000000000000e+05
1.310590000000000000e+05
1.310630000000000000e+05
1.310710000000000000e+05
1.311010000000000000e+05
1.311110000000000000e+05
1.311130000000000000e+05
1.311290000000000000e+05
1.311430000000000000e+05
1.311490000000000000e+05
1.311710000000000000e+05
1.312030000000000000e+05
1.312130000000000000e+05
1.312210000000000000e+05
1.312310000000000000e+05
1.312490000000000000e+05
1.312510000000000000e+05
1.312670000000000000e+05
1.312930000000000000e+05
1.312970000000000000e+05
1.313030000000000000e+05
1.313110000000000000e+05
1.313170000000000000e+05
1.313210000000000000e+05
1.313570000000000000e+05
1.313630000000000000e+05
1.313710000000000000e+05
1.313810000000000000e+05
1.314130000000000000e+05
1.314310000000000000e+05
1.314370000000000000e+05
1.314410000000000000e+05
1.314470000000000000e+05
1.314490000000000000e+05
1.314770000000000000e+05
1.314790000000000000e+05
1.314890000000000000e+05
1.314970000000000000e+05
1.315010000000000000e+05
1.315070000000000000e+05
1.315190000000000000e+05
1.315430000000000000e+05
1.315610000000000000e+05
1.315810000000000000e+05
1.315910000000000000e+05
1.316110000000000000e+05
1.316170000000000000e+05
1.316270000000000000e+05
1.316390000000000000e+05
1.316410000000000000e+05
1.316710000000000000e+05
1.316870000000000000e+05
1.317010000000000000e+05
