1.317070000000000000e+05
1.317110000000000000e+05
1.317130000000000000e+05
1.317310000000000000e+05
1.317430000000000000e+05
1.317490000000000000e+05
1.317590000000000000e+05
1.317710000000000000e+05
1.317770000000000000e+05
1.317790000000000000e+05
1.317830000000000000e+05
1.317970000000000000e+05
1.318370000000000000e+05
1.318390000000000000e+05
1.318490000000000000e+05
1.318610000000000000e+05
1.318910000000000000e+05
1.318930000000000000e+05
1.318990000000000000e+05
1.319090000000000000e+05
1.319270000000000000e+05
1.319330000000000000e+05
1.319390000000000000e+05
1.319410000000000000e+05
1.319470000000000000e+05
1.319590000000000000e+05
1.319690000000000000e+05
1.320010000000000000e+05
1.320190000000000000e+05
1.320470000000000000e+05
1.320490000000000000e+05
1.320590000000000000e+05
1.320710000000000000e+05
1.321030000000000000e+05
1.321090000000000000e+05
1.321130000000000000e+05
1.321370000000000000e+05
1.321510000000000000e+05
1.321570000000000000e+05
1.321690000000000000e+05
1.321730000000000000e+05
1.321990000000000000e+05
1.322290000000000000e+05
1.322330000000000000e+05
1.322410000000000000e+05
1.322470000000000000e+05
1.322570000000000000e+05
1.322630000000000000e+05
1.322830000000000000e+05
1.322870000000000000e+05
1.322990000000000000e+05
1.323130000000000000e+05
1.323290000000000000e+05
1.323310000000000000e+05
1.323470000000000000e+05
1.323610000000000000e+05
1.323670000000000000e+05
1.323710000000000000e+05
1.323830000000000000e+05
1.324030000000000000e+05
1.324090000000000000e+05
1.324210000000000000e+05
1.324370000000000000e+05
1.324390000000000000e+05
1.324690000000000000e+05
1.324910000000000000e+05
1.324990000000000000e+05
1.325110000000000000e+05
1.325230000000000000e+05
1.325270000000000000e+05
1.325290000000000000e+05
1.325330000000000000e+05
1.325410000000000000e+05
1.325470000000000000e+05
1.325890000000000000e+05
1.326070000000000000e+05
1.326110000000000000e+05
1.326190000000000000e+05
1.326230000000000000e+05
1.326310000000000000e+05
1.326370000000000000e+05
1.326470000000000000e+05
1.326610000000000000e+05
1.326670000000000000e+05
1.326790000000000000e+05
1.326890000000000000e+05
1.326970000000000000e+05
1.327010000000000000e+05
1.327070000000000000e+05
1.327090000000000000e+05
1.327210000000000000e+05
1.327390000000000000e+05
1.327490000000000000e+05
1.327510000000000000e+05
1.327570000000000000e+05
1.327610000000000000e+05
1.327630000000000000e+05
1.328170000000000000e+05
1.328330000000000000e+05
1.328510000000000000e+05
