1.328570000000000000e+05
1.328590000000000000e+05
1.328630000000000000e+05
1.328870000000000000e+05
1.328930000000000000e+05
1.329110000000000000e+05
1.329290000000000000e+05
1.329470000000000000e+05
1.329490000000000000e+05
1.329530000000000000e+05
1.329610000000000000e+05
1.329670000000000000e+05
1.329710000000000000e+05
1.329890000000000000e+05
1.330130000000000000e+05
1.330330000000000000e+05
1.330390000000000000e+05
1.330510000000000000e+05
1.330690000000000000e+05
1.330730000000000000e+05
1.330870000000000000e+05
1.330970000000000000e+05
1.331030000000000000e+05
1.331090000000000000e+05
1.331170000000000000e+05
1.331210000000000000e+05
1.331530000000000000e+05
1.331570000000000000e+05
1.331690000000000000e+05
1.331830000000000000e+05
1.331870000000000000e+05
1.332010000000000000e+05
1.332130000000000000e+05
1.332410000000000000e+05
1.332530000000000000e+05
1.332610000000000000e+05
1.332710000000000000e+05
1.332770000000000000e+05
1.332790000000000000e+05
1.332830000000000000e+05
1.333030000000000000e+05
1.333190000000000000e+05
1.333210000000000000e+05
1.333270000000000000e+05
1.333370000000000000e+05
1.333490000000000000e+05
1.333510000000000000e+05
1.333790000000000000e+05
1.333870000000000000e+05
1.333910000000000000e+05
1.334030000000000000e+05
1.334170000000000000e+05
1.334390000000000000e+05
1.334470000000000000e+05
1.334510000000000000e+05
1.334810000000000000e+05
1.334930000000000000e+05
1.334990000000000000e+05
1.335190000000000000e+05
1.335410000000000000e+05
1.335430000000000000e+05
1.335590000000000000e+05
1.335710000000000000e+05
1.335830000000000000e+05
1.335970000000000000e+05
1.336310000000000000e+05
1.336330000000000000e+05
1.336490000000000000e+05
1.336570000000000000e+05
1.336690000000000000e+05
1.336730000000000000e+05
1.336910000000000000e+05
1.336970000000000000e+05
1.337090000000000000e+05
1.337110000000000000e+05
1.337170000000000000e+05
1.337230000000000000e+05
1.337330000000000000e+05
1.337690000000000000e+05
1.337810000000000000e+05
1.338010000000000000e+05
1.338110000000000000e+05
1.338130000000000000e+05
1.338310000000000000e+05
1.338430000000000000e+05
1.338530000000000000e+05
1.338730000000000000e+05
1.338770000000000000e+05
1.339190000000000000e+05
1.339490000000000000e+05
1.339630000000000000e+05
1.339670000000000000e+05
1.339790000000000000e+05
1.339810000000000000e+05
1.339930000000000000e+05
1.339990000000000000e+05
1.340330000000000000e+05
1.340390000000000000e+05
1.340470000000000000e+05
1.340530000000000000e+05
