1.340590000000000000e+05
1.340770000000000000e+05
1.340810000000000000e+05
1.340870000000000000e+05
1.340890000000000000e+05
1.340930000000000000e+05
1.341290000000000000e+05
1.341530000000000000e+05
1.341610000000000000e+05
1.341710000000000000e+05
1.341770000000000000e+05
1.341910000000000000e+05
1.342070000000000000e+05
1.342130000000000000e+05
1.342190000000000000e+05
1.342270000000000000e+05
1.342430000000000000e+05
1.342570000000000000e+05
1.342630000000000000e+05
1.342690000000000000e+05
1.342870000000000000e+05
1.342910000000000000e+05
1.342930000000000000e+05
1.343270000000000000e+05
1.343330000000000000e+05
1.343390000000000000e+05
1.343410000000000000e+05
1.343530000000000000e+05
1.343590000000000000e+05
1.343630000000000000e+05
1.343690000000000000e+05
1.343710000000000000e+05
1.343990000000000000e+05
1.344010000000000000e+05
1.344170000000000000e+05
1.344370000000000000e+05
1.344430000000000000e+05
1.344710000000000000e+05
1.344890000000000000e+05
1.345030000000000000e+05
1.345070000000000000e+05
1.345130000000000000e+05
1.345810000000000000e+05
1.345870000000000000e+05
1.345910000000000000e+05
1.345930000000000000e+05
1.345970000000000000e+05
1.346090000000000000e+05
1.346390000000000000e+05
1.346690000000000000e+05
1.346770000000000000e+05
1.346810000000000000e+05
1.346830000000000000e+05
1.346990000000000000e+05
1.347070000000000000e+05
1.347310000000000000e+05
1.347410000000000000e+05
1.347530000000000000e+05
1.347770000000000000e+05
1.347890000000000000e+05
1.348070000000000000e+05
1.348370000000000000e+05
1.348390000000000000e+05
1.348510000000000000e+05
1.348570000000000000e+05
1.348670000000000000e+05
1.348730000000000000e+05
1.348870000000000000e+05
1.349090000000000000e+05
1.349170000000000000e+05
1.349210000000000000e+05
1.349230000000000000e+05
1.349470000000000000e+05
1.349510000000000000e+05
1.349890000000000000e+05
1.349990000000000000e+05
1.350070000000000000e+05
1.350170000000000000e+05
1.350190000000000000e+05
1.350290000000000000e+05
1.350430000000000000e+05
1.350490000000000000e+05
1.350590000000000000e+05
1.350770000000000000e+05
1.350890000000000000e+05
1.351010000000000000e+05
1.351190000000000000e+05
1.351310000000000000e+05
1.351510000000000000e+05
1.351730000000000000e+05
1.351810000000000000e+05
1.351930000000000000e+05
1.351970000000000000e+05
1.352090000000000000e+05
1.352110000000000000e+05
1.352210000000000000e+05
1.352410000000000000e+05
1.352570000000000000e+05
1.352710000000000000e+05
1.352770000000000000e+05
