1.352810000000000000e+05
1.352830000000000000e+05
1.353010000000000000e+05
1.353190000000000000e+05
1.353290000000000000e+05
1.353470000000000000e+05
1.353490000000000000e+05
1.353530000000000000e+05
1.353670000000000000e+05
1.353890000000000000e+05
1.353910000000000000e+05
1.354030000000000000e+05
1.354090000000000000e+05
1.354270000000000000e+05
1.354310000000000000e+05
1.354330000000000000e+05
1.354490000000000000e+05
1.354610000000000000e+05
1.354630000000000000e+05
1.354670000000000000e+05
1.354690000000000000e+05
1.354790000000000000e+05
1.354970000000000000e+05
1.355110000000000000e+05
1.355330000000000000e+05
1.355590000000000000e+05
1.355710000000000000e+05
1.355810000000000000e+05
1.355890000000000000e+05
1.355930000000000000e+05
1.355990000000000000e+05
1.356010000000000000e+05
1.356070000000000000e+05
1.356130000000000000e+05
1.356170000000000000e+05
1.356230000000000000e+05
1.356370000000000000e+05
1.356470000000000000e+05
1.356490000000000000e+05
1.356610000000000000e+05
1.356710000000000000e+05
1.356970000000000000e+05
1.357010000000000000e+05
1.357190000000000000e+05
1.357210000000000000e+05
1.357270000000000000e+05
1.357310000000000000e+05
1.357430000000000000e+05
1.357570000000000000e+05
1.357810000000000000e+05
1.357870000000000000e+05
1.357990000000000000e+05
1.358290000000000000e+05
1.358410000000000000e+05
1.358510000000000000e+05
1.358590000000000000e+05
1.358870000000000000e+05
1.358930000000000000e+05
1.358990000000000000e+05
1.359110000000000000e+05
1.359130000000000000e+05
1.359290000000000000e+05
1.359370000000000000e+05
1.359770000000000000e+05
1.359790000000000000e+05
1.360130000000000000e+05
1.360270000000000000e+05
1.360330000000000000e+05
1.360430000000000000e+05
1.360570000000000000e+05
1.360670000000000000e+05
1.360690000000000000e+05
1.360930000000000000e+05
1.360990000000000000e+05
1.361110000000000000e+05
1.361330000000000000e+05
1.361390000000000000e+05
1.361630000000000000e+05
1.361770000000000000e+05
1.361890000000000000e+05
1.361930000000000000e+05
1.362070000000000000e+05
1.362170000000000000e+05
1.362230000000000000e+05
1.362370000000000000e+05
1.362470000000000000e+05
1.362610000000000000e+05
1.362730000000000000e+05
1.362770000000000000e+05
1.363030000000000000e+05
1.363090000000000000e+05
1.363190000000000000e+05
1.363270000000000000e+05
1.363330000000000000e+05
1.363370000000000000e+05
1.363430000000000000e+05
1.363510000000000000e+05
1.363610000000000000e+05
1.363730000000000000e+05
1.363790000000000000e+05
