1.363930000000000000e+05
1.363970000000000000e+05
1.363990000000000000e+05
1.364030000000000000e+05
1.364170000000000000e+05
1.364210000000000000e+05
1.364290000000000000e+05
1.364470000000000000e+05
1.364530000000000000e+05
1.364630000000000000e+05
1.364710000000000000e+05
1.364810000000000000e+05
1.364830000000000000e+05
1.365010000000000000e+05
1.365110000000000000e+05
1.365190000000000000e+05
1.365230000000000000e+05
1.365310000000000000e+05
1.365370000000000000e+05
1.365410000000000000e+05
1.365470000000000000e+05
1.365590000000000000e+05
1.365730000000000000e+05
1.366010000000000000e+05
1.366030000000000000e+05
1.366070000000000000e+05
1.366210000000000000e+05
1.366490000000000000e+05
1.366510000000000000e+05
1.366570000000000000e+05
1.366910000000000000e+05
1.366930000000000000e+05
1.367090000000000000e+05
1.367110000000000000e+05
1.367270000000000000e+05
1.367330000000000000e+05
1.367390000000000000e+05
1.367510000000000000e+05
1.367530000000000000e+05
1.367690000000000000e+05
1.367770000000000000e+05
1.368110000000000000e+05
1.368130000000000000e+05
1.368410000000000000e+05
1.368490000000000000e+05
1.368590000000000000e+05
1.368610000000000000e+05
1.368790000000000000e+05
1.368830000000000000e+05
1.368890000000000000e+05
1.368970000000000000e+05
1.369430000000000000e+05
1.369490000000000000e+05
1.369510000000000000e+05
1.369630000000000000e+05
1.369730000000000000e+05
1.369790000000000000e+05
1.369870000000000000e+05
1.369910000000000000e+05
1.369930000000000000e+05
1.369990000000000000e+05
1.370290000000000000e+05
1.370770000000000000e+05
1.370870000000000000e+05
1.370890000000000000e+05
1.371170000000000000e+05
1.371190000000000000e+05
1.371310000000000000e+05
1.371430000000000000e+05
1.371470000000000000e+05
1.371530000000000000e+05
1.371770000000000000e+05
1.371830000000000000e+05
1.371910000000000000e+05
1.371970000000000000e+05
1.372010000000000000e+05
1.372090000000000000e+05
1.372190000000000000e+05
1.372390000000000000e+05
1.372510000000000000e+05
1.372730000000000000e+05
1.372790000000000000e+05
1.373030000000000000e+05
1.373210000000000000e+05
1.373390000000000000e+05
1.373410000000000000e+05
1.373530000000000000e+05
1.373590000000000000e+05
1.373630000000000000e+05
1.373690000000000000e+05
1.373830000000000000e+05
1.373870000000000000e+05
1.373930000000000000e+05
1.373990000000000000e+05
1.374130000000000000e+05
1.374370000000000000e+05
1.374430000000000000e+05
1.374470000000000000e+05
1.374530000000000000e+05
1.374770000000000000e+05
