1.374830000000000000e+05
1.374910000000000000e+05
1.375070000000000000e+05
1.375190000000000000e+05
1.375370000000000000e+05
1.375670000000000000e+05
1.375730000000000000e+05
1.375870000000000000e+05
1.375930000000000000e+05
1.375970000000000000e+05
1.376230000000000000e+05
1.376330000000000000e+05
1.376390000000000000e+05
1.376530000000000000e+05
1.376590000000000000e+05
1.376990000000000000e+05
1.377070000000000000e+05
1.377130000000000000e+05
1.377230000000000000e+05
1.377370000000000000e+05
1.377430000000000000e+05
1.377710000000000000e+05
1.377770000000000000e+05
1.377910000000000000e+05
1.378030000000000000e+05
1.378270000000000000e+05
1.378310000000000000e+05
1.378490000000000000e+05
1.378670000000000000e+05
1.378690000000000000e+05
1.378730000000000000e+05
1.379090000000000000e+05
1.379110000000000000e+05
1.379270000000000000e+05
1.379330000000000000e+05
1.379410000000000000e+05
1.379470000000000000e+05
1.379570000000000000e+05
1.379830000000000000e+05
1.379930000000000000e+05
1.379990000000000000e+05
1.380070000000000000e+05
1.380410000000000000e+05
1.380530000000000000e+05
1.380590000000000000e+05
1.380710000000000000e+05
1.380770000000000000e+05
1.380790000000000000e+05
1.381010000000000000e+05
1.381070000000000000e+05
1.381130000000000000e+05
1.381390000000000000e+05
1.381430000000000000e+05
1.381570000000000000e+05
1.381630000000000000e+05
1.381790000000000000e+05
1.381810000000000000e+05
1.381910000000000000e+05
1.381970000000000000e+05
1.382090000000000000e+05
1.382390000000000000e+05
1.382410000000000000e+05
1.382470000000000000e+05
1.382510000000000000e+05
1.382830000000000000e+05
1.382890000000000000e+05
1.383110000000000000e+05
1.383190000000000000e+05
1.383230000000000000e+05
1.383370000000000000e+05
1.383490000000000000e+05
1.383710000000000000e+05
1.383730000000000000e+05
1.383890000000000000e+05
1.384010000000000000e+05
1.384030000000000000e+05
1.384070000000000000e+05
1.384270000000000000e+05
1.384330000000000000e+05
1.384490000000000000e+05
1.384510000000000000e+05
1.384610000000000000e+05
1.384690000000000000e+05
1.384930000000000000e+05
1.384970000000000000e+05
1.385110000000000000e+05
1.385170000000000000e+05
1.385470000000000000e+05
1.385590000000000000e+05
1.385630000000000000e+05
1.385690000000000000e+05
1.385710000000000000e+05
1.385770000000000000e+05
1.385810000000000000e+05
1.385870000000000000e+05
1.385990000000000000e+05
1.386170000000000000e+05
1.386290000000000000e+05
1.386370000000000000e+05
1.386410000000000000e+05
