1.399070000000000000e+05
1.399210000000000000e+05
1.399390000000000000e+05
1.399430000000000000e+05
1.399670000000000000e+05
1.399690000000000000e+05
1.399810000000000000e+05
1.399870000000000000e+05
1.399910000000000000e+05
1.399990000000000000e+05
1.400090000000000000e+05
1.400530000000000000e+05
1.400570000000000000e+05
1.400690000000000000e+05
1.400710000000000000e+05
1.401110000000000000e+05
1.401230000000000000e+05
1.401430000000000000e+05
1.401590000000000000e+05
1.401670000000000000e+05
1.401710000000000000e+05
1.401770000000000000e+05
1.401910000000000000e+05
1.401970000000000000e+05
1.402070000000000000e+05
1.402210000000000000e+05
1.402270000000000000e+05
1.402370000000000000e+05
1.402490000000000000e+05
1.402630000000000000e+05
1.402690000000000000e+05
1.402810000000000000e+05
1.402970000000000000e+05
1.403170000000000000e+05
1.403210000000000000e+05
1.403330000000000000e+05
1.403390000000000000e+05
1.403510000000000000e+05
1.403630000000000000e+05
1.403810000000000000e+05
1.404010000000000000e+05
1.404070000000000000e+05
1.404110000000000000e+05
1.404170000000000000e+05
1.404190000000000000e+05
1.404230000000000000e+05
1.404430000000000000e+05
1.404490000000000000e+05
1.404530000000000000e+05
1.404730000000000000e+05
1.404770000000000000e+05
1.405210000000000000e+05
1.405270000000000000e+05
1.405330000000000000e+05
1.405490000000000000e+05
1.405510000000000000e+05
1.405570000000000000e+05
1.405870000000000000e+05
1.405930000000000000e+05
1.406030000000000000e+05
1.406110000000000000e+05
1.406170000000000000e+05
1.406270000000000000e+05
1.406290000000000000e+05
1.406390000000000000e+05
1.406590000000000000e+05
1.406630000000000000e+05
1.406770000000000000e+05
1.406810000000000000e+05
1.406830000000000000e+05
1.406890000000000000e+05
1.407170000000000000e+05
1.407290000000000000e+05
1.407310000000000000e+05
1.407410000000000000e+05
1.407590000000000000e+05
1.407610000000000000e+05
1.407730000000000000e+05
1.407790000000000000e+05
1.407970000000000000e+05
1.408130000000000000e+05
1.408270000000000000e+05
1.408310000000000000e+05
1.408370000000000000e+05
1.408390000000000000e+05
1.408630000000000000e+05
1.408670000000000000e+05
1.408690000000000000e+05
1.408910000000000000e+05
1.408930000000000000e+05
1.408970000000000000e+05
1.409090000000000000e+05
1.409290000000000000e+05
1.409390000000000000e+05
1.409770000000000000e+05
1.409830000000000000e+05
1.409890000000000000e+05
1.410230000000000000e+05
1.410410000000000000e+05
1.410610000000000000e+05
