1.471370000000000000e+05
1.471390000000000000e+05
1.471510000000000000e+05
1.471630000000000000e+05
1.471790000000000000e+05
1.471970000000000000e+05
1.472090000000000000e+05
1.472110000000000000e+05
1.472210000000000000e+05
1.472270000000000000e+05
1.472290000000000000e+05
1.472530000000000000e+05
1.472630000000000000e+05
1.472830000000000000e+05
1.472890000000000000e+05
1.472930000000000000e+05
1.472990000000000000e+05
1.473110000000000000e+05
1.473190000000000000e+05
1.473310000000000000e+05
1.473410000000000000e+05
1.473470000000000000e+05
1.473530000000000000e+05
1.473770000000000000e+05
1.473910000000000000e+05
1.473970000000000000e+05
1.474010000000000000e+05
1.474090000000000000e+05
1.474190000000000000e+05
1.474490000000000000e+05
1.474510000000000000e+05
1.474570000000000000e+05
1.474810000000000000e+05
1.474870000000000000e+05
1.475030000000000000e+05
1.475170000000000000e+05
1.475410000000000000e+05
1.475470000000000000e+05
1.475510000000000000e+05
1.475570000000000000e+05
1.475710000000000000e+05
1.475830000000000000e+05
1.476070000000000000e+05
1.476130000000000000e+05
1.476170000000000000e+05
1.476290000000000000e+05
1.476470000000000000e+05
1.476610000000000000e+05
1.476710000000000000e+05
1.476730000000000000e+05
1.476890000000000000e+05
1.477030000000000000e+05
1.477090000000000000e+05
1.477270000000000000e+05
1.477390000000000000e+05
1.477430000000000000e+05
1.477610000000000000e+05
1.477690000000000000e+05
1.477730000000000000e+05
1.477790000000000000e+05
1.477870000000000000e+05
1.477930000000000000e+05
1.477990000000000000e+05
1.478110000000000000e+05
1.478270000000000000e+05
1.478530000000000000e+05
1.478590000000000000e+05
1.478630000000000000e+05
1.478810000000000000e+05
1.479190000000000000e+05
1.479370000000000000e+05
1.479490000000000000e+05
1.479770000000000000e+05
1.479970000000000000e+05
1.480130000000000000e+05
1.480210000000000000e+05
1.480610000000000000e+05
1.480630000000000000e+05
1.480730000000000000e+05
1.480790000000000000e+05
1.480910000000000000e+05
1.481230000000000000e+05
1.481390000000000000e+05
1.481470000000000000e+05
1.481510000000000000e+05
1.481530000000000000e+05
1.481570000000000000e+05
1.481710000000000000e+05
1.481930000000000000e+05
1.481990000000000000e+05
1.482010000000000000e+05
1.482070000000000000e+05
1.482290000000000000e+05
1.482430000000000000e+05
1.482490000000000000e+05
1.482790000000000000e+05
1.483010000000000000e+05
1.483030000000000000e+05
1.483310000000000000e+05
1.483390000000000000e+05
