1.505890000000000000e+05
1.506070000000000000e+05
1.506110000000000000e+05
1.506170000000000000e+05
1.506490000000000000e+05
1.506590000000000000e+05
1.506970000000000000e+05
1.507070000000000000e+05
1.507210000000000000e+05
1.507430000000000000e+05
1.507670000000000000e+05
1.507690000000000000e+05
1.507790000000000000e+05
1.507910000000000000e+05
1.507970000000000000e+05
1.508270000000000000e+05
1.508330000000000000e+05
1.508470000000000000e+05
1.508690000000000000e+05
1.508810000000000000e+05
1.508830000000000000e+05
1.508890000000000000e+05
1.508930000000000000e+05
1.509010000000000000e+05
1.509070000000000000e+05
1.509190000000000000e+05
1.509290000000000000e+05
1.509590000000000000e+05
1.509610000000000000e+05
1.509670000000000000e+05
1.509790000000000000e+05
1.509890000000000000e+05
1.509910000000000000e+05
1.510070000000000000e+05
1.510090000000000000e+05
1.510130000000000000e+05
1.510270000000000000e+05
1.510490000000000000e+05
1.510510000000000000e+05
1.510570000000000000e+05
1.510910000000000000e+05
1.511210000000000000e+05
1.511410000000000000e+05
1.511530000000000000e+05
1.511570000000000000e+05
1.511630000000000000e+05
1.511690000000000000e+05
1.511710000000000000e+05
1.511890000000000000e+05
1.512010000000000000e+05
1.512130000000000000e+05
1.512370000000000000e+05
1.512410000000000000e+05
1.512430000000000000e+05
1.512470000000000000e+05
1.512530000000000000e+05
1.512730000000000000e+05
1.512790000000000000e+05
1.512890000000000000e+05
1.513030000000000000e+05
1.513370000000000000e+05
1.513390000000000000e+05
1.513430000000000000e+05
1.513570000000000000e+05
1.513790000000000000e+05
1.513810000000000000e+05
1.513910000000000000e+05
1.513970000000000000e+05
1.514230000000000000e+05
1.514290000000000000e+05
1.514330000000000000e+05
1.514510000000000000e+05
1.514710000000000000e+05
1.514770000000000000e+05
1.514830000000000000e+05
1.514990000000000000e+05
1.515070000000000000e+05
1.515170000000000000e+05
1.515230000000000000e+05
1.515310000000000000e+05
1.515370000000000000e+05
1.515490000000000000e+05
1.515530000000000000e+05
1.515610000000000000e+05
1.515730000000000000e+05
1.515790000000000000e+05
1.515970000000000000e+05
1.516030000000000000e+05
1.516070000000000000e+05
1.516090000000000000e+05
1.516310000000000000e+05
1.516370000000000000e+05
1.516430000000000000e+05
1.516510000000000000e+05
1.516670000000000000e+05
1.516730000000000000e+05
1.516810000000000000e+05
1.516870000000000000e+05
1.516930000000000000e+05
1.517030000000000000e+05
