1.517170000000000000e+05
1.517290000000000000e+05
1.517330000000000000e+05
1.517690000000000000e+05
1.517710000000000000e+05
1.517830000000000000e+05
1.517870000000000000e+05
1.517990000000000000e+05
1.518130000000000000e+05
1.518170000000000000e+05
1.518410000000000000e+05
1.518470000000000000e+05
1.518490000000000000e+05
1.518710000000000000e+05
1.518830000000000000e+05
1.518970000000000000e+05
1.519010000000000000e+05
1.519030000000000000e+05
1.519090000000000000e+05
1.519370000000000000e+05
1.519390000000000000e+05
1.519670000000000000e+05
1.519690000000000000e+05
1.520030000000000000e+05
1.520170000000000000e+05
1.520270000000000000e+05
1.520290000000000000e+05
1.520390000000000000e+05
1.520410000000000000e+05
1.520630000000000000e+05
1.520770000000000000e+05
1.520810000000000000e+05
1.520830000000000000e+05
1.520930000000000000e+05
1.521110000000000000e+05
1.521230000000000000e+05
1.521470000000000000e+05
1.521830000000000000e+05
1.521890000000000000e+05
1.521970000000000000e+05
1.522030000000000000e+05
1.522130000000000000e+05
1.522190000000000000e+05
1.522310000000000000e+05
1.522390000000000000e+05
1.522490000000000000e+05
1.522670000000000000e+05
1.522870000000000000e+05
1.522930000000000000e+05
1.522970000000000000e+05
1.523110000000000000e+05
1.523630000000000000e+05
1.523770000000000000e+05
1.523810000000000000e+05
1.523890000000000000e+05
1.523930000000000000e+05
1.524070000000000000e+05
1.524170000000000000e+05
1.524190000000000000e+05
1.524230000000000000e+05
1.524290000000000000e+05
1.524410000000000000e+05
1.524430000000000000e+05
1.524590000000000000e+05
1.524610000000000000e+05
1.525010000000000000e+05
1.525190000000000000e+05
1.525310000000000000e+05
1.525330000000000000e+05
1.525390000000000000e+05
1.525630000000000000e+05
1.525670000000000000e+05
1.525970000000000000e+05
1.525990000000000000e+05
1.526170000000000000e+05
1.526230000000000000e+05
1.526290000000000000e+05
1.526390000000000000e+05
1.526410000000000000e+05
1.526570000000000000e+05
1.526710000000000000e+05
1.526810000000000000e+05
1.527170000000000000e+05
1.527230000000000000e+05
1.527290000000000000e+05
1.527530000000000000e+05
1.527670000000000000e+05
1.527770000000000000e+05
1.527830000000000000e+05
1.527910000000000000e+05
1.528090000000000000e+05
1.528190000000000000e+05
1.528210000000000000e+05
1.528330000000000000e+05
1.528370000000000000e+05
1.528390000000000000e+05
1.528430000000000000e+05
1.528510000000000000e+05
1.528570000000000000e+05
1.528790000000000000e+05
