1.541270000000000000e+05
1.541530000000000000e+05
1.541570000000000000e+05
1.541590000000000000e+05
1.541810000000000000e+05
1.541830000000000000e+05
1.542110000000000000e+05
1.542130000000000000e+05
1.542290000000000000e+05
1.542430000000000000e+05
1.542470000000000000e+05
1.542670000000000000e+05
1.542770000000000000e+05
1.542790000000000000e+05
1.542910000000000000e+05
1.543030000000000000e+05
1.543130000000000000e+05
1.543210000000000000e+05
1.543330000000000000e+05
1.543390000000000000e+05
1.543510000000000000e+05
1.543690000000000000e+05
1.543730000000000000e+05
1.543870000000000000e+05
1.544090000000000000e+05
1.544170000000000000e+05
1.544230000000000000e+05
1.544390000000000000e+05
1.544590000000000000e+05
1.544870000000000000e+05
1.544930000000000000e+05
1.545010000000000000e+05
1.545230000000000000e+05
1.545430000000000000e+05
1.545710000000000000e+05
1.545730000000000000e+05
1.545790000000000000e+05
1.545890000000000000e+05
1.545910000000000000e+05
1.546130000000000000e+05
1.546190000000000000e+05
1.546210000000000000e+05
1.546430000000000000e+05
1.546670000000000000e+05
1.546690000000000000e+05
1.546810000000000000e+05
1.546910000000000000e+05
1.546990000000000000e+05
1.547230000000000000e+05
1.547270000000000000e+05
1.547330000000000000e+05
1.547470000000000000e+05
1.547530000000000000e+05
1.547690000000000000e+05
1.547870000000000000e+05
1.547890000000000000e+05
1.547990000000000000e+05
1.548070000000000000e+05
1.548230000000000000e+05
1.548410000000000000e+05
1.548490000000000000e+05
1.548710000000000000e+05
1.548730000000000000e+05
1.548770000000000000e+05
1.548830000000000000e+05
1.548970000000000000e+05
1.549270000000000000e+05
1.549330000000000000e+05
1.549370000000000000e+05
1.549430000000000000e+05
1.549810000000000000e+05
1.549910000000000000e+05
1.550030000000000000e+05
1.550090000000000000e+05
1.550170000000000000e+05
1.550270000000000000e+05
1.550470000000000000e+05
1.550690000000000000e+05
1.550810000000000000e+05
1.550830000000000000e+05
1.550870000000000000e+05
1.551190000000000000e+05
1.551370000000000000e+05
1.551530000000000000e+05
1.551610000000000000e+05
1.551670000000000000e+05
1.551710000000000000e+05
1.551910000000000000e+05
1.552010000000000000e+05
1.552030000000000000e+05
1.552090000000000000e+05
1.552190000000000000e+05
1.552310000000000000e+05
1.552510000000000000e+05
1.552690000000000000e+05
1.552910000000000000e+05
1.552990000000000000e+05
1.553030000000000000e+05
1.553170000000000000e+05
1.553270000000000000e+05
