1.553330000000000000e+05
1.553710000000000000e+05
1.553770000000000000e+05
1.553810000000000000e+05
1.553830000000000000e+05
1.553870000000000000e+05
1.553990000000000000e+05
1.554130000000000000e+05
1.554230000000000000e+05
1.554430000000000000e+05
1.554530000000000000e+05
1.554610000000000000e+05
1.554730000000000000e+05
1.555010000000000000e+05
1.555090000000000000e+05
1.555210000000000000e+05
1.555370000000000000e+05
1.555390000000000000e+05
1.555570000000000000e+05
1.555690000000000000e+05
1.555790000000000000e+05
1.555810000000000000e+05
1.555930000000000000e+05
1.555990000000000000e+05
1.556090000000000000e+05
1.556210000000000000e+05
1.556270000000000000e+05
1.556530000000000000e+05
1.556570000000000000e+05
1.556630000000000000e+05
1.556710000000000000e+05
1.556890000000000000e+05
1.556930000000000000e+05
1.556990000000000000e+05
1.557070000000000000e+05
1.557170000000000000e+05
1.557190000000000000e+05
1.557230000000000000e+05
1.557310000000000000e+05
1.557410000000000000e+05
1.557470000000000000e+05
1.557730000000000000e+05
1.557770000000000000e+05
1.557830000000000000e+05
1.557970000000000000e+05
1.558010000000000000e+05
1.558090000000000000e+05
1.558210000000000000e+05
1.558330000000000000e+05
1.558490000000000000e+05
1.558510000000000000e+05
1.558610000000000000e+05
1.558630000000000000e+05
1.558870000000000000e+05
1.558910000000000000e+05
1.558930000000000000e+05
1.559210000000000000e+05
1.560070000000000000e+05
1.560110000000000000e+05
1.560190000000000000e+05
1.560410000000000000e+05
1.560590000000000000e+05
1.560610000000000000e+05
1.560710000000000000e+05
1.560890000000000000e+05
1.561090000000000000e+05
1.561190000000000000e+05
1.561270000000000000e+05
1.561310000000000000e+05
1.561390000000000000e+05
1.561510000000000000e+05
1.561570000000000000e+05
1.562170000000000000e+05
1.562270000000000000e+05
1.562290000000000000e+05
1.562410000000000000e+05
1.562530000000000000e+05
1.562570000000000000e+05
1.562590000000000000e+05
1.562690000000000000e+05
1.563070000000000000e+05
1.563190000000000000e+05
1.563290000000000000e+05
1.563470000000000000e+05
1.563530000000000000e+05
1.563610000000000000e+05
1.563710000000000000e+05
1.564190000000000000e+05
1.564210000000000000e+05
1.564370000000000000e+05
1.564670000000000000e+05
1.564870000000000000e+05
1.564910000000000000e+05
1.564930000000000000e+05
1.565110000000000000e+05
1.565210000000000000e+05
1.565390000000000000e+05
1.565770000000000000e+05
1.565890000000000000e+05
1.565930000000000000e+05
