1.577470000000000000e+05
1.577690000000000000e+05
1.577710000000000000e+05
1.577930000000000000e+05
1.577990000000000000e+05
1.578130000000000000e+05
1.578230000000000000e+05
1.578310000000000000e+05
1.578370000000000000e+05
1.578410000000000000e+05
1.578670000000000000e+05
1.578770000000000000e+05
1.578890000000000000e+05
1.578970000000000000e+05
1.579010000000000000e+05
1.579070000000000000e+05
1.579310000000000000e+05
1.579330000000000000e+05
1.579510000000000000e+05
1.579910000000000000e+05
1.579990000000000000e+05
1.580030000000000000e+05
1.580090000000000000e+05
1.580170000000000000e+05
1.580290000000000000e+05
1.580470000000000000e+05
1.580710000000000000e+05
1.580770000000000000e+05
1.581130000000000000e+05
1.581290000000000000e+05
1.581410000000000000e+05
1.581430000000000000e+05
1.581610000000000000e+05
1.581890000000000000e+05
1.582010000000000000e+05
1.582090000000000000e+05
1.582270000000000000e+05
1.582310000000000000e+05
1.582330000000000000e+05
1.582430000000000000e+05
1.582610000000000000e+05
1.582690000000000000e+05
1.582930000000000000e+05
1.583030000000000000e+05
1.583290000000000000e+05
1.583410000000000000e+05
1.583510000000000000e+05
1.583570000000000000e+05
1.583590000000000000e+05
1.583630000000000000e+05
1.583710000000000000e+05
1.583930000000000000e+05
1.584070000000000000e+05
1.584190000000000000e+05
1.584290000000000000e+05
1.584430000000000000e+05
1.584490000000000000e+05
1.584890000000000000e+05
1.585070000000000000e+05
1.585190000000000000e+05
1.585270000000000000e+05
1.585370000000000000e+05
1.585510000000000000e+05
1.585630000000000000e+05
1.585670000000000000e+05
1.585730000000000000e+05
1.585810000000000000e+05
1.585910000000000000e+05
1.585970000000000000e+05
1.586110000000000000e+05
1.586170000000000000e+05
1.586210000000000000e+05
1.586330000000000000e+05
1.586470000000000000e+05
1.586570000000000000e+05
1.586630000000000000e+05
1.586990000000000000e+05
1.587310000000000000e+05
1.587470000000000000e+05
1.587490000000000000e+05
1.587590000000000000e+05
1.587610000000000000e+05
1.587710000000000000e+05
1.587770000000000000e+05
1.587910000000000000e+05
1.588030000000000000e+05
1.588430000000000000e+05
1.588490000000000000e+05
1.588630000000000000e+05
1.588670000000000000e+05
1.588810000000000000e+05
1.589090000000000000e+05
1.589230000000000000e+05
1.589270000000000000e+05
1.589410000000000000e+05
1.589590000000000000e+05
1.589810000000000000e+05
1.589930000000000000e+05
1.590130000000000000e+05
1.590170000000000000e+05
