1.590230000000000000e+05
1.590590000000000000e+05
1.590730000000000000e+05
1.590790000000000000e+05
1.590970000000000000e+05
1.591130000000000000e+05
1.591190000000000000e+05
1.591570000000000000e+05
1.591610000000000000e+05
1.591670000000000000e+05
1.591690000000000000e+05
1.591790000000000000e+05
1.591910000000000000e+05
1.591930000000000000e+05
1.591990000000000000e+05
1.592090000000000000e+05
1.592230000000000000e+05
1.592270000000000000e+05
1.592330000000000000e+05
1.592870000000000000e+05
1.592930000000000000e+05
1.593110000000000000e+05
1.593190000000000000e+05
1.593370000000000000e+05
1.593470000000000000e+05
1.593490000000000000e+05
1.593610000000000000e+05
1.593890000000000000e+05
1.594030000000000000e+05
1.594070000000000000e+05
1.594210000000000000e+05
1.594310000000000000e+05
1.594370000000000000e+05
1.594570000000000000e+05
1.594630000000000000e+05
1.594690000000000000e+05
1.594730000000000000e+05
1.594910000000000000e+05
1.594990000000000000e+05
1.595030000000000000e+05
1.595210000000000000e+05
1.595390000000000000e+05
1.595410000000000000e+05
1.595530000000000000e+05
1.595630000000000000e+05
1.595690000000000000e+05
1.595710000000000000e+05
1.595890000000000000e+05
1.596170000000000000e+05
1.596230000000000000e+05
1.596290000000000000e+05
1.596310000000000000e+05
1.596670000000000000e+05
1.596710000000000000e+05
1.596730000000000000e+05
1.596830000000000000e+05
1.596970000000000000e+05
1.597010000000000000e+05
1.597070000000000000e+05
1.597210000000000000e+05
1.597370000000000000e+05
1.597390000000000000e+05
1.597630000000000000e+05
1.597690000000000000e+05
1.597730000000000000e+05
1.597790000000000000e+05
1.597870000000000000e+05
1.597910000000000000e+05
1.597930000000000000e+05
1.597990000000000000e+05
1.598110000000000000e+05
1.598330000000000000e+05
1.598390000000000000e+05
1.598530000000000000e+05
1.598570000000000000e+05
1.598690000000000000e+05
1.598710000000000000e+05
1.598990000000000000e+05
1.599110000000000000e+05
1.599310000000000000e+05
1.599370000000000000e+05
1.599770000000000000e+05
1.599790000000000000e+05
1.600010000000000000e+05
1.600090000000000000e+05
1.600190000000000000e+05
1.600310000000000000e+05
1.600330000000000000e+05
1.600490000000000000e+05
1.600730000000000000e+05
1.600790000000000000e+05
1.600810000000000000e+05
1.600870000000000000e+05
1.600910000000000000e+05
1.600930000000000000e+05
1.601170000000000000e+05
1.601410000000000000e+05
1.601590000000000000e+05
1.601630000000000000e+05
1.601690000000000000e+05
