1.601830000000000000e+05
1.602010000000000000e+05
1.602070000000000000e+05
1.602170000000000000e+05
1.602310000000000000e+05
1.602430000000000000e+05
1.602530000000000000e+05
1.603090000000000000e+05
1.603130000000000000e+05
1.603190000000000000e+05
1.603430000000000000e+05
1.603570000000000000e+05
1.603670000000000000e+05
1.603730000000000000e+05
1.603870000000000000e+05
1.603970000000000000e+05
1.604030000000000000e+05
1.604090000000000000e+05
1.604230000000000000e+05
1.604410000000000000e+05
1.604530000000000000e+05
1.604810000000000000e+05
1.604830000000000000e+05
1.604990000000000000e+05
1.605070000000000000e+05
1.605410000000000000e+05
1.605530000000000000e+05
1.605790000000000000e+05
1.605830000000000000e+05
1.605910000000000000e+05
1.606030000000000000e+05
1.606190000000000000e+05
1.606210000000000000e+05
1.606270000000000000e+05
1.606370000000000000e+05
1.606390000000000000e+05
1.606490000000000000e+05
1.606510000000000000e+05
1.606630000000000000e+05
1.606690000000000000e+05
1.606810000000000000e+05
1.606870000000000000e+05
1.606970000000000000e+05
1.607090000000000000e+05
1.607110000000000000e+05
1.607230000000000000e+05
1.607390000000000000e+05
1.607510000000000000e+05
1.607530000000000000e+05
1.607570000000000000e+05
1.607810000000000000e+05
1.607890000000000000e+05
1.608070000000000000e+05
1.608130000000000000e+05
1.608170000000000000e+05
1.608290000000000000e+05
1.608410000000000000e+05
1.608610000000000000e+05
1.608770000000000000e+05
1.608790000000000000e+05
1.608830000000000000e+05
1.609030000000000000e+05
1.609070000000000000e+05
1.609330000000000000e+05
1.609670000000000000e+05
1.609690000000000000e+05
1.609810000000000000e+05
1.609970000000000000e+05
1.610090000000000000e+05
1.610170000000000000e+05
1.610330000000000000e+05
1.610390000000000000e+05
1.610470000000000000e+05
1.610530000000000000e+05
1.610590000000000000e+05
1.610710000000000000e+05
1.610870000000000000e+05
1.610930000000000000e+05
1.611230000000000000e+05
1.611370000000000000e+05
1.611410000000000000e+05
1.611490000000000000e+05
1.611590000000000000e+05
1.611670000000000000e+05
1.612010000000000000e+05
1.612210000000000000e+05
1.612330000000000000e+05
1.612370000000000000e+05
1.612630000000000000e+05
1.612670000000000000e+05
1.612810000000000000e+05
1.613030000000000000e+05
1.613090000000000000e+05
1.613230000000000000e+05
1.613330000000000000e+05
1.613390000000000000e+05
1.613410000000000000e+05
1.613630000000000000e+05
1.613770000000000000e+05
1.613870000000000000e+05
