1.614070000000000000e+05
1.614110000000000000e+05
1.614530000000000000e+05
1.614590000000000000e+05
1.614610000000000000e+05
1.614710000000000000e+05
1.615030000000000000e+05
1.615070000000000000e+05
1.615210000000000000e+05
1.615270000000000000e+05
1.615310000000000000e+05
1.615430000000000000e+05
1.615610000000000000e+05
1.615630000000000000e+05
1.615690000000000000e+05
1.615730000000000000e+05
1.615910000000000000e+05
1.615990000000000000e+05
1.616110000000000000e+05
1.616270000000000000e+05
1.616390000000000000e+05
1.616410000000000000e+05
1.616590000000000000e+05
1.616830000000000000e+05
1.617170000000000000e+05
1.617290000000000000e+05
1.617310000000000000e+05
1.617410000000000000e+05
1.617430000000000000e+05
1.617530000000000000e+05
1.617610000000000000e+05
1.617710000000000000e+05
1.617730000000000000e+05
1.617790000000000000e+05
1.617830000000000000e+05
1.618070000000000000e+05
1.618310000000000000e+05
1.618390000000000000e+05
1.618690000000000000e+05
1.618730000000000000e+05
1.618790000000000000e+05
1.618810000000000000e+05
1.619110000000000000e+05
1.619210000000000000e+05
1.619230000000000000e+05
1.619470000000000000e+05
1.619570000000000000e+05
1.619690000000000000e+05
1.619710000000000000e+05
1.619770000000000000e+05
1.619830000000000000e+05
1.619990000000000000e+05
1.620070000000000000e+05
1.620110000000000000e+05
1.620170000000000000e+05
1.620530000000000000e+05
1.620590000000000000e+05
1.620790000000000000e+05
1.620910000000000000e+05
1.621090000000000000e+05
1.621190000000000000e+05
1.621430000000000000e+05
1.622090000000000000e+05
1.622210000000000000e+05
1.622290000000000000e+05
1.622510000000000000e+05
1.622570000000000000e+05
1.622630000000000000e+05
1.622690000000000000e+05
1.622770000000000000e+05
1.622870000000000000e+05
1.622890000000000000e+05
1.622930000000000000e+05
1.623430000000000000e+05
1.623590000000000000e+05
1.623890000000000000e+05
1.623910000000000000e+05
1.624130000000000000e+05
1.624190000000000000e+05
1.624390000000000000e+05
1.624510000000000000e+05
1.624570000000000000e+05
1.624730000000000000e+05
1.624930000000000000e+05
1.624990000000000000e+05
1.625170000000000000e+05
1.625230000000000000e+05
1.625270000000000000e+05
1.625290000000000000e+05
1.625530000000000000e+05
1.625570000000000000e+05
1.625630000000000000e+05
1.625770000000000000e+05
1.625930000000000000e+05
1.626010000000000000e+05
1.626110000000000000e+05
1.626230000000000000e+05
1.626290000000000000e+05
1.626410000000000000e+05
1.626490000000000000e+05
