1.638470000000000000e+05
1.638530000000000000e+05
1.638590000000000000e+05
1.638610000000000000e+05
1.638710000000000000e+05
1.638830000000000000e+05
1.639010000000000000e+05
1.639090000000000000e+05
1.639270000000000000e+05
1.639730000000000000e+05
1.639790000000000000e+05
1.639810000000000000e+05
1.639870000000000000e+05
1.639910000000000000e+05
1.639930000000000000e+05
1.639970000000000000e+05
1.640110000000000000e+05
1.640230000000000000e+05
1.640390000000000000e+05
1.640510000000000000e+05
1.640570000000000000e+05
1.640710000000000000e+05
1.640890000000000000e+05
1.640930000000000000e+05
1.641130000000000000e+05
1.641170000000000000e+05
1.641470000000000000e+05
1.641490000000000000e+05
1.641730000000000000e+05
1.641830000000000000e+05
1.641910000000000000e+05
1.642010000000000000e+05
1.642090000000000000e+05
1.642310000000000000e+05
1.642330000000000000e+05
1.642390000000000000e+05
1.642490000000000000e+05
1.642510000000000000e+05
1.642670000000000000e+05
1.642790000000000000e+05
1.642910000000000000e+05
1.642990000000000000e+05
1.643090000000000000e+05
1.643210000000000000e+05
1.643410000000000000e+05
1.643570000000000000e+05
1.643630000000000000e+05
1.643710000000000000e+05
1.643770000000000000e+05
1.643870000000000000e+05
1.644130000000000000e+05
1.644190000000000000e+05
1.644290000000000000e+05
1.644310000000000000e+05
1.644430000000000000e+05
1.644470000000000000e+05
1.644490000000000000e+05
1.644710000000000000e+05
1.644770000000000000e+05
1.645030000000000000e+05
1.645130000000000000e+05
1.645310000000000000e+05
1.645690000000000000e+05
1.645810000000000000e+05
1.645870000000000000e+05
1.645990000000000000e+05
1.646170000000000000e+05
1.646210000000000000e+05
1.646230000000000000e+05
1.646270000000000000e+05
1.646530000000000000e+05
1.646630000000000000e+05
1.646770000000000000e+05
1.646830000000000000e+05
1.647010000000000000e+05
1.647070000000000000e+05
1.647290000000000000e+05
1.647430000000000000e+05
1.647670000000000000e+05
1.647710000000000000e+05
1.647890000000000000e+05
1.648090000000000000e+05
1.648210000000000000e+05
1.648310000000000000e+05
1.648370000000000000e+05
1.648390000000000000e+05
1.648810000000000000e+05
1.648930000000000000e+05
1.649110000000000000e+05
1.649530000000000000e+05
1.649630000000000000e+05
1.649870000000000000e+05
1.649990000000000000e+05
1.650010000000000000e+05
1.650370000000000000e+05
1.650410000000000000e+05
1.650470000000000000e+05
1.650490000000000000e+05
1.650590000000000000e+05
1.650790000000000000e+05
