1.663570000000000000e+05
1.663630000000000000e+05
1.663930000000000000e+05
1.663990000000000000e+05
1.664030000000000000e+05
1.664090000000000000e+05
1.664170000000000000e+05
1.664290000000000000e+05
1.664570000000000000e+05
1.664710000000000000e+05
1.664870000000000000e+05
1.665410000000000000e+05
1.665610000000000000e+05
1.665670000000000000e+05
1.665710000000000000e+05
1.665970000000000000e+05
1.666010000000000000e+05
1.666030000000000000e+05
1.666090000000000000e+05
1.666130000000000000e+05
1.666190000000000000e+05
1.666270000000000000e+05
1.666310000000000000e+05
1.666430000000000000e+05
1.666570000000000000e+05
1.666670000000000000e+05
1.666690000000000000e+05
1.666790000000000000e+05
1.666930000000000000e+05
1.667030000000000000e+05
1.667230000000000000e+05
1.667390000000000000e+05
1.667410000000000000e+05
1.667810000000000000e+05
1.667830000000000000e+05
1.667990000000000000e+05
1.668070000000000000e+05
1.668230000000000000e+05
1.668410000000000000e+05
1.668430000000000000e+05
1.668470000000000000e+05
1.668490000000000000e+05
1.668530000000000000e+05
1.668610000000000000e+05
1.668670000000000000e+05
1.668710000000000000e+05
1.669090000000000000e+05
1.669190000000000000e+05
1.669310000000000000e+05
1.669490000000000000e+05
1.669670000000000000e+05
1.669730000000000000e+05
1.669790000000000000e+05
1.669870000000000000e+05
1.670090000000000000e+05
1.670170000000000000e+05
1.670210000000000000e+05
1.670230000000000000e+05
1.670330000000000000e+05
1.670390000000000000e+05
1.670470000000000000e+05
1.670510000000000000e+05
1.670710000000000000e+05
1.670770000000000000e+05
1.670810000000000000e+05
1.670870000000000000e+05
1.670990000000000000e+05
1.671070000000000000e+05
1.671130000000000000e+05
1.671170000000000000e+05
1.671190000000000000e+05
1.671490000000000000e+05
1.671590000000000000e+05
1.671730000000000000e+05
1.671770000000000000e+05
1.671910000000000000e+05
1.671970000000000000e+05
1.672130000000000000e+05
1.672210000000000000e+05
1.672490000000000000e+05
1.672610000000000000e+05
1.672670000000000000e+05
1.672690000000000000e+05
1.673090000000000000e+05
1.673110000000000000e+05
1.673170000000000000e+05
1.673290000000000000e+05
1.673390000000000000e+05
1.673410000000000000e+05
1.673810000000000000e+05
1.673930000000000000e+05
1.674070000000000000e+05
1.674130000000000000e+05
1.674230000000000000e+05
1.674290000000000000e+05
1.674370000000000000e+05
1.674410000000000000e+05
1.674430000000000000e+05
1.674490000000000000e+05
1.674710000000000000e+05
