1.674830000000000000e+05
1.674910000000000000e+05
1.675210000000000000e+05
1.675370000000000000e+05
1.675430000000000000e+05
1.675930000000000000e+05
1.675970000000000000e+05
1.676110000000000000e+05
1.676210000000000000e+05
1.676230000000000000e+05
1.676270000000000000e+05
1.676330000000000000e+05
1.676410000000000000e+05
1.676630000000000000e+05
1.676770000000000000e+05
1.676830000000000000e+05
1.677110000000000000e+05
1.677290000000000000e+05
1.677470000000000000e+05
1.677590000000000000e+05
1.677710000000000000e+05
1.677770000000000000e+05
1.677790000000000000e+05
1.678010000000000000e+05
1.678090000000000000e+05
1.678610000000000000e+05
1.678630000000000000e+05
1.678730000000000000e+05
1.678790000000000000e+05
1.678870000000000000e+05
1.678910000000000000e+05
1.678990000000000000e+05
1.679110000000000000e+05
1.679170000000000000e+05
1.679530000000000000e+05
1.679710000000000000e+05
1.679870000000000000e+05
1.680130000000000000e+05
1.680230000000000000e+05
1.680290000000000000e+05
1.680370000000000000e+05
1.680430000000000000e+05
1.680670000000000000e+05
1.680710000000000000e+05
1.680830000000000000e+05
1.680890000000000000e+05
1.681090000000000000e+05
1.681270000000000000e+05
1.681430000000000000e+05
1.681510000000000000e+05
1.681930000000000000e+05
1.681970000000000000e+05
1.682110000000000000e+05
1.682270000000000000e+05
1.682470000000000000e+05
1.682530000000000000e+05
1.682630000000000000e+05
1.682690000000000000e+05
1.682770000000000000e+05
1.682810000000000000e+05
1.682930000000000000e+05
1.683230000000000000e+05
1.683310000000000000e+05
1.683470000000000000e+05
1.683530000000000000e+05
1.683910000000000000e+05
1.684090000000000000e+05
1.684330000000000000e+05
1.684490000000000000e+05
1.684510000000000000e+05
1.684570000000000000e+05
1.684630000000000000e+05
1.684810000000000000e+05
1.684910000000000000e+05
1.684990000000000000e+05
1.685230000000000000e+05
1.685270000000000000e+05
1.685330000000000000e+05
1.685410000000000000e+05
1.685590000000000000e+05
1.685990000000000000e+05
1.686010000000000000e+05
1.686170000000000000e+05
1.686290000000000000e+05
1.686310000000000000e+05
1.686430000000000000e+05
1.686730000000000000e+05
1.686770000000000000e+05
1.686970000000000000e+05
1.687130000000000000e+05
1.687190000000000000e+05
1.687310000000000000e+05
1.687370000000000000e+05
1.687430000000000000e+05
1.687610000000000000e+05
1.687690000000000000e+05
1.687810000000000000e+05
1.688030000000000000e+05
1.688510000000000000e+05
1.688630000000000000e+05
