1.700470000000000000e+05
1.700570000000000000e+05
1.700630000000000000e+05
1.700810000000000000e+05
1.700990000000000000e+05
1.701010000000000000e+05
1.701110000000000000e+05
1.701230000000000000e+05
1.701410000000000000e+05
1.701670000000000000e+05
1.701790000000000000e+05
1.701890000000000000e+05
1.701970000000000000e+05
1.702070000000000000e+05
1.702130000000000000e+05
1.702270000000000000e+05
1.702310000000000000e+05
1.702390000000000000e+05
1.702430000000000000e+05
1.702490000000000000e+05
1.702630000000000000e+05
1.702670000000000000e+05
1.702790000000000000e+05
1.702930000000000000e+05
1.702990000000000000e+05
1.703270000000000000e+05
1.703410000000000000e+05
1.703470000000000000e+05
1.703510000000000000e+05
1.703530000000000000e+05
1.703630000000000000e+05
1.703690000000000000e+05
1.703710000000000000e+05
1.703830000000000000e+05
1.703890000000000000e+05
1.703930000000000000e+05
1.704130000000000000e+05
1.704410000000000000e+05
1.704470000000000000e+05
1.704730000000000000e+05
1.704830000000000000e+05
1.704970000000000000e+05
1.705030000000000000e+05
1.705090000000000000e+05
1.705370000000000000e+05
1.705390000000000000e+05
1.705510000000000000e+05
1.705570000000000000e+05
1.705790000000000000e+05
1.706030000000000000e+05
1.706090000000000000e+05
1.706270000000000000e+05
1.706330000000000000e+05
1.706410000000000000e+05
1.706470000000000000e+05
1.706690000000000000e+05
1.706890000000000000e+05
1.707010000000000000e+05
1.707070000000000000e+05
1.707110000000000000e+05
1.707410000000000000e+05
1.707490000000000000e+05
1.707590000000000000e+05
1.707610000000000000e+05
1.707670000000000000e+05
1.707730000000000000e+05
1.707770000000000000e+05
1.708010000000000000e+05
1.708090000000000000e+05
1.708130000000000000e+05
1.708270000000000000e+05
1.708370000000000000e+05
1.708430000000000000e+05
1.708510000000000000e+05
1.708570000000000000e+05
1.708730000000000000e+05
1.708810000000000000e+05
1.708870000000000000e+05
1.708990000000000000e+05
1.709210000000000000e+05
1.709270000000000000e+05
1.709530000000000000e+05
1.709570000000000000e+05
1.709710000000000000e+05
1.710070000000000000e+05
1.710230000000000000e+05
1.710290000000000000e+05
1.710430000000000000e+05
1.710470000000000000e+05
1.710490000000000000e+05
1.710530000000000000e+05
1.710770000000000000e+05
1.710790000000000000e+05
1.710910000000000000e+05
1.711030000000000000e+05
1.711310000000000000e+05
1.711610000000000000e+05
1.711630000000000000e+05
1.711670000000000000e+05
1.711690000000000000e+05
