1.711790000000000000e+05
1.712030000000000000e+05
1.712330000000000000e+05
1.712510000000000000e+05
1.712530000000000000e+05
1.712630000000000000e+05
1.712710000000000000e+05
1.712930000000000000e+05
1.712990000000000000e+05
1.713170000000000000e+05
1.713290000000000000e+05
1.713410000000000000e+05
1.713830000000000000e+05
1.714010000000000000e+05
1.714030000000000000e+05
1.714270000000000000e+05
1.714390000000000000e+05
1.714490000000000000e+05
1.714670000000000000e+05
1.714690000000000000e+05
1.714730000000000000e+05
1.714810000000000000e+05
1.714910000000000000e+05
1.715170000000000000e+05
1.715290000000000000e+05
1.715390000000000000e+05
1.715410000000000000e+05
1.715530000000000000e+05
1.715590000000000000e+05
1.715710000000000000e+05
1.715830000000000000e+05
1.716170000000000000e+05
1.716290000000000000e+05
1.716370000000000000e+05
1.716410000000000000e+05
1.716530000000000000e+05
1.716590000000000000e+05
1.716710000000000000e+05
1.716730000000000000e+05
1.716790000000000000e+05
1.716970000000000000e+05
1.717070000000000000e+05
1.717130000000000000e+05
1.717190000000000000e+05
1.717330000000000000e+05
1.717570000000000000e+05
1.717610000000000000e+05
1.717630000000000000e+05
1.717930000000000000e+05
1.717990000000000000e+05
1.718030000000000000e+05
1.718110000000000000e+05
1.718230000000000000e+05
1.718270000000000000e+05
1.718510000000000000e+05
1.718630000000000000e+05
1.718690000000000000e+05
1.718770000000000000e+05
1.718810000000000000e+05
1.718890000000000000e+05
1.719170000000000000e+05
1.719230000000000000e+05
1.719290000000000000e+05
1.719370000000000000e+05
1.719470000000000000e+05
1.720010000000000000e+05
1.720090000000000000e+05
1.720210000000000000e+05
1.720270000000000000e+05
1.720310000000000000e+05
1.720490000000000000e+05
1.720690000000000000e+05
1.720790000000000000e+05
1.720930000000000000e+05
1.720970000000000000e+05
1.721270000000000000e+05
1.721470000000000000e+05
1.721530000000000000e+05
1.721570000000000000e+05
1.721690000000000000e+05
1.721710000000000000e+05
1.721810000000000000e+05
1.721990000000000000e+05
1.722130000000000000e+05
1.722170000000000000e+05
1.722190000000000000e+05
1.722230000000000000e+05
1.722430000000000000e+05
1.722590000000000000e+05
1.722790000000000000e+05
1.722830000000000000e+05
1.722970000000000000e+05
1.723070000000000000e+05
1.723130000000000000e+05
1.723210000000000000e+05
1.723310000000000000e+05
1.723430000000000000e+05
1.723510000000000000e+05
1.723570000000000000e+05
1.723730000000000000e+05
