1.747990000000000000e+05
1.748210000000000000e+05
1.748290000000000000e+05
1.748510000000000000e+05
1.748590000000000000e+05
1.748770000000000000e+05
1.748930000000000000e+05
1.749010000000000000e+05
1.749070000000000000e+05
1.749170000000000000e+05
1.749290000000000000e+05
1.749310000000000000e+05
1.749430000000000000e+05
1.749590000000000000e+05
1.749890000000000000e+05
1.749910000000000000e+05
1.750030000000000000e+05
1.750130000000000000e+05
1.750390000000000000e+05
1.750610000000000000e+05
1.750670000000000000e+05
1.750690000000000000e+05
1.750790000000000000e+05
1.750810000000000000e+05
1.751030000000000000e+05
1.751290000000000000e+05
1.751410000000000000e+05
1.752110000000000000e+05
1.752290000000000000e+05
1.752610000000000000e+05
1.752670000000000000e+05
1.752770000000000000e+05
1.752910000000000000e+05
1.753030000000000000e+05
1.753090000000000000e+05
1.753270000000000000e+05
1.753330000000000000e+05
1.753490000000000000e+05
1.753610000000000000e+05
1.753910000000000000e+05
1.753930000000000000e+05
1.754030000000000000e+05
1.754110000000000000e+05
1.754330000000000000e+05
1.754470000000000000e+05
1.754530000000000000e+05
1.754630000000000000e+05
1.754810000000000000e+05
1.754930000000000000e+05
1.754990000000000000e+05
1.755190000000000000e+05
1.755230000000000000e+05
1.755430000000000000e+05
1.755730000000000000e+05
1.756010000000000000e+05
1.756210000000000000e+05
1.756310000000000000e+05
1.756330000000000000e+05
1.756490000000000000e+05
1.756630000000000000e+05
1.756730000000000000e+05
1.756870000000000000e+05
1.756910000000000000e+05
1.756990000000000000e+05
1.757090000000000000e+05
1.757230000000000000e+05
1.757270000000000000e+05
1.757530000000000000e+05
1.757570000000000000e+05
1.757590000000000000e+05
1.757810000000000000e+05
1.757830000000000000e+05
1.758110000000000000e+05
1.758290000000000000e+05
1.758370000000000000e+05
1.758430000000000000e+05
1.758530000000000000e+05
1.758590000000000000e+05
1.758730000000000000e+05
1.758910000000000000e+05
1.758970000000000000e+05
1.759090000000000000e+05
1.759190000000000000e+05
1.759370000000000000e+05
1.759390000000000000e+05
1.759490000000000000e+05
1.759610000000000000e+05
1.759630000000000000e+05
1.759790000000000000e+05
1.759910000000000000e+05
1.759930000000000000e+05
1.760170000000000000e+05
1.760210000000000000e+05
1.760230000000000000e+05
1.760410000000000000e+05
1.760470000000000000e+05
1.760510000000000000e+05
1.760530000000000000e+05
1.760630000000000000e+05
1.760810000000000000e+05
