1.760870000000000000e+05
1.760890000000000000e+05
1.761230000000000000e+05
1.761290000000000000e+05
1.761530000000000000e+05
1.761590000000000000e+05
1.761610000000000000e+05
1.761790000000000000e+05
1.761910000000000000e+05
1.762010000000000000e+05
1.762070000000000000e+05
1.762130000000000000e+05
1.762210000000000000e+05
1.762270000000000000e+05
1.762370000000000000e+05
1.762430000000000000e+05
1.762610000000000000e+05
1.762990000000000000e+05
1.763030000000000000e+05
1.763170000000000000e+05
1.763210000000000000e+05
1.763270000000000000e+05
1.763290000000000000e+05
1.763330000000000000e+05
1.763470000000000000e+05
1.763530000000000000e+05
1.763570000000000000e+05
1.763690000000000000e+05
1.763830000000000000e+05
1.763890000000000000e+05
1.764010000000000000e+05
1.764130000000000000e+05
1.764170000000000000e+05
1.764190000000000000e+05
1.764310000000000000e+05
1.764590000000000000e+05
1.764610000000000000e+05
1.764670000000000000e+05
1.764890000000000000e+05
1.764970000000000000e+05
1.765030000000000000e+05
1.765070000000000000e+05
1.765090000000000000e+05
1.765210000000000000e+05
1.765310000000000000e+05
1.765370000000000000e+05
1.765490000000000000e+05
1.765510000000000000e+05
1.765570000000000000e+05
1.765730000000000000e+05
1.765910000000000000e+05
1.765970000000000000e+05
1.765990000000000000e+05
1.766090000000000000e+05
1.766110000000000000e+05
1.766290000000000000e+05
1.766410000000000000e+05
1.766510000000000000e+05
1.766770000000000000e+05
1.766990000000000000e+05
1.767110000000000000e+05
1.767130000000000000e+05
1.767410000000000000e+05
1.767470000000000000e+05
1.767530000000000000e+05
1.767770000000000000e+05
1.767790000000000000e+05
1.767890000000000000e+05
1.767910000000000000e+05
1.767970000000000000e+05
1.768070000000000000e+05
1.768090000000000000e+05
1.768190000000000000e+05
1.768490000000000000e+05
1.768570000000000000e+05
1.768870000000000000e+05
1.768990000000000000e+05
1.769030000000000000e+05
1.769210000000000000e+05
1.769230000000000000e+05
1.769270000000000000e+05
1.769330000000000000e+05
1.769510000000000000e+05
1.769770000000000000e+05
1.769830000000000000e+05
1.769890000000000000e+05
1.770070000000000000e+05
1.770110000000000000e+05
1.770130000000000000e+05
1.770190000000000000e+05
1.770430000000000000e+05
1.770910000000000000e+05
1.771010000000000000e+05
1.771090000000000000e+05
1.771130000000000000e+05
1.771270000000000000e+05
1.771310000000000000e+05
1.771670000000000000e+05
1.771730000000000000e+05
1.772090000000000000e+05
