1.772110000000000000e+05
1.772170000000000000e+05
1.772230000000000000e+05
1.772390000000000000e+05
1.772570000000000000e+05
1.772690000000000000e+05
1.772830000000000000e+05
1.773010000000000000e+05
1.773190000000000000e+05
1.773230000000000000e+05
1.773370000000000000e+05
1.773470000000000000e+05
1.773790000000000000e+05
1.773830000000000000e+05
1.774090000000000000e+05
1.774210000000000000e+05
1.774270000000000000e+05
1.774310000000000000e+05
1.774330000000000000e+05
1.774670000000000000e+05
1.774730000000000000e+05
1.774810000000000000e+05
1.774870000000000000e+05
1.774930000000000000e+05
1.775110000000000000e+05
1.775330000000000000e+05
1.775390000000000000e+05
1.775530000000000000e+05
1.775890000000000000e+05
1.776010000000000000e+05
1.776230000000000000e+05
1.776470000000000000e+05
1.776770000000000000e+05
1.776790000000000000e+05
1.776910000000000000e+05
1.777390000000000000e+05
1.777430000000000000e+05
1.777610000000000000e+05
1.777630000000000000e+05
1.777870000000000000e+05
1.777910000000000000e+05
1.777970000000000000e+05
1.778110000000000000e+05
1.778230000000000000e+05
1.778390000000000000e+05
1.778410000000000000e+05
1.778830000000000000e+05
1.778870000000000000e+05
1.778890000000000000e+05
1.778930000000000000e+05
1.779070000000000000e+05
1.779130000000000000e+05
1.779170000000000000e+05
1.779290000000000000e+05
1.779430000000000000e+05
1.779490000000000000e+05
1.779530000000000000e+05
1.779670000000000000e+05
1.779790000000000000e+05
1.780010000000000000e+05
1.780210000000000000e+05
1.780370000000000000e+05
1.780390000000000000e+05
1.780670000000000000e+05
1.780690000000000000e+05
1.780910000000000000e+05
1.780930000000000000e+05
1.781030000000000000e+05
1.781170000000000000e+05
1.781270000000000000e+05
1.781410000000000000e+05
1.781510000000000000e+05
1.781690000000000000e+05
1.781830000000000000e+05
1.781870000000000000e+05
1.782070000000000000e+05
1.782230000000000000e+05
1.782310000000000000e+05
1.782470000000000000e+05
1.782490000000000000e+05
1.782590000000000000e+05
1.782610000000000000e+05
1.782890000000000000e+05
1.783010000000000000e+05
1.783070000000000000e+05
1.783270000000000000e+05
1.783330000000000000e+05
1.783490000000000000e+05
1.783510000000000000e+05
1.783610000000000000e+05
1.783930000000000000e+05
1.783970000000000000e+05
1.784030000000000000e+05
1.784170000000000000e+05
1.784390000000000000e+05
1.784410000000000000e+05
1.784470000000000000e+05
1.784690000000000000e+05
1.784810000000000000e+05
1.784870000000000000e+05
