1.784890000000000000e+05
1.785010000000000000e+05
1.785130000000000000e+05
1.785310000000000000e+05
1.785370000000000000e+05
1.785590000000000000e+05
1.785610000000000000e+05
1.785670000000000000e+05
1.785710000000000000e+05
1.785970000000000000e+05
1.786010000000000000e+05
1.786030000000000000e+05
1.786090000000000000e+05
1.786130000000000000e+05
1.786210000000000000e+05
1.786270000000000000e+05
1.786390000000000000e+05
1.786430000000000000e+05
1.786810000000000000e+05
1.786910000000000000e+05
1.786930000000000000e+05
1.786970000000000000e+05
1.787530000000000000e+05
1.787570000000000000e+05
1.787810000000000000e+05
1.787930000000000000e+05
1.787990000000000000e+05
1.788070000000000000e+05
1.788130000000000000e+05
1.788170000000000000e+05
1.788190000000000000e+05
1.788310000000000000e+05
1.788530000000000000e+05
1.788590000000000000e+05
1.788730000000000000e+05
1.788770000000000000e+05
1.788890000000000000e+05
1.788970000000000000e+05
1.789030000000000000e+05
1.789070000000000000e+05
1.789090000000000000e+05
1.789210000000000000e+05
1.789310000000000000e+05
1.789330000000000000e+05
1.789390000000000000e+05
1.789510000000000000e+05
1.789730000000000000e+05
1.789870000000000000e+05
1.790210000000000000e+05
1.790290000000000000e+05
1.790330000000000000e+05
1.790410000000000000e+05
1.790510000000000000e+05
1.790570000000000000e+05
1.790830000000000000e+05
1.790890000000000000e+05
1.790990000000000000e+05
1.791070000000000000e+05
1.791110000000000000e+05
1.791190000000000000e+05
1.791430000000000000e+05
1.791610000000000000e+05
1.791670000000000000e+05
1.791730000000000000e+05
1.792030000000000000e+05
1.792090000000000000e+05
1.792130000000000000e+05
1.792330000000000000e+05
1.792430000000000000e+05
1.792610000000000000e+05
1.792690000000000000e+05
1.792810000000000000e+05
1.792870000000000000e+05
1.793170000000000000e+05
1.793210000000000000e+05
1.793270000000000000e+05
1.793510000000000000e+05
1.793570000000000000e+05
1.793690000000000000e+05
1.793810000000000000e+05
1.793830000000000000e+05
1.793930000000000000e+05
1.794070000000000000e+05
1.794110000000000000e+05
1.794290000000000000e+05
1.794370000000000000e+05
1.794410000000000000e+05
1.794530000000000000e+05
1.794610000000000000e+05
1.794710000000000000e+05
1.794790000000000000e+05
1.794830000000000000e+05
1.794970000000000000e+05
1.795190000000000000e+05
1.795270000000000000e+05
1.795330000000000000e+05
1.795490000000000000e+05
1.795630000000000000e+05
1.795730000000000000e+05
1.795790000000000000e+05
