1.795810000000000000e+05
1.795910000000000000e+05
1.795930000000000000e+05
1.796030000000000000e+05
1.796230000000000000e+05
1.796330000000000000e+05
1.796510000000000000e+05
1.796570000000000000e+05
1.796590000000000000e+05
1.796710000000000000e+05
1.796870000000000000e+05
1.796890000000000000e+05
1.796930000000000000e+05
1.797170000000000000e+05
1.797190000000000000e+05
1.797370000000000000e+05
1.797430000000000000e+05
1.797490000000000000e+05
1.797790000000000000e+05
1.798010000000000000e+05
1.798070000000000000e+05
1.798130000000000000e+05
1.798190000000000000e+05
1.798210000000000000e+05
1.798270000000000000e+05
1.798330000000000000e+05
1.798490000000000000e+05
1.798970000000000000e+05
1.798990000000000000e+05
1.799030000000000000e+05
1.799090000000000000e+05
1.799170000000000000e+05
1.799230000000000000e+05
1.799390000000000000e+05
1.799470000000000000e+05
1.799510000000000000e+05
1.799530000000000000e+05
1.799570000000000000e+05
1.799690000000000000e+05
1.799810000000000000e+05
1.799890000000000000e+05
1.799990000000000000e+05
1.800010000000000000e+05
1.800070000000000000e+05
1.800230000000000000e+05
1.800430000000000000e+05
1.800530000000000000e+05
1.800710000000000000e+05
1.800730000000000000e+05
1.800770000000000000e+05
1.800970000000000000e+05
1.801370000000000000e+05
1.801610000000000000e+05
1.801790000000000000e+05
1.801810000000000000e+05
1.802110000000000000e+05
1.802210000000000000e+05
1.802330000000000000e+05
1.802390000000000000e+05
1.802410000000000000e+05
1.802470000000000000e+05
1.802590000000000000e+05
1.802630000000000000e+05
1.802810000000000000e+05
1.802870000000000000e+05
1.802890000000000000e+05
1.803070000000000000e+05
1.803110000000000000e+05
1.803170000000000000e+05
1.803310000000000000e+05
1.803370000000000000e+05
1.803470000000000000e+05
1.803610000000000000e+05
1.803710000000000000e+05
1.803790000000000000e+05
1.803910000000000000e+05
1.804130000000000000e+05
1.804190000000000000e+05
1.804370000000000000e+05
1.804630000000000000e+05
1.804730000000000000e+05
1.804910000000000000e+05
1.804970000000000000e+05
1.805030000000000000e+05
1.805110000000000000e+05
1.805330000000000000e+05
1.805390000000000000e+05
1.805410000000000000e+05
1.805470000000000000e+05
1.805630000000000000e+05
1.805690000000000000e+05
1.806170000000000000e+05
1.806230000000000000e+05
1.806290000000000000e+05
1.806470000000000000e+05
1.806670000000000000e+05
1.806790000000000000e+05
1.807010000000000000e+05
1.807310000000000000e+05
1.807490000000000000e+05
