1.807510000000000000e+05
1.807730000000000000e+05
1.807790000000000000e+05
1.807930000000000000e+05
1.807970000000000000e+05
1.807990000000000000e+05
1.808110000000000000e+05
1.808470000000000000e+05
1.808710000000000000e+05
1.808830000000000000e+05
1.809070000000000000e+05
1.809490000000000000e+05
1.809590000000000000e+05
1.810010000000000000e+05
1.810030000000000000e+05
1.810190000000000000e+05
1.810310000000000000e+05
1.810390000000000000e+05
1.810610000000000000e+05
1.810630000000000000e+05
1.810810000000000000e+05
1.810870000000000000e+05
1.811230000000000000e+05
1.811410000000000000e+05
1.811570000000000000e+05
1.811830000000000000e+05
1.811930000000000000e+05
1.811990000000000000e+05
1.812010000000000000e+05
1.812110000000000000e+05
1.812130000000000000e+05
1.812190000000000000e+05
1.812430000000000000e+05
1.812530000000000000e+05
1.812730000000000000e+05
1.812770000000000000e+05
1.812830000000000000e+05
1.812970000000000000e+05
1.813010000000000000e+05
1.813030000000000000e+05
1.813610000000000000e+05
1.813870000000000000e+05
1.813970000000000000e+05
1.813990000000000000e+05
1.814090000000000000e+05
1.814210000000000000e+05
1.814390000000000000e+05
1.814570000000000000e+05
1.814590000000000000e+05
1.814990000000000000e+05
1.815010000000000000e+05
1.815130000000000000e+05
1.815230000000000000e+05
1.815370000000000000e+05
1.815490000000000000e+05
1.815530000000000000e+05
1.816030000000000000e+05
1.816070000000000000e+05
1.816090000000000000e+05
1.816190000000000000e+05
1.816390000000000000e+05
1.816670000000000000e+05
1.816690000000000000e+05
1.816930000000000000e+05
1.817110000000000000e+05
1.817170000000000000e+05
1.817210000000000000e+05
1.817290000000000000e+05
1.817390000000000000e+05
1.817510000000000000e+05
1.817570000000000000e+05
1.817590000000000000e+05
1.817630000000000000e+05
1.817770000000000000e+05
1.817870000000000000e+05
1.817890000000000000e+05
1.818130000000000000e+05
1.818370000000000000e+05
1.818710000000000000e+05
1.818730000000000000e+05
1.818890000000000000e+05
1.818910000000000000e+05
1.819030000000000000e+05
1.819130000000000000e+05
1.819190000000000000e+05
1.819270000000000000e+05
1.819310000000000000e+05
1.819430000000000000e+05
1.819570000000000000e+05
1.819670000000000000e+05
1.819810000000000000e+05
1.819970000000000000e+05
1.820090000000000000e+05
1.820110000000000000e+05
1.820270000000000000e+05
1.820290000000000000e+05
1.820410000000000000e+05
1.820470000000000000e+05
1.820570000000000000e+05
1.820590000000000000e+05
