1.832890000000000000e+05
1.832990000000000000e+05
1.833010000000000000e+05
1.833070000000000000e+05
1.833170000000000000e+05
1.833190000000000000e+05
1.833290000000000000e+05
1.833430000000000000e+05
1.833490000000000000e+05
1.833610000000000000e+05
1.833730000000000000e+05
1.833770000000000000e+05
1.833830000000000000e+05
1.833890000000000000e+05
1.833970000000000000e+05
1.834370000000000000e+05
1.834390000000000000e+05
1.834510000000000000e+05
1.834610000000000000e+05
1.834730000000000000e+05
1.834790000000000000e+05
1.834870000000000000e+05
1.834970000000000000e+05
1.834990000000000000e+05
1.835030000000000000e+05
1.835090000000000000e+05
1.835110000000000000e+05
1.835230000000000000e+05
1.835270000000000000e+05
1.835690000000000000e+05
1.835710000000000000e+05
1.835770000000000000e+05
1.835810000000000000e+05
1.835870000000000000e+05
1.835930000000000000e+05
1.836110000000000000e+05
1.836370000000000000e+05
1.836610000000000000e+05
1.836830000000000000e+05
1.836910000000000000e+05
1.836970000000000000e+05
1.837070000000000000e+05
1.837090000000000000e+05
1.837130000000000000e+05
1.837610000000000000e+05
1.837630000000000000e+05
1.837970000000000000e+05
1.838090000000000000e+05
1.838230000000000000e+05
1.838290000000000000e+05
1.838710000000000000e+05
1.838770000000000000e+05
1.838810000000000000e+05
1.839070000000000000e+05
1.839170000000000000e+05
1.839190000000000000e+05
1.839430000000000000e+05
1.839490000000000000e+05
1.839590000000000000e+05
1.839710000000000000e+05
1.839730000000000000e+05
1.839790000000000000e+05
1.840030000000000000e+05
1.840070000000000000e+05
1.840130000000000000e+05
1.840310000000000000e+05
1.840390000000000000e+05
1.840430000000000000e+05
1.840570000000000000e+05
1.840730000000000000e+05
1.840810000000000000e+05
1.840870000000000000e+05
1.841110000000000000e+05
1.841170000000000000e+05
1.841330000000000000e+05
1.841530000000000000e+05
1.841570000000000000e+05
1.841810000000000000e+05
1.841870000000000000e+05
1.841890000000000000e+05
1.841990000000000000e+05
1.842110000000000000e+05
1.842310000000000000e+05
1.842410000000000000e+05
1.842590000000000000e+05
1.842710000000000000e+05
1.842730000000000000e+05
1.842790000000000000e+05
1.842910000000000000e+05
1.843090000000000000e+05
1.843210000000000000e+05
1.843330000000000000e+05
1.843370000000000000e+05
1.843510000000000000e+05
1.843690000000000000e+05
1.844090000000000000e+05
1.844170000000000000e+05
1.844410000000000000e+05
1.844470000000000000e+05
1.844630000000000000e+05
