1.844770000000000000e+05
1.844870000000000000e+05
1.844890000000000000e+05
1.845110000000000000e+05
1.845170000000000000e+05
1.845230000000000000e+05
1.845530000000000000e+05
1.845590000000000000e+05
1.845670000000000000e+05
1.845710000000000000e+05
1.845770000000000000e+05
1.846070000000000000e+05
1.846090000000000000e+05
1.846270000000000000e+05
1.846310000000000000e+05
1.846330000000000000e+05
1.846490000000000000e+05
1.846510000000000000e+05
1.846690000000000000e+05
1.846870000000000000e+05
1.846930000000000000e+05
1.847030000000000000e+05
1.847110000000000000e+05
1.847210000000000000e+05
1.847270000000000000e+05
1.847330000000000000e+05
1.847530000000000000e+05
1.847770000000000000e+05
1.848230000000000000e+05
1.848290000000000000e+05
1.848310000000000000e+05
1.848370000000000000e+05
1.848430000000000000e+05
1.848590000000000000e+05
1.848790000000000000e+05
1.849010000000000000e+05
1.849030000000000000e+05
1.849130000000000000e+05
1.849490000000000000e+05
1.849570000000000000e+05
1.849670000000000000e+05
1.849690000000000000e+05
1.849930000000000000e+05
1.849970000000000000e+05
1.849990000000000000e+05
1.850210000000000000e+05
1.850270000000000000e+05
1.850510000000000000e+05
1.850570000000000000e+05
1.850630000000000000e+05
1.850690000000000000e+05
1.850710000000000000e+05
1.850770000000000000e+05
1.850890000000000000e+05
1.850990000000000000e+05
1.851230000000000000e+05
1.851310000000000000e+05
1.851370000000000000e+05
1.851490000000000000e+05
1.851530000000000000e+05
1.851610000000000000e+05
1.851670000000000000e+05
1.851770000000000000e+05
1.851830000000000000e+05
1.851890000000000000e+05
1.852210000000000000e+05
1.852330000000000000e+05
1.852430000000000000e+05
1.852670000000000000e+05
1.852910000000000000e+05
1.852990000000000000e+05
1.853030000000000000e+05
1.853090000000000000e+05
1.853230000000000000e+05
1.853270000000000000e+05
1.853590000000000000e+05
1.853630000000000000e+05
1.853690000000000000e+05
1.853710000000000000e+05
1.854010000000000000e+05
1.854290000000000000e+05
1.854410000000000000e+05
1.854670000000000000e+05
1.854770000000000000e+05
1.854830000000000000e+05
1.854910000000000000e+05
1.855190000000000000e+05
1.855270000000000000e+05
1.855310000000000000e+05
1.855330000000000000e+05
1.855390000000000000e+05
1.855430000000000000e+05
1.855510000000000000e+05
1.855570000000000000e+05
1.855670000000000000e+05
1.855690000000000000e+05
1.855930000000000000e+05
1.855990000000000000e+05
1.856210000000000000e+05
1.856410000000000000e+05
