1.879730000000000000e+05
1.879870000000000000e+05
1.880110000000000000e+05
1.880170000000000000e+05
1.880210000000000000e+05
1.880290000000000000e+05
1.881070000000000000e+05
1.881370000000000000e+05
1.881430000000000000e+05
1.881470000000000000e+05
1.881590000000000000e+05
1.881710000000000000e+05
1.881790000000000000e+05
1.881890000000000000e+05
1.881970000000000000e+05
1.882490000000000000e+05
1.882610000000000000e+05
1.882730000000000000e+05
1.882810000000000000e+05
1.882910000000000000e+05
1.882990000000000000e+05
1.883030000000000000e+05
1.883110000000000000e+05
1.883170000000000000e+05
1.883230000000000000e+05
1.883330000000000000e+05
1.883510000000000000e+05
1.883590000000000000e+05
1.883690000000000000e+05
1.883890000000000000e+05
1.884010000000000000e+05
1.884070000000000000e+05
1.884170000000000000e+05
1.884310000000000000e+05
1.884370000000000000e+05
1.884430000000000000e+05
1.884590000000000000e+05
1.884730000000000000e+05
1.884830000000000000e+05
1.884910000000000000e+05
1.885190000000000000e+05
1.885270000000000000e+05
1.885330000000000000e+05
1.885630000000000000e+05
1.885790000000000000e+05
1.886030000000000000e+05
1.886090000000000000e+05
1.886210000000000000e+05
1.886330000000000000e+05
1.886530000000000000e+05
1.886770000000000000e+05
1.886810000000000000e+05
1.886870000000000000e+05
1.886930000000000000e+05
1.887010000000000000e+05
1.887070000000000000e+05
1.887110000000000000e+05
1.887190000000000000e+05
1.887290000000000000e+05
1.887530000000000000e+05
1.887670000000000000e+05
1.887790000000000000e+05
1.887910000000000000e+05
1.888010000000000000e+05
1.888270000000000000e+05
1.888310000000000000e+05
1.888330000000000000e+05
1.888430000000000000e+05
1.888570000000000000e+05
1.888610000000000000e+05
1.888630000000000000e+05
1.888690000000000000e+05
1.888910000000000000e+05
1.889110000000000000e+05
1.889270000000000000e+05
1.889330000000000000e+05
1.889390000000000000e+05
1.889410000000000000e+05
1.889530000000000000e+05
1.889570000000000000e+05
1.889830000000000000e+05
1.889990000000000000e+05
1.890110000000000000e+05
1.890170000000000000e+05
1.890190000000000000e+05
1.890410000000000000e+05
1.890430000000000000e+05
1.890610000000000000e+05
1.890670000000000000e+05
1.891270000000000000e+05
1.891390000000000000e+05
1.891490000000000000e+05
1.891510000000000000e+05
1.891690000000000000e+05
1.891870000000000000e+05
1.891990000000000000e+05
1.892230000000000000e+05
1.892290000000000000e+05
1.892390000000000000e+05
1.892510000000000000e+05
