1.892530000000000000e+05
1.892570000000000000e+05
1.892710000000000000e+05
1.893070000000000000e+05
1.893110000000000000e+05
1.893370000000000000e+05
1.893470000000000000e+05
1.893490000000000000e+05
1.893530000000000000e+05
1.893610000000000000e+05
1.893770000000000000e+05
1.893890000000000000e+05
1.893910000000000000e+05
1.894010000000000000e+05
1.894070000000000000e+05
1.894210000000000000e+05
1.894330000000000000e+05
1.894370000000000000e+05
1.894390000000000000e+05
1.894630000000000000e+05
1.894670000000000000e+05
1.894730000000000000e+05
1.894790000000000000e+05
1.894910000000000000e+05
1.894930000000000000e+05
1.895090000000000000e+05
1.895170000000000000e+05
1.895230000000000000e+05
1.895290000000000000e+05
1.895470000000000000e+05
1.895590000000000000e+05
1.895830000000000000e+05
1.895930000000000000e+05
1.895990000000000000e+05
1.896130000000000000e+05
1.896170000000000000e+05
1.896190000000000000e+05
1.896430000000000000e+05
1.896530000000000000e+05
1.896610000000000000e+05
1.896710000000000000e+05
1.896910000000000000e+05
1.896970000000000000e+05
1.897010000000000000e+05
1.897130000000000000e+05
1.897330000000000000e+05
1.897430000000000000e+05
1.897570000000000000e+05
1.897670000000000000e+05
1.897970000000000000e+05
1.897990000000000000e+05
1.898170000000000000e+05
1.898230000000000000e+05
1.898510000000000000e+05
1.898530000000000000e+05
1.898590000000000000e+05
1.898770000000000000e+05
1.898810000000000000e+05
1.898870000000000000e+05
1.899010000000000000e+05
1.899130000000000000e+05
1.899290000000000000e+05
1.899470000000000000e+05
1.899490000000000000e+05
1.899610000000000000e+05
1.899670000000000000e+05
1.899770000000000000e+05
1.899830000000000000e+05
1.899890000000000000e+05
1.899970000000000000e+05
1.900270000000000000e+05
1.900310000000000000e+05
1.900510000000000000e+05
1.900630000000000000e+05
1.900930000000000000e+05
1.900970000000000000e+05
1.901210000000000000e+05
1.901290000000000000e+05
1.901470000000000000e+05
1.901590000000000000e+05
1.901810000000000000e+05
1.902070000000000000e+05
1.902430000000000000e+05
1.902490000000000000e+05
1.902610000000000000e+05
1.902710000000000000e+05
1.902830000000000000e+05
1.902970000000000000e+05
1.903010000000000000e+05
1.903130000000000000e+05
1.903210000000000000e+05
1.903310000000000000e+05
1.903390000000000000e+05
1.903570000000000000e+05
1.903670000000000000e+05
1.903690000000000000e+05
1.903870000000000000e+05
1.903910000000000000e+05
1.904030000000000000e+05
1.904090000000000000e+05
