1.916770000000000000e+05
1.916890000000000000e+05
1.916930000000000000e+05
1.916990000000000000e+05
1.917070000000000000e+05
1.917170000000000000e+05
1.917470000000000000e+05
1.917490000000000000e+05
1.917730000000000000e+05
1.917830000000000000e+05
1.917910000000000000e+05
1.918010000000000000e+05
1.918030000000000000e+05
1.918270000000000000e+05
1.918310000000000000e+05
1.918330000000000000e+05
1.918370000000000000e+05
1.918610000000000000e+05
1.918990000000000000e+05
1.919030000000000000e+05
1.919110000000000000e+05
1.919290000000000000e+05
1.919530000000000000e+05
1.919690000000000000e+05
1.919770000000000000e+05
1.919990000000000000e+05
1.920070000000000000e+05
1.920130000000000000e+05
1.920290000000000000e+05
1.920370000000000000e+05
1.920430000000000000e+05
1.920470000000000000e+05
1.920530000000000000e+05
1.920910000000000000e+05
1.920970000000000000e+05
1.921030000000000000e+05
1.921130000000000000e+05
1.921210000000000000e+05
1.921330000000000000e+05
1.921490000000000000e+05
1.921610000000000000e+05
1.921730000000000000e+05
1.921870000000000000e+05
1.921910000000000000e+05
1.921930000000000000e+05
1.922290000000000000e+05
1.922330000000000000e+05
1.922390000000000000e+05
1.922510000000000000e+05
1.922590000000000000e+05
1.922630000000000000e+05
1.922710000000000000e+05
1.923070000000000000e+05
1.923170000000000000e+05
1.923190000000000000e+05
1.923230000000000000e+05
1.923410000000000000e+05
1.923430000000000000e+05
1.923470000000000000e+05
1.923730000000000000e+05
1.923770000000000000e+05
1.923830000000000000e+05
1.923910000000000000e+05
1.924070000000000000e+05
1.924310000000000000e+05
1.924610000000000000e+05
1.924630000000000000e+05
1.924970000000000000e+05
1.924990000000000000e+05
1.925290000000000000e+05
1.925390000000000000e+05
1.925470000000000000e+05
1.925530000000000000e+05
1.925570000000000000e+05
1.925710000000000000e+05
1.925810000000000000e+05
1.925830000000000000e+05
1.925870000000000000e+05
1.926010000000000000e+05
1.926110000000000000e+05
1.926130000000000000e+05
1.926170000000000000e+05
1.926290000000000000e+05
1.926310000000000000e+05
1.926370000000000000e+05
1.926670000000000000e+05
1.926770000000000000e+05
1.926970000000000000e+05
1.927370000000000000e+05
1.927430000000000000e+05
1.927490000000000000e+05
1.927570000000000000e+05
1.927670000000000000e+05
1.927810000000000000e+05
1.927910000000000000e+05
1.927990000000000000e+05
1.928110000000000000e+05
1.928170000000000000e+05
1.928330000000000000e+05
1.928470000000000000e+05
