1.928530000000000000e+05
1.928590000000000000e+05
1.928770000000000000e+05
1.928830000000000000e+05
1.928870000000000000e+05
1.928890000000000000e+05
1.929170000000000000e+05
1.929230000000000000e+05
1.929310000000000000e+05
1.929490000000000000e+05
1.929610000000000000e+05
1.929710000000000000e+05
1.929770000000000000e+05
1.929790000000000000e+05
1.929910000000000000e+05
1.930030000000000000e+05
1.930090000000000000e+05
1.930130000000000000e+05
1.930310000000000000e+05
1.930430000000000000e+05
1.930510000000000000e+05
1.930570000000000000e+05
1.930730000000000000e+05
1.930930000000000000e+05
1.931330000000000000e+05
1.931390000000000000e+05
1.931470000000000000e+05
1.931530000000000000e+05
1.931630000000000000e+05
1.931810000000000000e+05
1.931830000000000000e+05
1.931890000000000000e+05
1.932010000000000000e+05
1.932430000000000000e+05
1.932470000000000000e+05
1.932610000000000000e+05
1.932830000000000000e+05
1.933010000000000000e+05
1.933270000000000000e+05
1.933370000000000000e+05
1.933570000000000000e+05
1.933670000000000000e+05
1.933730000000000000e+05
1.933790000000000000e+05
1.933810000000000000e+05
1.933870000000000000e+05
1.933930000000000000e+05
1.934230000000000000e+05
1.934330000000000000e+05
1.934410000000000000e+05
1.934470000000000000e+05
1.934510000000000000e+05
1.934630000000000000e+05
1.934690000000000000e+05
1.934930000000000000e+05
1.935070000000000000e+05
1.935130000000000000e+05
1.935410000000000000e+05
1.935490000000000000e+05
1.935590000000000000e+05
1.935730000000000000e+05
1.935770000000000000e+05
1.935970000000000000e+05
1.936010000000000000e+05
1.936030000000000000e+05
1.936070000000000000e+05
1.936190000000000000e+05
1.936490000000000000e+05
1.936630000000000000e+05
1.936790000000000000e+05
1.937030000000000000e+05
1.937230000000000000e+05
1.937270000000000000e+05
1.937410000000000000e+05
1.937510000000000000e+05
1.937570000000000000e+05
1.937630000000000000e+05
1.937710000000000000e+05
1.937890000000000000e+05
1.937930000000000000e+05
1.937990000000000000e+05
1.938110000000000000e+05
1.938130000000000000e+05
1.938410000000000000e+05
1.938470000000000000e+05
1.938590000000000000e+05
1.938610000000000000e+05
1.938710000000000000e+05
1.938730000000000000e+05
1.938770000000000000e+05
1.938830000000000000e+05
1.938910000000000000e+05
1.939370000000000000e+05
1.939390000000000000e+05
1.939430000000000000e+05
1.939510000000000000e+05
1.939570000000000000e+05
1.939790000000000000e+05
1.939930000000000000e+05
1.940030000000000000e+05
