1.940170000000000000e+05
1.940270000000000000e+05
1.940570000000000000e+05
1.940690000000000000e+05
1.940710000000000000e+05
1.940830000000000000e+05
1.940870000000000000e+05
1.940930000000000000e+05
1.941010000000000000e+05
1.941130000000000000e+05
1.941190000000000000e+05
1.941410000000000000e+05
1.941490000000000000e+05
1.941670000000000000e+05
1.941790000000000000e+05
1.941970000000000000e+05
1.942030000000000000e+05
1.942390000000000000e+05
1.942630000000000000e+05
1.942670000000000000e+05
1.942690000000000000e+05
1.943090000000000000e+05
1.943230000000000000e+05
1.943530000000000000e+05
1.943710000000000000e+05
1.943770000000000000e+05
1.944130000000000000e+05
1.944310000000000000e+05
1.944430000000000000e+05
1.944710000000000000e+05
1.944790000000000000e+05
1.944830000000000000e+05
1.945070000000000000e+05
1.945210000000000000e+05
1.945270000000000000e+05
1.945430000000000000e+05
1.945690000000000000e+05
1.945810000000000000e+05
1.945910000000000000e+05
1.946090000000000000e+05
1.946470000000000000e+05
1.946530000000000000e+05
1.946590000000000000e+05
1.946710000000000000e+05
1.946810000000000000e+05
1.946830000000000000e+05
1.946870000000000000e+05
1.947070000000000000e+05
1.947130000000000000e+05
1.947170000000000000e+05
1.947230000000000000e+05
1.947290000000000000e+05
1.947490000000000000e+05
1.947670000000000000e+05
1.947710000000000000e+05
1.948090000000000000e+05
1.948130000000000000e+05
1.948190000000000000e+05
1.948270000000000000e+05
1.948390000000000000e+05
1.948610000000000000e+05
1.948630000000000000e+05
1.948670000000000000e+05
1.948690000000000000e+05
1.948910000000000000e+05
1.948990000000000000e+05
1.949110000000000000e+05
1.949170000000000000e+05
1.949330000000000000e+05
1.949630000000000000e+05
1.949770000000000000e+05
1.949810000000000000e+05
1.949890000000000000e+05
1.950230000000000000e+05
1.950290000000000000e+05
1.950430000000000000e+05
1.950470000000000000e+05
1.950490000000000000e+05
1.950530000000000000e+05
1.950710000000000000e+05
1.950770000000000000e+05
1.950890000000000000e+05
1.951030000000000000e+05
1.951210000000000000e+05
1.951270000000000000e+05
1.951310000000000000e+05
1.951370000000000000e+05
1.951570000000000000e+05
1.951610000000000000e+05
1.951630000000000000e+05
1.951930000000000000e+05
1.951970000000000000e+05
1.952030000000000000e+05
1.952290000000000000e+05
1.952410000000000000e+05
1.952530000000000000e+05
1.952590000000000000e+05
1.952710000000000000e+05
1.952770000000000000e+05
1.952810000000000000e+05
