1.953110000000000000e+05
1.953190000000000000e+05
1.953290000000000000e+05
1.953410000000000000e+05
1.953430000000000000e+05
1.953530000000000000e+05
1.953590000000000000e+05
1.953890000000000000e+05
1.954010000000000000e+05
1.954070000000000000e+05
1.954130000000000000e+05
1.954270000000000000e+05
1.954430000000000000e+05
1.954570000000000000e+05
1.954690000000000000e+05
1.954790000000000000e+05
1.954930000000000000e+05
1.954970000000000000e+05
1.955110000000000000e+05
1.955270000000000000e+05
1.955390000000000000e+05
1.955410000000000000e+05
1.955810000000000000e+05
1.955930000000000000e+05
1.955990000000000000e+05
1.956590000000000000e+05
1.956770000000000000e+05
1.956910000000000000e+05
1.956970000000000000e+05
1.957090000000000000e+05
1.957310000000000000e+05
1.957330000000000000e+05
1.957370000000000000e+05
1.957390000000000000e+05
1.957430000000000000e+05
1.957510000000000000e+05
1.957610000000000000e+05
1.957810000000000000e+05
1.957870000000000000e+05
1.957910000000000000e+05
1.958090000000000000e+05
1.958170000000000000e+05
1.958630000000000000e+05
1.958690000000000000e+05
1.958830000000000000e+05
1.958870000000000000e+05
1.958930000000000000e+05
1.959070000000000000e+05
1.959130000000000000e+05
1.959190000000000000e+05
1.959290000000000000e+05
1.959310000000000000e+05
1.959670000000000000e+05
1.959710000000000000e+05
1.959730000000000000e+05
1.959770000000000000e+05
1.959910000000000000e+05
1.959970000000000000e+05
1.960030000000000000e+05
1.960330000000000000e+05
1.960390000000000000e+05
1.960430000000000000e+05
1.960510000000000000e+05
1.960730000000000000e+05
1.960810000000000000e+05
1.960870000000000000e+05
1.961110000000000000e+05
1.961170000000000000e+05
1.961390000000000000e+05
1.961590000000000000e+05
1.961690000000000000e+05
1.961710000000000000e+05
1.961770000000000000e+05
1.961810000000000000e+05
1.961870000000000000e+05
1.961930000000000000e+05
1.962010000000000000e+05
1.962470000000000000e+05
1.962710000000000000e+05
1.962770000000000000e+05
1.962790000000000000e+05
1.962910000000000000e+05
1.963030000000000000e+05
1.963070000000000000e+05
1.963310000000000000e+05
1.963370000000000000e+05
1.963790000000000000e+05
1.963870000000000000e+05
1.964290000000000000e+05
1.964390000000000000e+05
1.964530000000000000e+05
1.964590000000000000e+05
1.964770000000000000e+05
1.964990000000000000e+05
1.965010000000000000e+05
1.965190000000000000e+05
1.965230000000000000e+05
1.965410000000000000e+05
1.965430000000000000e+05
1.965490000000000000e+05
