1.965610000000000000e+05
1.965790000000000000e+05
1.965830000000000000e+05
1.965970000000000000e+05
1.966130000000000000e+05
1.966430000000000000e+05
1.966570000000000000e+05
1.966610000000000000e+05
1.966630000000000000e+05
1.966810000000000000e+05
1.966870000000000000e+05
1.966990000000000000e+05
1.967090000000000000e+05
1.967170000000000000e+05
1.967270000000000000e+05
1.967390000000000000e+05
1.967510000000000000e+05
1.967690000000000000e+05
1.967710000000000000e+05
1.967990000000000000e+05
1.968170000000000000e+05
1.968310000000000000e+05
1.968370000000000000e+05
1.968530000000000000e+05
1.968710000000000000e+05
1.968730000000000000e+05
1.968790000000000000e+05
1.969010000000000000e+05
1.969070000000000000e+05
1.969190000000000000e+05
1.969270000000000000e+05
1.969610000000000000e+05
1.969910000000000000e+05
1.969930000000000000e+05
1.970030000000000000e+05
1.970090000000000000e+05
1.970230000000000000e+05
1.970330000000000000e+05
1.970590000000000000e+05
1.970630000000000000e+05
1.970770000000000000e+05
1.970830000000000000e+05
1.970890000000000000e+05
1.971010000000000000e+05
1.971170000000000000e+05
1.971230000000000000e+05
1.971370000000000000e+05
1.971470000000000000e+05
1.971590000000000000e+05
1.971610000000000000e+05
1.972030000000000000e+05
1.972070000000000000e+05
1.972210000000000000e+05
1.972330000000000000e+05
1.972430000000000000e+05
1.972570000000000000e+05
1.972610000000000000e+05
1.972690000000000000e+05
1.972730000000000000e+05
1.972790000000000000e+05
1.972930000000000000e+05
1.972970000000000000e+05
1.972990000000000000e+05
1.973110000000000000e+05
1.973390000000000000e+05
1.973410000000000000e+05
1.973470000000000000e+05
1.973590000000000000e+05
1.973690000000000000e+05
1.973710000000000000e+05
1.973810000000000000e+05
1.973830000000000000e+05
1.973890000000000000e+05
1.974190000000000000e+05
1.974230000000000000e+05
1.974410000000000000e+05
1.974530000000000000e+05
1.974790000000000000e+05
1.975070000000000000e+05
1.975210000000000000e+05
1.975390000000000000e+05
1.975510000000000000e+05
1.975670000000000000e+05
1.975690000000000000e+05
1.975730000000000000e+05
1.975970000000000000e+05
1.975990000000000000e+05
1.976090000000000000e+05
1.976210000000000000e+05
1.976410000000000000e+05
1.976470000000000000e+05
1.976510000000000000e+05
1.976770000000000000e+05
1.976830000000000000e+05
1.976890000000000000e+05
1.976990000000000000e+05
1.977110000000000000e+05
1.977130000000000000e+05
1.977410000000000000e+05
1.977530000000000000e+05
