1.977590000000000000e+05
1.977670000000000000e+05
1.977730000000000000e+05
1.977790000000000000e+05
1.978030000000000000e+05
1.978070000000000000e+05
1.978310000000000000e+05
1.978370000000000000e+05
1.978870000000000000e+05
1.978910000000000000e+05
1.978930000000000000e+05
1.979090000000000000e+05
1.979210000000000000e+05
1.979270000000000000e+05
1.979330000000000000e+05
1.979470000000000000e+05
1.979570000000000000e+05
1.979590000000000000e+05
1.979630000000000000e+05
1.979690000000000000e+05
1.979710000000000000e+05
1.980130000000000000e+05
1.980170000000000000e+05
1.980310000000000000e+05
1.980430000000000000e+05
1.980470000000000000e+05
1.980730000000000000e+05
1.980830000000000000e+05
1.980910000000000000e+05
1.980970000000000000e+05
1.981090000000000000e+05
1.981270000000000000e+05
1.981390000000000000e+05
1.981730000000000000e+05
1.981790000000000000e+05
1.981930000000000000e+05
1.981970000000000000e+05
1.982210000000000000e+05
1.982230000000000000e+05
1.982410000000000000e+05
1.982510000000000000e+05
1.982570000000000000e+05
1.982590000000000000e+05
1.982770000000000000e+05
1.982810000000000000e+05
1.983010000000000000e+05
1.983130000000000000e+05
1.983230000000000000e+05
1.983370000000000000e+05
1.983470000000000000e+05
1.983490000000000000e+05
1.983770000000000000e+05
1.983910000000000000e+05
1.983970000000000000e+05
1.984090000000000000e+05
1.984130000000000000e+05
1.984270000000000000e+05
1.984370000000000000e+05
1.984390000000000000e+05
1.984610000000000000e+05
1.984630000000000000e+05
1.984690000000000000e+05
1.984790000000000000e+05
1.984910000000000000e+05
1.985030000000000000e+05
1.985290000000000000e+05
1.985330000000000000e+05
1.985530000000000000e+05
1.985710000000000000e+05
1.985890000000000000e+05
1.985930000000000000e+05
1.985990000000000000e+05
1.986130000000000000e+05
1.986230000000000000e+05
1.986370000000000000e+05
1.986410000000000000e+05
1.986470000000000000e+05
1.986590000000000000e+05
1.986730000000000000e+05
1.986890000000000000e+05
1.987010000000000000e+05
1.987190000000000000e+05
1.987330000000000000e+05
1.987610000000000000e+05
1.987690000000000000e+05
1.988110000000000000e+05
1.988170000000000000e+05
1.988230000000000000e+05
1.988270000000000000e+05
1.988290000000000000e+05
1.988330000000000000e+05
1.988390000000000000e+05
1.988410000000000000e+05
1.988510000000000000e+05
1.988590000000000000e+05
1.988990000000000000e+05
1.989010000000000000e+05
1.989290000000000000e+05
1.989370000000000000e+05
1.989410000000000000e+05
