1.989430000000000000e+05
1.989530000000000000e+05
1.989590000000000000e+05
1.989670000000000000e+05
1.989710000000000000e+05
1.989770000000000000e+05
1.989970000000000000e+05
1.990210000000000000e+05
1.990330000000000000e+05
1.990370000000000000e+05
1.990390000000000000e+05
1.990490000000000000e+05
1.990810000000000000e+05
1.991030000000000000e+05
1.991090000000000000e+05
1.991510000000000000e+05
1.991530000000000000e+05
1.991810000000000000e+05
1.991930000000000000e+05
1.992070000000000000e+05
1.992110000000000000e+05
1.992470000000000000e+05
1.992610000000000000e+05
1.992670000000000000e+05
1.992890000000000000e+05
1.993130000000000000e+05
1.993210000000000000e+05
1.993370000000000000e+05
1.993430000000000000e+05
1.993570000000000000e+05
1.993730000000000000e+05
1.993790000000000000e+05
1.993990000000000000e+05
1.994030000000000000e+05
1.994110000000000000e+05
1.994170000000000000e+05
1.994290000000000000e+05
1.994470000000000000e+05
1.994530000000000000e+05
1.994570000000000000e+05
1.994830000000000000e+05
1.994870000000000000e+05
1.994890000000000000e+05
1.994990000000000000e+05
1.995010000000000000e+05
1.995230000000000000e+05
1.995590000000000000e+05
1.995670000000000000e+05
1.995830000000000000e+05
1.996010000000000000e+05
1.996030000000000000e+05
1.996210000000000000e+05
1.996370000000000000e+05
1.996570000000000000e+05
1.996690000000000000e+05
1.996730000000000000e+05
1.996790000000000000e+05
1.996870000000000000e+05
1.996970000000000000e+05
1.997210000000000000e+05
1.997290000000000000e+05
1.997390000000000000e+05
1.997410000000000000e+05
1.997510000000000000e+05
1.997530000000000000e+05
1.997770000000000000e+05
1.997830000000000000e+05
1.997990000000000000e+05
1.998070000000000000e+05
1.998110000000000000e+05
1.998130000000000000e+05
1.998190000000000000e+05
1.998310000000000000e+05
1.998530000000000000e+05
1.998730000000000000e+05
1.998770000000000000e+05
1.998890000000000000e+05
1.999090000000000000e+05
1.999210000000000000e+05
1.999310000000000000e+05
1.999330000000000000e+05
1.999610000000000000e+05
1.999670000000000000e+05
1.999990000000000000e+05
2.000030000000000000e+05
2.000090000000000000e+05
2.000170000000000000e+05
2.000230000000000000e+05
2.000290000000000000e+05
2.000330000000000000e+05
2.000410000000000000e+05
2.000630000000000000e+05
2.000870000000000000e+05
2.001170000000000000e+05
2.001310000000000000e+05
2.001530000000000000e+05
2.001590000000000000e+05
2.001710000000000000e+05
2.001770000000000000e+05
2.001830000000000000e+05
