2.027170000000000000e+05
2.027290000000000000e+05
2.027330000000000000e+05
2.027470000000000000e+05
2.027510000000000000e+05
2.027530000000000000e+05
2.027570000000000000e+05
2.027770000000000000e+05
2.027990000000000000e+05
2.028170000000000000e+05
2.028230000000000000e+05
2.028410000000000000e+05
2.028590000000000000e+05
2.028770000000000000e+05
2.028790000000000000e+05
2.028890000000000000e+05
2.029070000000000000e+05
2.029210000000000000e+05
2.029310000000000000e+05
2.029330000000000000e+05
2.029490000000000000e+05
2.029670000000000000e+05
2.029730000000000000e+05
2.029810000000000000e+05
2.029870000000000000e+05
2.029990000000000000e+05
2.030110000000000000e+05
2.030170000000000000e+05
2.030230000000000000e+05
2.030390000000000000e+05
2.030510000000000000e+05
2.030570000000000000e+05
2.031170000000000000e+05
2.031410000000000000e+05
2.031730000000000000e+05
2.031830000000000000e+05
2.032070000000000000e+05
2.032090000000000000e+05
2.032130000000000000e+05
2.032210000000000000e+05
2.032270000000000000e+05
2.032330000000000000e+05
2.032490000000000000e+05
2.032790000000000000e+05
2.032930000000000000e+05
2.033090000000000000e+05
2.033110000000000000e+05
2.033170000000000000e+05
2.033210000000000000e+05
2.033230000000000000e+05
2.033390000000000000e+05
2.033410000000000000e+05
2.033510000000000000e+05
2.033530000000000000e+05
2.033630000000000000e+05
2.033810000000000000e+05
2.033830000000000000e+05
2.033870000000000000e+05
2.033930000000000000e+05
2.034170000000000000e+05
2.034190000000000000e+05
2.034290000000000000e+05
2.034310000000000000e+05
2.034490000000000000e+05
2.034590000000000000e+05
2.034610000000000000e+05
2.035310000000000000e+05
2.035490000000000000e+05
2.035630000000000000e+05
2.035690000000000000e+05
2.035790000000000000e+05
2.035910000000000000e+05
2.036170000000000000e+05
2.036270000000000000e+05
2.036410000000000000e+05
2.036530000000000000e+05
2.036570000000000000e+05
2.036590000000000000e+05
2.036630000000000000e+05
2.036690000000000000e+05
2.037130000000000000e+05
2.037610000000000000e+05
2.037670000000000000e+05
2.037710000000000000e+05
2.037730000000000000e+05
2.037890000000000000e+05
2.038070000000000000e+05
2.038090000000000000e+05
2.038210000000000000e+05
2.038430000000000000e+05
2.038570000000000000e+05
2.038690000000000000e+05
2.038730000000000000e+05
2.038970000000000000e+05
2.039090000000000000e+05
2.039110000000000000e+05
2.039210000000000000e+05
2.039470000000000000e+05
2.039530000000000000e+05
2.039690000000000000e+05
