2.039710000000000000e+05
2.039770000000000000e+05
2.039890000000000000e+05
2.039990000000000000e+05
2.040070000000000000e+05
2.040130000000000000e+05
2.040190000000000000e+05
2.040230000000000000e+05
2.040470000000000000e+05
2.040590000000000000e+05
2.040670000000000000e+05
2.041010000000000000e+05
2.041070000000000000e+05
2.041330000000000000e+05
2.041370000000000000e+05
2.041430000000000000e+05
2.041510000000000000e+05
2.041610000000000000e+05
2.041630000000000000e+05
2.041730000000000000e+05
2.042330000000000000e+05
2.042510000000000000e+05
2.042990000000000000e+05
2.043010000000000000e+05
2.043110000000000000e+05
2.043190000000000000e+05
2.043290000000000000e+05
2.043310000000000000e+05
2.043530000000000000e+05
2.043590000000000000e+05
2.043610000000000000e+05
2.043670000000000000e+05
2.043710000000000000e+05
2.043770000000000000e+05
2.043970000000000000e+05
2.044270000000000000e+05
2.044310000000000000e+05
2.044370000000000000e+05
2.044390000000000000e+05
2.044430000000000000e+05
2.044610000000000000e+05
2.044810000000000000e+05
2.044870000000000000e+05
2.045090000000000000e+05
2.045110000000000000e+05
2.045170000000000000e+05
2.045210000000000000e+05
2.045570000000000000e+05
2.045630000000000000e+05
2.045830000000000000e+05
2.045870000000000000e+05
2.045990000000000000e+05
2.046010000000000000e+05
2.046130000000000000e+05
2.046230000000000000e+05
2.046410000000000000e+05
2.046670000000000000e+05
2.046790000000000000e+05
2.047070000000000000e+05
2.047190000000000000e+05
2.047330000000000000e+05
2.047490000000000000e+05
2.047510000000000000e+05
2.047810000000000000e+05
2.047910000000000000e+05
2.047930000000000000e+05
2.047970000000000000e+05
2.048030000000000000e+05
2.048210000000000000e+05
2.048570000000000000e+05
2.048590000000000000e+05
2.048710000000000000e+05
2.048870000000000000e+05
2.049130000000000000e+05
2.049170000000000000e+05
2.049230000000000000e+05
2.049310000000000000e+05
2.049470000000000000e+05
2.049730000000000000e+05
2.049790000000000000e+05
2.049830000000000000e+05
2.050190000000000000e+05
2.050310000000000000e+05
2.050330000000000000e+05
2.050430000000000000e+05
2.050630000000000000e+05
2.050690000000000000e+05
2.050810000000000000e+05
2.050970000000000000e+05
2.051030000000000000e+05
2.051110000000000000e+05
2.051290000000000000e+05
2.051330000000000000e+05
2.051410000000000000e+05
2.051510000000000000e+05
2.051570000000000000e+05
2.051710000000000000e+05
2.051870000000000000e+05
2.052010000000000000e+05
2.052110000000000000e+05
