2.052130000000000000e+05
2.052230000000000000e+05
2.052370000000000000e+05
2.052530000000000000e+05
2.052670000000000000e+05
2.052970000000000000e+05
2.053070000000000000e+05
2.053190000000000000e+05
2.053270000000000000e+05
2.053390000000000000e+05
2.053570000000000000e+05
2.053910000000000000e+05
2.053970000000000000e+05
2.053990000000000000e+05
2.054170000000000000e+05
2.054210000000000000e+05
2.054230000000000000e+05
2.054270000000000000e+05
2.054330000000000000e+05
2.054410000000000000e+05
2.054530000000000000e+05
2.054630000000000000e+05
2.054770000000000000e+05
2.054830000000000000e+05
2.054870000000000000e+05
2.054930000000000000e+05
2.055070000000000000e+05
2.055190000000000000e+05
2.055290000000000000e+05
2.055370000000000000e+05
2.055490000000000000e+05
2.055530000000000000e+05
2.055590000000000000e+05
2.055890000000000000e+05
2.056030000000000000e+05
2.056070000000000000e+05
2.056190000000000000e+05
2.056270000000000000e+05
2.056330000000000000e+05
2.056510000000000000e+05
2.056570000000000000e+05
2.056610000000000000e+05
2.056630000000000000e+05
2.057030000000000000e+05
2.057210000000000000e+05
2.057590000000000000e+05
2.057630000000000000e+05
2.057830000000000000e+05
2.058170000000000000e+05
2.058230000000000000e+05
2.058370000000000000e+05
2.058470000000000000e+05
2.058790000000000000e+05
2.058830000000000000e+05
2.059130000000000000e+05
2.059370000000000000e+05
2.059490000000000000e+05
2.059510000000000000e+05
2.059570000000000000e+05
2.059630000000000000e+05
2.059670000000000000e+05
2.059810000000000000e+05
2.059910000000000000e+05
2.059930000000000000e+05
2.060090000000000000e+05
2.060210000000000000e+05
2.060270000000000000e+05
2.060330000000000000e+05
2.060390000000000000e+05
2.060470000000000000e+05
2.060510000000000000e+05
2.060690000000000000e+05
2.060770000000000000e+05
2.060810000000000000e+05
2.060830000000000000e+05
2.061230000000000000e+05
2.061530000000000000e+05
2.061770000000000000e+05
2.061790000000000000e+05
2.061830000000000000e+05
2.061910000000000000e+05
2.061970000000000000e+05
2.062030000000000000e+05
2.062090000000000000e+05
2.062210000000000000e+05
2.062330000000000000e+05
2.062370000000000000e+05
2.062490000000000000e+05
2.062510000000000000e+05
2.062630000000000000e+05
2.062730000000000000e+05
2.062790000000000000e+05
2.062810000000000000e+05
2.062910000000000000e+05
2.062990000000000000e+05
2.063030000000000000e+05
2.063410000000000000e+05
2.063470000000000000e+05
2.063510000000000000e+05
2.063690000000000000e+05
