2.063830000000000000e+05
2.063990000000000000e+05
2.064070000000000000e+05
2.064110000000000000e+05
2.064130000000000000e+05
2.064190000000000000e+05
2.064470000000000000e+05
2.064610000000000000e+05
2.064670000000000000e+05
2.064770000000000000e+05
2.064830000000000000e+05
2.064890000000000000e+05
2.065010000000000000e+05
2.065190000000000000e+05
2.065270000000000000e+05
2.065430000000000000e+05
2.065510000000000000e+05
2.065930000000000000e+05
2.065970000000000000e+05
2.066030000000000000e+05
2.066230000000000000e+05
2.066270000000000000e+05
2.066390000000000000e+05
2.066410000000000000e+05
2.066510000000000000e+05
2.066990000000000000e+05
2.067490000000000000e+05
2.067790000000000000e+05
2.067830000000000000e+05
2.068030000000000000e+05
2.068070000000000000e+05
2.068130000000000000e+05
2.068190000000000000e+05
2.068210000000000000e+05
2.068270000000000000e+05
2.068790000000000000e+05
2.068870000000000000e+05
2.068970000000000000e+05
2.069090000000000000e+05
2.069110000000000000e+05
2.069170000000000000e+05
2.069230000000000000e+05
2.069330000000000000e+05
2.069390000000000000e+05
2.069510000000000000e+05
2.069530000000000000e+05
2.069930000000000000e+05
2.070130000000000000e+05
2.070170000000000000e+05
2.070290000000000000e+05
2.070370000000000000e+05
2.070410000000000000e+05
2.070610000000000000e+05
2.070730000000000000e+05
2.070790000000000000e+05
2.071130000000000000e+05
2.071210000000000000e+05
2.071270000000000000e+05
2.071390000000000000e+05
2.071690000000000000e+05
2.071870000000000000e+05
2.071910000000000000e+05
2.071970000000000000e+05
2.071990000000000000e+05
2.072270000000000000e+05
2.072390000000000000e+05
2.072410000000000000e+05
2.072570000000000000e+05
2.072690000000000000e+05
2.072870000000000000e+05
2.072930000000000000e+05
2.073010000000000000e+05
2.073070000000000000e+05
2.073290000000000000e+05
2.073310000000000000e+05
2.073410000000000000e+05
2.073430000000000000e+05
2.073670000000000000e+05
2.073710000000000000e+05
2.073770000000000000e+05
2.074010000000000000e+05
2.074090000000000000e+05
2.074330000000000000e+05
2.074430000000000000e+05
2.074570000000000000e+05
2.074630000000000000e+05
2.074690000000000000e+05
2.074790000000000000e+05
2.074810000000000000e+05
2.074910000000000000e+05
2.074970000000000000e+05
2.075090000000000000e+05
2.075110000000000000e+05
2.075170000000000000e+05
2.075210000000000000e+05
2.075230000000000000e+05
2.075410000000000000e+05
2.075470000000000000e+05
2.075510000000000000e+05
2.075630000000000000e+05
