2.075690000000000000e+05
2.075890000000000000e+05
2.075930000000000000e+05
2.076190000000000000e+05
2.076290000000000000e+05
2.076430000000000000e+05
2.076530000000000000e+05
2.076610000000000000e+05
2.076710000000000000e+05
2.076730000000000000e+05
2.076790000000000000e+05
2.077090000000000000e+05
2.077190000000000000e+05
2.077210000000000000e+05
2.077430000000000000e+05
2.077630000000000000e+05
2.077690000000000000e+05
2.077970000000000000e+05
2.077990000000000000e+05
2.078110000000000000e+05
2.078210000000000000e+05
2.078330000000000000e+05
2.078470000000000000e+05
2.078690000000000000e+05
2.078770000000000000e+05
2.079230000000000000e+05
2.079310000000000000e+05
2.079410000000000000e+05
2.079470000000000000e+05
2.079530000000000000e+05
2.079670000000000000e+05
2.079710000000000000e+05
2.079730000000000000e+05
2.079970000000000000e+05
2.080010000000000000e+05
2.080030000000000000e+05
2.080090000000000000e+05
2.080370000000000000e+05
2.080490000000000000e+05
2.080570000000000000e+05
2.080670000000000000e+05
2.080730000000000000e+05
2.080990000000000000e+05
2.081110000000000000e+05
2.081210000000000000e+05
2.081290000000000000e+05
2.081390000000000000e+05
2.081410000000000000e+05
2.081470000000000000e+05
2.081890000000000000e+05
2.082070000000000000e+05
2.082130000000000000e+05
2.082170000000000000e+05
2.082230000000000000e+05
2.082310000000000000e+05
2.082530000000000000e+05
2.082610000000000000e+05
2.082770000000000000e+05
2.082790000000000000e+05
2.082830000000000000e+05
2.082910000000000000e+05
2.083090000000000000e+05
2.083190000000000000e+05
2.083330000000000000e+05
2.083370000000000000e+05
2.083670000000000000e+05
2.083790000000000000e+05
2.083870000000000000e+05
2.083910000000000000e+05
2.083930000000000000e+05
2.084090000000000000e+05
2.084330000000000000e+05
2.084410000000000000e+05
2.084570000000000000e+05
2.084590000000000000e+05
2.084630000000000000e+05
2.084690000000000000e+05
2.084890000000000000e+05
2.084930000000000000e+05
2.084990000000000000e+05
2.085010000000000000e+05
2.085110000000000000e+05
2.085130000000000000e+05
2.085190000000000000e+05
2.085290000000000000e+05
2.085530000000000000e+05
2.085770000000000000e+05
2.085890000000000000e+05
2.085910000000000000e+05
2.086090000000000000e+05
2.086270000000000000e+05
2.086310000000000000e+05
2.086570000000000000e+05
2.086670000000000000e+05
2.086730000000000000e+05
2.086870000000000000e+05
2.086970000000000000e+05
2.086990000000000000e+05
2.087210000000000000e+05
2.087290000000000000e+05
