2.099390000000000000e+05
2.099530000000000000e+05
2.099590000000000000e+05
2.099710000000000000e+05
2.099770000000000000e+05
2.099830000000000000e+05
2.099870000000000000e+05
2.100110000000000000e+05
2.100190000000000000e+05
2.100310000000000000e+05
2.100370000000000000e+05
2.100530000000000000e+05
2.100710000000000000e+05
2.100970000000000000e+05
2.101010000000000000e+05
2.101090000000000000e+05
2.101130000000000000e+05
2.101270000000000000e+05
2.101310000000000000e+05
2.101390000000000000e+05
2.101430000000000000e+05
2.101570000000000000e+05
2.101690000000000000e+05
2.101730000000000000e+05
2.101870000000000000e+05
2.101910000000000000e+05
2.101930000000000000e+05
2.102090000000000000e+05
2.102290000000000000e+05
2.102330000000000000e+05
2.102410000000000000e+05
2.102470000000000000e+05
2.102570000000000000e+05
2.102630000000000000e+05
2.102770000000000000e+05
2.102830000000000000e+05
2.102990000000000000e+05
2.103170000000000000e+05
2.103190000000000000e+05
2.103230000000000000e+05
2.103470000000000000e+05
2.103590000000000000e+05
2.103610000000000000e+05
2.103910000000000000e+05
2.104010000000000000e+05
2.104030000000000000e+05
2.104070000000000000e+05
2.104210000000000000e+05
2.104370000000000000e+05
2.104610000000000000e+05
2.104670000000000000e+05
2.104810000000000000e+05
2.104870000000000000e+05
2.104910000000000000e+05
2.104990000000000000e+05
2.105230000000000000e+05
2.105270000000000000e+05
2.105330000000000000e+05
2.105570000000000000e+05
2.105990000000000000e+05
2.106010000000000000e+05
2.106190000000000000e+05
2.106310000000000000e+05
2.106430000000000000e+05
2.106590000000000000e+05
2.106710000000000000e+05
2.107090000000000000e+05
2.107130000000000000e+05
2.107190000000000000e+05
2.107310000000000000e+05
2.107390000000000000e+05
2.107610000000000000e+05
2.107730000000000000e+05
2.108030000000000000e+05
2.108090000000000000e+05
2.108110000000000000e+05
2.108230000000000000e+05
2.108270000000000000e+05
2.108390000000000000e+05
2.108530000000000000e+05
2.108570000000000000e+05
2.108690000000000000e+05
2.109010000000000000e+05
2.109070000000000000e+05
2.109110000000000000e+05
2.109130000000000000e+05
2.109230000000000000e+05
2.109290000000000000e+05
2.109430000000000000e+05
2.109610000000000000e+05
2.109670000000000000e+05
2.110070000000000000e+05
2.110390000000000000e+05
2.110490000000000000e+05
2.110510000000000000e+05
2.110610000000000000e+05
2.110630000000000000e+05
2.110670000000000000e+05
2.110730000000000000e+05
2.110930000000000000e+05
