2.110970000000000000e+05
2.111290000000000000e+05
2.111510000000000000e+05
2.111530000000000000e+05
2.111770000000000000e+05
2.111870000000000000e+05
2.111930000000000000e+05
2.111990000000000000e+05
2.112130000000000000e+05
2.112170000000000000e+05
2.112190000000000000e+05
2.112290000000000000e+05
2.112310000000000000e+05
2.112410000000000000e+05
2.112470000000000000e+05
2.112710000000000000e+05
2.112830000000000000e+05
2.112910000000000000e+05
2.112970000000000000e+05
2.113130000000000000e+05
2.113190000000000000e+05
2.113330000000000000e+05
2.113390000000000000e+05
2.113490000000000000e+05
2.113690000000000000e+05
2.113730000000000000e+05
2.114030000000000000e+05
2.114270000000000000e+05
2.114330000000000000e+05
2.114410000000000000e+05
2.114570000000000000e+05
2.114690000000000000e+05
2.114930000000000000e+05
2.114990000000000000e+05
2.115010000000000000e+05
2.115070000000000000e+05
2.115430000000000000e+05
2.115590000000000000e+05
2.115710000000000000e+05
2.115730000000000000e+05
2.115830000000000000e+05
2.115970000000000000e+05
2.116190000000000000e+05
2.116390000000000000e+05
2.116430000000000000e+05
2.116570000000000000e+05
2.116610000000000000e+05
2.116630000000000000e+05
2.116810000000000000e+05
2.116910000000000000e+05
2.116930000000000000e+05
2.117110000000000000e+05
2.117230000000000000e+05
2.117270000000000000e+05
2.117410000000000000e+05
2.117470000000000000e+05
2.117770000000000000e+05
2.117810000000000000e+05
2.117890000000000000e+05
2.118010000000000000e+05
2.118110000000000000e+05
2.118170000000000000e+05
2.118590000000000000e+05
2.118670000000000000e+05
2.118730000000000000e+05
2.118770000000000000e+05
2.118790000000000000e+05
2.118890000000000000e+05
2.118910000000000000e+05
2.119270000000000000e+05
2.119310000000000000e+05
2.119330000000000000e+05
2.119430000000000000e+05
2.119490000000000000e+05
2.119690000000000000e+05
2.119790000000000000e+05
2.119970000000000000e+05
2.120290000000000000e+05
2.120390000000000000e+05
2.120570000000000000e+05
2.120810000000000000e+05
2.120990000000000000e+05
2.121170000000000000e+05
2.121230000000000000e+05
2.121310000000000000e+05
2.121410000000000000e+05
2.121610000000000000e+05
2.121670000000000000e+05
2.121830000000000000e+05
2.122030000000000000e+05
2.122070000000000000e+05
2.122090000000000000e+05
2.122270000000000000e+05
2.122390000000000000e+05
2.122430000000000000e+05
2.122810000000000000e+05
2.122930000000000000e+05
2.122970000000000000e+05
2.123530000000000000e+05
2.123690000000000000e+05
