2.123830000000000000e+05
2.124110000000000000e+05
2.124190000000000000e+05
2.124230000000000000e+05
2.124370000000000000e+05
2.124470000000000000e+05
2.124530000000000000e+05
2.124610000000000000e+05
2.124670000000000000e+05
2.124790000000000000e+05
2.125010000000000000e+05
2.125070000000000000e+05
2.125570000000000000e+05
2.125610000000000000e+05
2.125730000000000000e+05
2.125790000000000000e+05
2.125870000000000000e+05
2.125930000000000000e+05
2.126270000000000000e+05
2.126330000000000000e+05
2.126510000000000000e+05
2.126690000000000000e+05
2.126710000000000000e+05
2.126770000000000000e+05
2.126830000000000000e+05
2.127010000000000000e+05
2.127770000000000000e+05
2.127910000000000000e+05
2.128010000000000000e+05
2.128270000000000000e+05
2.128370000000000000e+05
2.128430000000000000e+05
2.128510000000000000e+05
2.128670000000000000e+05
2.128690000000000000e+05
2.128730000000000000e+05
2.128810000000000000e+05
2.128970000000000000e+05
2.129030000000000000e+05
2.129090000000000000e+05
2.129170000000000000e+05
2.129230000000000000e+05
2.129690000000000000e+05
2.129810000000000000e+05
2.129870000000000000e+05
2.129990000000000000e+05
2.130190000000000000e+05
2.130230000000000000e+05
2.130290000000000000e+05
2.130430000000000000e+05
2.130670000000000000e+05
2.130790000000000000e+05
2.130910000000000000e+05
2.130970000000000000e+05
2.131190000000000000e+05
2.131310000000000000e+05
2.131330000000000000e+05
2.131390000000000000e+05
2.131490000000000000e+05
2.131730000000000000e+05
2.131810000000000000e+05
2.131930000000000000e+05
2.132030000000000000e+05
2.132090000000000000e+05
2.132170000000000000e+05
2.132230000000000000e+05
2.132290000000000000e+05
2.132470000000000000e+05
2.132530000000000000e+05
2.132630000000000000e+05
2.132810000000000000e+05
2.132870000000000000e+05
2.132890000000000000e+05
2.133070000000000000e+05
2.133190000000000000e+05
2.133290000000000000e+05
2.133370000000000000e+05
2.133490000000000000e+05
2.133590000000000000e+05
2.133610000000000000e+05
2.133830000000000000e+05
2.133910000000000000e+05
2.133970000000000000e+05
2.134070000000000000e+05
2.134490000000000000e+05
2.134610000000000000e+05
2.134670000000000000e+05
2.134810000000000000e+05
2.134910000000000000e+05
2.135230000000000000e+05
2.135330000000000000e+05
2.135390000000000000e+05
2.135530000000000000e+05
2.135570000000000000e+05
2.135890000000000000e+05
2.135990000000000000e+05
2.136110000000000000e+05
2.136130000000000000e+05
2.136230000000000000e+05
2.136370000000000000e+05
