2.136410000000000000e+05
2.136490000000000000e+05
2.136590000000000000e+05
2.137130000000000000e+05
2.137210000000000000e+05
2.137270000000000000e+05
2.137370000000000000e+05
2.137510000000000000e+05
2.137910000000000000e+05
2.137990000000000000e+05
2.138210000000000000e+05
2.138270000000000000e+05
2.138330000000000000e+05
2.138470000000000000e+05
2.138590000000000000e+05
2.138810000000000000e+05
2.138870000000000000e+05
2.139010000000000000e+05
2.139190000000000000e+05
2.139290000000000000e+05
2.139430000000000000e+05
2.139470000000000000e+05
2.139490000000000000e+05
2.139530000000000000e+05
2.139730000000000000e+05
2.139770000000000000e+05
2.139890000000000000e+05
2.140030000000000000e+05
2.140070000000000000e+05
2.140090000000000000e+05
2.140210000000000000e+05
2.140310000000000000e+05
2.140330000000000000e+05
2.140430000000000000e+05
2.140510000000000000e+05
2.140630000000000000e+05
2.140690000000000000e+05
2.140870000000000000e+05
2.140910000000000000e+05
2.141290000000000000e+05
2.141330000000000000e+05
2.141410000000000000e+05
2.141470000000000000e+05
2.141630000000000000e+05
2.141770000000000000e+05
2.141890000000000000e+05
2.142110000000000000e+05
2.142130000000000000e+05
2.142190000000000000e+05
2.142370000000000000e+05
2.142430000000000000e+05
2.142590000000000000e+05
2.142830000000000000e+05
2.142970000000000000e+05
2.143090000000000000e+05
2.143510000000000000e+05
2.143630000000000000e+05
2.143730000000000000e+05
2.143810000000000000e+05
2.143910000000000000e+05
2.143990000000000000e+05
2.144330000000000000e+05
2.144390000000000000e+05
2.144510000000000000e+05
2.144570000000000000e+05
2.144630000000000000e+05
2.144690000000000000e+05
2.144810000000000000e+05
2.144830000000000000e+05
2.144990000000000000e+05
2.145070000000000000e+05
2.145170000000000000e+05
2.145190000000000000e+05
2.145310000000000000e+05
2.145410000000000000e+05
2.145590000000000000e+05
2.145610000000000000e+05
2.145890000000000000e+05
2.146030000000000000e+05
2.146070000000000000e+05
2.146310000000000000e+05
2.146390000000000000e+05
2.146510000000000000e+05
2.146570000000000000e+05
2.146630000000000000e+05
2.146670000000000000e+05
2.146730000000000000e+05
2.146910000000000000e+05
2.147230000000000000e+05
2.147290000000000000e+05
2.147330000000000000e+05
2.147410000000000000e+05
2.147590000000000000e+05
2.147630000000000000e+05
2.147710000000000000e+05
2.147830000000000000e+05
2.147870000000000000e+05
2.147890000000000000e+05
2.148070000000000000e+05
2.148110000000000000e+05
