2.148170000000000000e+05
2.148310000000000000e+05
2.148490000000000000e+05
2.148530000000000000e+05
2.148670000000000000e+05
2.148830000000000000e+05
2.148910000000000000e+05
2.149130000000000000e+05
2.149390000000000000e+05
2.149430000000000000e+05
2.149670000000000000e+05
2.149870000000000000e+05
2.149930000000000000e+05
2.150510000000000000e+05
2.150630000000000000e+05
2.150770000000000000e+05
2.150870000000000000e+05
2.151230000000000000e+05
2.151410000000000000e+05
2.151430000000000000e+05
2.151530000000000000e+05
2.151610000000000000e+05
2.151790000000000000e+05
2.151830000000000000e+05
2.151910000000000000e+05
2.151970000000000000e+05
2.152390000000000000e+05
2.152490000000000000e+05
2.152610000000000000e+05
2.152730000000000000e+05
2.152790000000000000e+05
2.152970000000000000e+05
2.153090000000000000e+05
2.153170000000000000e+05
2.153290000000000000e+05
2.153510000000000000e+05
2.153530000000000000e+05
2.153590000000000000e+05
2.153810000000000000e+05
2.153890000000000000e+05
2.153930000000000000e+05
2.153990000000000000e+05
2.154170000000000000e+05
2.154430000000000000e+05
2.154470000000000000e+05
2.154590000000000000e+05
2.154610000000000000e+05
2.154710000000000000e+05
2.154830000000000000e+05
2.154970000000000000e+05
2.155030000000000000e+05
2.155070000000000000e+05
2.155210000000000000e+05
2.155310000000000000e+05
2.155630000000000000e+05
2.155730000000000000e+05
2.155870000000000000e+05
2.156170000000000000e+05
2.156530000000000000e+05
2.156590000000000000e+05
2.156810000000000000e+05
2.156870000000000000e+05
2.156890000000000000e+05
2.156930000000000000e+05
2.157230000000000000e+05
2.157370000000000000e+05
2.157530000000000000e+05
2.157670000000000000e+05
2.157710000000000000e+05
2.157970000000000000e+05
2.158010000000000000e+05
2.158270000000000000e+05
2.158330000000000000e+05
2.158430000000000000e+05
2.158510000000000000e+05
2.158570000000000000e+05
2.158630000000000000e+05
2.158930000000000000e+05
2.158990000000000000e+05
2.159090000000000000e+05
2.159210000000000000e+05
2.159270000000000000e+05
2.159390000000000000e+05
2.159530000000000000e+05
2.159590000000000000e+05
2.159810000000000000e+05
2.159830000000000000e+05
2.160230000000000000e+05
2.160370000000000000e+05
2.160610000000000000e+05
2.160710000000000000e+05
2.160910000000000000e+05
2.161030000000000000e+05
2.161070000000000000e+05
2.161130000000000000e+05
2.161190000000000000e+05
2.161270000000000000e+05
2.161330000000000000e+05
2.161490000000000000e+05
2.161570000000000000e+05
