2.161730000000000000e+05
2.161790000000000000e+05
2.162110000000000000e+05
2.162170000000000000e+05
2.162330000000000000e+05
2.162590000000000000e+05
2.162630000000000000e+05
2.162890000000000000e+05
2.163170000000000000e+05
2.163190000000000000e+05
2.163290000000000000e+05
2.163470000000000000e+05
2.163710000000000000e+05
2.163730000000000000e+05
2.163790000000000000e+05
2.163970000000000000e+05
2.164010000000000000e+05
2.164210000000000000e+05
2.164310000000000000e+05
2.164510000000000000e+05
2.164810000000000000e+05
2.164930000000000000e+05
2.165090000000000000e+05
2.165230000000000000e+05
2.165510000000000000e+05
2.165530000000000000e+05
2.165690000000000000e+05
2.165710000000000000e+05
2.165770000000000000e+05
2.166070000000000000e+05
2.166170000000000000e+05
2.166410000000000000e+05
2.166470000000000000e+05
2.166490000000000000e+05
2.166530000000000000e+05
2.166610000000000000e+05
2.166790000000000000e+05
2.167030000000000000e+05
2.167190000000000000e+05
2.167310000000000000e+05
2.167430000000000000e+05
2.167510000000000000e+05
2.167570000000000000e+05
2.167610000000000000e+05
2.167790000000000000e+05
2.167810000000000000e+05
2.167870000000000000e+05
2.167910000000000000e+05
2.168030000000000000e+05
2.168290000000000000e+05
2.168410000000000000e+05
2.168510000000000000e+05
2.168590000000000000e+05
2.168770000000000000e+05
2.168990000000000000e+05
2.169010000000000000e+05
2.169110000000000000e+05
2.169170000000000000e+05
2.169190000000000000e+05
2.169470000000000000e+05
2.169670000000000000e+05
2.169730000000000000e+05
2.169910000000000000e+05
2.170010000000000000e+05
2.170030000000000000e+05
2.170270000000000000e+05
2.170330000000000000e+05
2.170570000000000000e+05
2.170690000000000000e+05
2.170810000000000000e+05
2.171110000000000000e+05
2.171170000000000000e+05
2.171210000000000000e+05
2.171570000000000000e+05
2.171630000000000000e+05
2.171690000000000000e+05
2.171990000000000000e+05
2.172010000000000000e+05
2.172070000000000000e+05
2.172190000000000000e+05
2.172230000000000000e+05
2.172290000000000000e+05
2.172410000000000000e+05
2.172530000000000000e+05
2.172710000000000000e+05
2.173070000000000000e+05
2.173090000000000000e+05
2.173130000000000000e+05
2.173190000000000000e+05
2.173330000000000000e+05
2.173370000000000000e+05
2.173390000000000000e+05
2.173510000000000000e+05
2.173610000000000000e+05
2.173630000000000000e+05
2.173670000000000000e+05
2.173690000000000000e+05
2.173870000000000000e+05
2.173970000000000000e+05
2.174090000000000000e+05
