2.198390000000000000e+05
2.198470000000000000e+05
2.198510000000000000e+05
2.198710000000000000e+05
2.198810000000000000e+05
2.198890000000000000e+05
2.199110000000000000e+05
2.199170000000000000e+05
2.199310000000000000e+05
2.199370000000000000e+05
2.199410000000000000e+05
2.199430000000000000e+05
2.199530000000000000e+05
2.199590000000000000e+05
2.199710000000000000e+05
2.199770000000000000e+05
2.199790000000000000e+05
2.199830000000000000e+05
2.200090000000000000e+05
2.200130000000000000e+05
2.200190000000000000e+05
2.200210000000000000e+05
2.200570000000000000e+05
2.200630000000000000e+05
2.201230000000000000e+05
2.201410000000000000e+05
2.201470000000000000e+05
2.201510000000000000e+05
2.201630000000000000e+05
2.201690000000000000e+05
2.201770000000000000e+05
2.201890000000000000e+05
2.202170000000000000e+05
2.202430000000000000e+05
2.202790000000000000e+05
2.202910000000000000e+05
2.203010000000000000e+05
2.203070000000000000e+05
2.203270000000000000e+05
2.203330000000000000e+05
2.203510000000000000e+05
2.203570000000000000e+05
2.203610000000000000e+05
2.203690000000000000e+05
2.203730000000000000e+05
2.203910000000000000e+05
2.203990000000000000e+05
2.204030000000000000e+05
2.204110000000000000e+05
2.204210000000000000e+05
2.204470000000000000e+05
2.204690000000000000e+05
2.204710000000000000e+05
2.205110000000000000e+05
2.205130000000000000e+05
2.205290000000000000e+05
2.205370000000000000e+05
2.205430000000000000e+05
2.205530000000000000e+05
2.205590000000000000e+05
2.205730000000000000e+05
2.205790000000000000e+05
2.205890000000000000e+05
2.206130000000000000e+05
2.206630000000000000e+05
2.206670000000000000e+05
2.206730000000000000e+05
2.206810000000000000e+05
2.206870000000000000e+05
2.206990000000000000e+05
2.207090000000000000e+05
2.207210000000000000e+05
2.207470000000000000e+05
2.207570000000000000e+05
2.207710000000000000e+05
2.207830000000000000e+05
2.207890000000000000e+05
2.207930000000000000e+05
2.208070000000000000e+05
2.208110000000000000e+05
2.208410000000000000e+05
2.208590000000000000e+05
2.208610000000000000e+05
2.208730000000000000e+05
2.208770000000000000e+05
2.208790000000000000e+05
2.208890000000000000e+05
2.208970000000000000e+05
2.209010000000000000e+05
2.209030000000000000e+05
2.209070000000000000e+05
2.209190000000000000e+05
2.209310000000000000e+05
2.209330000000000000e+05
2.209390000000000000e+05
2.209730000000000000e+05
2.210210000000000000e+05
2.210470000000000000e+05
2.210590000000000000e+05
2.210690000000000000e+05
