2.210710000000000000e+05
2.210770000000000000e+05
2.210830000000000000e+05
2.210870000000000000e+05
2.210930000000000000e+05
2.211010000000000000e+05
2.211590000000000000e+05
2.211710000000000000e+05
2.211730000000000000e+05
2.211970000000000000e+05
2.212010000000000000e+05
2.212030000000000000e+05
2.212090000000000000e+05
2.212190000000000000e+05
2.212270000000000000e+05
2.212330000000000000e+05
2.212390000000000000e+05
2.212510000000000000e+05
2.212610000000000000e+05
2.212810000000000000e+05
2.213030000000000000e+05
2.213110000000000000e+05
2.213170000000000000e+05
2.213270000000000000e+05
2.213930000000000000e+05
2.213990000000000000e+05
2.214010000000000000e+05
2.214110000000000000e+05
2.214130000000000000e+05
2.214470000000000000e+05
2.214530000000000000e+05
2.214610000000000000e+05
2.214710000000000000e+05
2.214770000000000000e+05
2.214890000000000000e+05
2.214970000000000000e+05
2.215090000000000000e+05
2.215370000000000000e+05
2.215390000000000000e+05
2.215490000000000000e+05
2.215670000000000000e+05
2.215810000000000000e+05
2.215870000000000000e+05
2.216030000000000000e+05
2.216210000000000000e+05
2.216230000000000000e+05
2.216530000000000000e+05
2.216570000000000000e+05
2.216590000000000000e+05
2.216710000000000000e+05
2.216770000000000000e+05
2.217070000000000000e+05
2.217130000000000000e+05
2.217170000000000000e+05
2.217190000000000000e+05
2.217230000000000000e+05
2.217290000000000000e+05
2.217370000000000000e+05
2.217470000000000000e+05
2.217730000000000000e+05
2.217970000000000000e+05
2.218070000000000000e+05
2.218130000000000000e+05
2.218270000000000000e+05
2.218310000000000000e+05
2.218490000000000000e+05
2.218730000000000000e+05
2.218910000000000000e+05
2.219090000000000000e+05
2.219410000000000000e+05
2.219510000000000000e+05
2.219530000000000000e+05
2.219570000000000000e+05
2.219870000000000000e+05
2.219890000000000000e+05
2.219990000000000000e+05
2.220070000000000000e+05
2.220110000000000000e+05
2.220230000000000000e+05
2.220290000000000000e+05
2.220410000000000000e+05
2.220430000000000000e+05
2.220590000000000000e+05
2.220670000000000000e+05
2.220730000000000000e+05
2.221070000000000000e+05
2.221090000000000000e+05
2.221130000000000000e+05
2.221270000000000000e+05
2.221370000000000000e+05
2.221490000000000000e+05
2.221510000000000000e+05
2.221610000000000000e+05
2.221630000000000000e+05
2.221930000000000000e+05
2.221970000000000000e+05
2.221990000000000000e+05
2.222470000000000000e+05
2.222690000000000000e+05
2.222890000000000000e+05
