2.234690000000000000e+05
2.234810000000000000e+05
2.234930000000000000e+05
2.235070000000000000e+05
2.235290000000000000e+05
2.235430000000000000e+05
2.235470000000000000e+05
2.235490000000000000e+05
2.235770000000000000e+05
2.235890000000000000e+05
2.236210000000000000e+05
2.236330000000000000e+05
2.236370000000000000e+05
2.236670000000000000e+05
2.236790000000000000e+05
2.236810000000000000e+05
2.236970000000000000e+05
2.237110000000000000e+05
2.237470000000000000e+05
2.237530000000000000e+05
2.237570000000000000e+05
2.237590000000000000e+05
2.237810000000000000e+05
2.238230000000000000e+05
2.238290000000000000e+05
2.238310000000000000e+05
2.238370000000000000e+05
2.238410000000000000e+05
2.238430000000000000e+05
2.238490000000000000e+05
2.239030000000000000e+05
2.239190000000000000e+05
2.239210000000000000e+05
2.239390000000000000e+05
2.239630000000000000e+05
2.239690000000000000e+05
2.239990000000000000e+05
2.240110000000000000e+05
2.240270000000000000e+05
2.240330000000000000e+05
2.240410000000000000e+05
2.240470000000000000e+05
2.240570000000000000e+05
2.240690000000000000e+05
2.240710000000000000e+05
2.241010000000000000e+05
2.241130000000000000e+05
2.241290000000000000e+05
2.241310000000000000e+05
2.241490000000000000e+05
2.241530000000000000e+05
2.241710000000000000e+05
2.241770000000000000e+05
2.241970000000000000e+05
2.242010000000000000e+05
2.242090000000000000e+05
2.242210000000000000e+05
2.242330000000000000e+05
2.242390000000000000e+05
2.242510000000000000e+05
2.242610000000000000e+05
2.242670000000000000e+05
2.242910000000000000e+05
2.242990000000000000e+05
2.243030000000000000e+05
2.243090000000000000e+05
2.243170000000000000e+05
2.243270000000000000e+05
2.243510000000000000e+05
2.243590000000000000e+05
2.243630000000000000e+05
2.244010000000000000e+05
2.244230000000000000e+05
2.244290000000000000e+05
2.244430000000000000e+05
2.244490000000000000e+05
2.244610000000000000e+05
2.244670000000000000e+05
2.244730000000000000e+05
2.244910000000000000e+05
2.245010000000000000e+05
2.245130000000000000e+05
2.245270000000000000e+05
2.245630000000000000e+05
2.245690000000000000e+05
2.245790000000000000e+05
2.245910000000000000e+05
2.246030000000000000e+05
2.246110000000000000e+05
2.246170000000000000e+05
2.246290000000000000e+05
2.246330000000000000e+05
2.246690000000000000e+05
2.246770000000000000e+05
2.246830000000000000e+05
2.246990000000000000e+05
2.247110000000000000e+05
2.247170000000000000e+05
2.247290000000000000e+05
2.247370000000000000e+05
