2.247430000000000000e+05
2.247590000000000000e+05
2.247710000000000000e+05
2.247970000000000000e+05
2.248130000000000000e+05
2.248310000000000000e+05
2.248630000000000000e+05
2.248690000000000000e+05
2.248810000000000000e+05
2.248910000000000000e+05
2.248970000000000000e+05
2.249090000000000000e+05
2.249110000000000000e+05
2.249210000000000000e+05
2.249290000000000000e+05
2.249470000000000000e+05
2.249510000000000000e+05
2.249690000000000000e+05
2.249770000000000000e+05
2.249930000000000000e+05
2.250230000000000000e+05
2.250370000000000000e+05
2.250610000000000000e+05
2.250670000000000000e+05
2.250770000000000000e+05
2.250790000000000000e+05
2.250890000000000000e+05
2.251090000000000000e+05
2.251190000000000000e+05
2.251330000000000000e+05
2.251430000000000000e+05
2.251490000000000000e+05
2.251570000000000000e+05
2.251610000000000000e+05
2.251630000000000000e+05
2.251670000000000000e+05
2.252170000000000000e+05
2.252210000000000000e+05
2.252230000000000000e+05
2.252270000000000000e+05
2.252410000000000000e+05
2.252570000000000000e+05
2.252630000000000000e+05
2.252870000000000000e+05
2.252890000000000000e+05
2.252990000000000000e+05
2.253070000000000000e+05
2.253410000000000000e+05
2.253430000000000000e+05
2.253470000000000000e+05
2.253490000000000000e+05
2.253530000000000000e+05
2.253710000000000000e+05
2.253730000000000000e+05
2.253830000000000000e+05
2.254270000000000000e+05
2.254310000000000000e+05
2.254570000000000000e+05
2.254610000000000000e+05
2.254790000000000000e+05
2.254930000000000000e+05
2.254990000000000000e+05
2.255030000000000000e+05
2.255090000000000000e+05
2.255230000000000000e+05
2.255270000000000000e+05
2.255290000000000000e+05
2.255690000000000000e+05
2.255810000000000000e+05
2.255830000000000000e+05
2.256010000000000000e+05
2.256110000000000000e+05
2.256130000000000000e+05
2.256190000000000000e+05
2.256290000000000000e+05
2.256370000000000000e+05
2.256710000000000000e+05
2.256830000000000000e+05
2.256890000000000000e+05
2.256970000000000000e+05
2.257210000000000000e+05
2.257330000000000000e+05
2.257490000000000000e+05
2.257510000000000000e+05
2.257670000000000000e+05
2.257690000000000000e+05
2.257790000000000000e+05
2.257810000000000000e+05
2.258090000000000000e+05
2.258210000000000000e+05
2.258290000000000000e+05
2.258390000000000000e+05
2.258590000000000000e+05
2.258710000000000000e+05
2.258890000000000000e+05
2.259190000000000000e+05
2.259310000000000000e+05
2.259410000000000000e+05
2.259430000000000000e+05
2.259490000000000000e+05
