2.259610000000000000e+05
2.259770000000000000e+05
2.259830000000000000e+05
2.259890000000000000e+05
2.260010000000000000e+05
2.260070000000000000e+05
2.260130000000000000e+05
2.260270000000000000e+05
2.260630000000000000e+05
2.260870000000000000e+05
2.260990000000000000e+05
2.261030000000000000e+05
2.261230000000000000e+05
2.261290000000000000e+05
2.261330000000000000e+05
2.261410000000000000e+05
2.261690000000000000e+05
2.261830000000000000e+05
2.261890000000000000e+05
2.261990000000000000e+05
2.262010000000000000e+05
2.262170000000000000e+05
2.262310000000000000e+05
2.262410000000000000e+05
2.262670000000000000e+05
2.262830000000000000e+05
2.263070000000000000e+05
2.263130000000000000e+05
2.263370000000000000e+05
2.263570000000000000e+05
2.263670000000000000e+05
2.263790000000000000e+05
2.263810000000000000e+05
2.263970000000000000e+05
2.264090000000000000e+05
2.264270000000000000e+05
2.264330000000000000e+05
2.264510000000000000e+05
2.264530000000000000e+05
2.264630000000000000e+05
2.264830000000000000e+05
2.264870000000000000e+05
2.265110000000000000e+05
2.265310000000000000e+05
2.265470000000000000e+05
2.265490000000000000e+05
2.265530000000000000e+05
2.265710000000000000e+05
2.266010000000000000e+05
2.266090000000000000e+05
2.266210000000000000e+05
2.266310000000000000e+05
2.266370000000000000e+05
2.266430000000000000e+05
2.266490000000000000e+05
2.266570000000000000e+05
2.266630000000000000e+05
2.266690000000000000e+05
2.266910000000000000e+05
2.266970000000000000e+05
2.267410000000000000e+05
2.267530000000000000e+05
2.267690000000000000e+05
2.267770000000000000e+05
2.267830000000000000e+05
2.267890000000000000e+05
2.267990000000000000e+05
2.268130000000000000e+05
2.268170000000000000e+05
2.268190000000000000e+05
2.268230000000000000e+05
2.268430000000000000e+05
2.268710000000000000e+05
2.269010000000000000e+05
2.269030000000000000e+05
2.269070000000000000e+05
2.269130000000000000e+05
2.269370000000000000e+05
2.269430000000000000e+05
2.269910000000000000e+05
2.270110000000000000e+05
2.270270000000000000e+05
2.270530000000000000e+05
2.270810000000000000e+05
2.270890000000000000e+05
2.270930000000000000e+05
2.271110000000000000e+05
2.271130000000000000e+05
2.271310000000000000e+05
2.271470000000000000e+05
2.271530000000000000e+05
2.271590000000000000e+05
2.271670000000000000e+05
2.271770000000000000e+05
2.271890000000000000e+05
2.271910000000000000e+05
2.272070000000000000e+05
2.272190000000000000e+05
2.272310000000000000e+05
2.272330000000000000e+05
