2.272510000000000000e+05
2.272570000000000000e+05
2.272670000000000000e+05
2.272810000000000000e+05
2.272990000000000000e+05
2.273030000000000000e+05
2.273630000000000000e+05
2.273710000000000000e+05
2.273770000000000000e+05
2.273870000000000000e+05
2.273930000000000000e+05
2.273990000000000000e+05
2.274070000000000000e+05
2.274190000000000000e+05
2.274310000000000000e+05
2.274530000000000000e+05
2.274590000000000000e+05
2.274670000000000000e+05
2.274710000000000000e+05
2.274730000000000000e+05
2.274890000000000000e+05
2.274970000000000000e+05
2.275010000000000000e+05
2.275190000000000000e+05
2.275310000000000000e+05
2.275330000000000000e+05
2.275370000000000000e+05
2.275610000000000000e+05
2.275670000000000000e+05
2.275690000000000000e+05
2.275810000000000000e+05
2.275930000000000000e+05
2.275970000000000000e+05
2.276030000000000000e+05
2.276090000000000000e+05
2.276110000000000000e+05
2.276270000000000000e+05
2.276290000000000000e+05
2.276510000000000000e+05
2.276530000000000000e+05
2.276630000000000000e+05
2.276710000000000000e+05
2.276930000000000000e+05
2.276990000000000000e+05
2.277070000000000000e+05
2.277190000000000000e+05
2.277290000000000000e+05
2.277430000000000000e+05
2.277890000000000000e+05
2.277970000000000000e+05
2.278270000000000000e+05
2.278490000000000000e+05
2.278690000000000000e+05
2.278730000000000000e+05
2.278930000000000000e+05
2.279470000000000000e+05
2.279510000000000000e+05
2.279770000000000000e+05
2.279890000000000000e+05
2.279930000000000000e+05
2.280130000000000000e+05
2.280230000000000000e+05
2.280490000000000000e+05
2.280610000000000000e+05
2.280770000000000000e+05
2.280970000000000000e+05
2.281030000000000000e+05
2.281130000000000000e+05
2.281270000000000000e+05
2.281310000000000000e+05
2.281390000000000000e+05
2.281810000000000000e+05
2.281970000000000000e+05
2.281990000000000000e+05
2.282030000000000000e+05
2.282110000000000000e+05
2.282230000000000000e+05
2.282330000000000000e+05
2.282510000000000000e+05
2.282570000000000000e+05
2.282810000000000000e+05
2.282990000000000000e+05
2.283010000000000000e+05
2.283070000000000000e+05
2.283110000000000000e+05
2.283310000000000000e+05
2.283370000000000000e+05
2.283410000000000000e+05
2.283530000000000000e+05
2.283590000000000000e+05
2.283830000000000000e+05
2.284090000000000000e+05
2.284190000000000000e+05
2.284210000000000000e+05
2.284270000000000000e+05
2.284430000000000000e+05
2.284510000000000000e+05
2.284570000000000000e+05
2.284610000000000000e+05
2.284690000000000000e+05
