2.284790000000000000e+05
2.285090000000000000e+05
2.285110000000000000e+05
2.285170000000000000e+05
2.285210000000000000e+05
2.285230000000000000e+05
2.285390000000000000e+05
2.285590000000000000e+05
2.285770000000000000e+05
2.285810000000000000e+05
2.285870000000000000e+05
2.285930000000000000e+05
2.286010000000000000e+05
2.286110000000000000e+05
2.286170000000000000e+05
2.286190000000000000e+05
2.286370000000000000e+05
2.286470000000000000e+05
2.286770000000000000e+05
2.287070000000000000e+05
2.287130000000000000e+05
2.287310000000000000e+05
2.287330000000000000e+05
2.287370000000000000e+05
2.287510000000000000e+05
2.287570000000000000e+05
2.287730000000000000e+05
2.287930000000000000e+05
2.287970000000000000e+05
2.287990000000000000e+05
2.288290000000000000e+05
2.288410000000000000e+05
2.288470000000000000e+05
2.288530000000000000e+05
2.288590000000000000e+05
2.288690000000000000e+05
2.288810000000000000e+05
2.288830000000000000e+05
2.288870000000000000e+05
2.289010000000000000e+05
2.289110000000000000e+05
2.289130000000000000e+05
2.289230000000000000e+05
2.289290000000000000e+05
2.289530000000000000e+05
2.289590000000000000e+05
2.289610000000000000e+05
2.289830000000000000e+05
2.289890000000000000e+05
2.290030000000000000e+05
2.290270000000000000e+05
2.290370000000000000e+05
2.290810000000000000e+05
2.290930000000000000e+05
2.291230000000000000e+05
2.291270000000000000e+05
2.291330000000000000e+05
2.291390000000000000e+05
2.291530000000000000e+05
2.291570000000000000e+05
2.291710000000000000e+05
2.291810000000000000e+05
2.291890000000000000e+05
2.291990000000000000e+05
2.292130000000000000e+05
2.292170000000000000e+05
2.292230000000000000e+05
2.292370000000000000e+05
2.292470000000000000e+05
2.292490000000000000e+05
2.292530000000000000e+05
2.292610000000000000e+05
2.292670000000000000e+05
2.292830000000000000e+05
2.293090000000000000e+05
2.293210000000000000e+05
2.293430000000000000e+05
2.293510000000000000e+05
2.293730000000000000e+05
2.293930000000000000e+05
2.293990000000000000e+05
2.294030000000000000e+05
2.294090000000000000e+05
2.294230000000000000e+05
2.294330000000000000e+05
2.294590000000000000e+05
2.294690000000000000e+05
2.294870000000000000e+05
2.294990000000000000e+05
2.295070000000000000e+05
2.295190000000000000e+05
2.295290000000000000e+05
2.295470000000000000e+05
2.295490000000000000e+05
2.295530000000000000e+05
2.295610000000000000e+05
2.295830000000000000e+05
2.295890000000000000e+05
2.295910000000000000e+05
2.296010000000000000e+05
