2.296130000000000000e+05
2.296270000000000000e+05
2.296310000000000000e+05
2.296370000000000000e+05
2.296390000000000000e+05
2.296810000000000000e+05
2.296930000000000000e+05
2.296990000000000000e+05
2.297030000000000000e+05
2.297110000000000000e+05
2.297170000000000000e+05
2.297270000000000000e+05
2.297390000000000000e+05
2.297510000000000000e+05
2.297530000000000000e+05
2.297590000000000000e+05
2.297630000000000000e+05
2.297690000000000000e+05
2.297710000000000000e+05
2.297770000000000000e+05
2.297810000000000000e+05
2.297990000000000000e+05
2.298130000000000000e+05
2.298190000000000000e+05
2.298370000000000000e+05
2.298410000000000000e+05
2.298470000000000000e+05
2.298490000000000000e+05
2.298970000000000000e+05
2.299030000000000000e+05
2.299370000000000000e+05
2.299390000000000000e+05
2.299490000000000000e+05
2.299610000000000000e+05
2.299630000000000000e+05
2.299790000000000000e+05
2.299810000000000000e+05
2.300030000000000000e+05
2.300170000000000000e+05
2.300470000000000000e+05
2.300590000000000000e+05
2.300630000000000000e+05
2.300770000000000000e+05
2.300810000000000000e+05
2.300890000000000000e+05
2.301010000000000000e+05
2.301070000000000000e+05
2.301170000000000000e+05
2.301230000000000000e+05
2.301370000000000000e+05
2.301430000000000000e+05
2.301490000000000000e+05
2.301890000000000000e+05
2.302030000000000000e+05
2.302130000000000000e+05
2.302210000000000000e+05
2.302270000000000000e+05
2.302330000000000000e+05
2.302390000000000000e+05
2.302570000000000000e+05
2.302730000000000000e+05
2.302810000000000000e+05
2.302910000000000000e+05
2.303030000000000000e+05
2.303090000000000000e+05
2.303110000000000000e+05
2.303270000000000000e+05
2.303390000000000000e+05
2.303410000000000000e+05
2.303530000000000000e+05
2.303570000000000000e+05
2.303690000000000000e+05
2.303830000000000000e+05
2.303870000000000000e+05
2.303890000000000000e+05
2.303930000000000000e+05
2.304310000000000000e+05
2.304490000000000000e+05
2.304530000000000000e+05
2.304670000000000000e+05
2.304710000000000000e+05
2.304790000000000000e+05
2.305010000000000000e+05
2.305070000000000000e+05
2.305390000000000000e+05
2.305510000000000000e+05
2.305610000000000000e+05
2.305630000000000000e+05
2.305670000000000000e+05
2.305970000000000000e+05
2.306110000000000000e+05
2.306470000000000000e+05
2.306530000000000000e+05
2.306630000000000000e+05
2.306830000000000000e+05
2.306930000000000000e+05
2.307190000000000000e+05
2.307290000000000000e+05
2.307430000000000000e+05
2.307610000000000000e+05
