2.320070000000000000e+05
2.320130000000000000e+05
2.320490000000000000e+05
2.320510000000000000e+05
2.320730000000000000e+05
2.320790000000000000e+05
2.320810000000000000e+05
2.320910000000000000e+05
2.321030000000000000e+05
2.321090000000000000e+05
2.321170000000000000e+05
2.321290000000000000e+05
2.321530000000000000e+05
2.321710000000000000e+05
2.321870000000000000e+05
2.321890000000000000e+05
2.322070000000000000e+05
2.322170000000000000e+05
2.322590000000000000e+05
2.323030000000000000e+05
2.323070000000000000e+05
2.323330000000000000e+05
2.323570000000000000e+05
2.323630000000000000e+05
2.323670000000000000e+05
2.323810000000000000e+05
2.323910000000000000e+05
2.324090000000000000e+05
2.324110000000000000e+05
2.324170000000000000e+05
2.324330000000000000e+05
2.324390000000000000e+05
2.324510000000000000e+05
2.324570000000000000e+05
2.324590000000000000e+05
2.324870000000000000e+05
2.324990000000000000e+05
2.325130000000000000e+05
2.325230000000000000e+05
2.325490000000000000e+05
2.325670000000000000e+05
2.325710000000000000e+05
2.325910000000000000e+05
2.325970000000000000e+05
2.326070000000000000e+05
2.326210000000000000e+05
2.326330000000000000e+05
2.326430000000000000e+05
2.326630000000000000e+05
2.326690000000000000e+05
2.326810000000000000e+05
2.326990000000000000e+05
2.327090000000000000e+05
2.327110000000000000e+05
2.327410000000000000e+05
2.327510000000000000e+05
2.327530000000000000e+05
2.327770000000000000e+05
2.328010000000000000e+05
2.328110000000000000e+05
2.328190000000000000e+05
2.328230000000000000e+05
2.328470000000000000e+05
2.328530000000000000e+05
2.328610000000000000e+05
2.328710000000000000e+05
2.328770000000000000e+05
2.328910000000000000e+05
2.329010000000000000e+05
2.329070000000000000e+05
2.329190000000000000e+05
2.329370000000000000e+05
2.329610000000000000e+05
2.329630000000000000e+05
2.329870000000000000e+05
2.330210000000000000e+05
2.330690000000000000e+05
2.330710000000000000e+05
2.330830000000000000e+05
2.331130000000000000e+05
2.331170000000000000e+05
2.331410000000000000e+05
2.331430000000000000e+05
2.331590000000000000e+05
2.331610000000000000e+05
2.331730000000000000e+05
2.331830000000000000e+05
2.332010000000000000e+05
2.332210000000000000e+05
2.332310000000000000e+05
2.332390000000000000e+05
2.332510000000000000e+05
2.332670000000000000e+05
2.332790000000000000e+05
2.332930000000000000e+05
2.332970000000000000e+05
2.333230000000000000e+05
2.333270000000000000e+05
2.333290000000000000e+05
2.333410000000000000e+05
