2.346530000000000000e+05
2.346590000000000000e+05
2.346730000000000000e+05
2.346830000000000000e+05
2.347130000000000000e+05
2.347210000000000000e+05
2.347270000000000000e+05
2.347330000000000000e+05
2.347430000000000000e+05
2.347490000000000000e+05
2.347690000000000000e+05
2.347810000000000000e+05
2.347910000000000000e+05
2.347990000000000000e+05
2.348030000000000000e+05
2.348090000000000000e+05
2.348110000000000000e+05
2.348330000000000000e+05
2.348470000000000000e+05
2.348510000000000000e+05
2.348630000000000000e+05
2.348690000000000000e+05
2.348930000000000000e+05
2.349070000000000000e+05
2.349170000000000000e+05
2.349310000000000000e+05
2.349470000000000000e+05
2.349590000000000000e+05
2.349610000000000000e+05
2.349670000000000000e+05
2.349770000000000000e+05
2.349790000000000000e+05
2.349890000000000000e+05
2.350030000000000000e+05
2.350070000000000000e+05
2.350090000000000000e+05
2.350130000000000000e+05
2.350430000000000000e+05
2.350510000000000000e+05
2.350570000000000000e+05
2.350690000000000000e+05
2.350910000000000000e+05
2.350990000000000000e+05
2.351110000000000000e+05
2.351170000000000000e+05
2.351590000000000000e+05
2.351710000000000000e+05
2.351770000000000000e+05
2.351810000000000000e+05
2.351990000000000000e+05
2.352110000000000000e+05
2.352310000000000000e+05
2.352410000000000000e+05
2.352430000000000000e+05
2.352730000000000000e+05
2.352890000000000000e+05
2.353070000000000000e+05
2.353090000000000000e+05
2.353370000000000000e+05
2.353490000000000000e+05
2.353690000000000000e+05
2.353970000000000000e+05
2.354390000000000000e+05
2.354410000000000000e+05
2.354470000000000000e+05
2.354830000000000000e+05
2.354890000000000000e+05
2.354930000000000000e+05
2.355130000000000000e+05
2.355190000000000000e+05
2.355230000000000000e+05
2.355370000000000000e+05
2.355410000000000000e+05
2.355530000000000000e+05
2.355590000000000000e+05
2.355770000000000000e+05
2.355910000000000000e+05
2.356010000000000000e+05
2.356070000000000000e+05
2.356210000000000000e+05
2.356610000000000000e+05
2.356630000000000000e+05
2.356730000000000000e+05
2.356790000000000000e+05
2.356990000000000000e+05
2.357230000000000000e+05
2.357470000000000000e+05
2.357510000000000000e+05
2.357830000000000000e+05
2.357870000000000000e+05
2.357890000000000000e+05
2.357930000000000000e+05
2.358110000000000000e+05
2.358130000000000000e+05
2.358490000000000000e+05
2.358710000000000000e+05
2.358770000000000000e+05
2.358890000000000000e+05
2.358910000000000000e+05
2.359010000000000000e+05
