2.359190000000000000e+05
2.359270000000000000e+05
2.359510000000000000e+05
2.359670000000000000e+05
2.359790000000000000e+05
2.359970000000000000e+05
2.360170000000000000e+05
2.360210000000000000e+05
2.360530000000000000e+05
2.360630000000000000e+05
2.360690000000000000e+05
2.360770000000000000e+05
2.360870000000000000e+05
2.361070000000000000e+05
2.361110000000000000e+05
2.361290000000000000e+05
2.361430000000000000e+05
2.361530000000000000e+05
2.361670000000000000e+05
2.362070000000000000e+05
2.362090000000000000e+05
2.362190000000000000e+05
2.362310000000000000e+05
2.362610000000000000e+05
2.362870000000000000e+05
2.362930000000000000e+05
2.362970000000000000e+05
2.363230000000000000e+05
2.363290000000000000e+05
2.363330000000000000e+05
2.363390000000000000e+05
2.363770000000000000e+05
2.363810000000000000e+05
2.363870000000000000e+05
2.363990000000000000e+05
2.364070000000000000e+05
2.364290000000000000e+05
2.364490000000000000e+05
2.364610000000000000e+05
2.364710000000000000e+05
2.364770000000000000e+05
2.364790000000000000e+05
2.365030000000000000e+05
2.365070000000000000e+05
2.365190000000000000e+05
2.365270000000000000e+05
2.365490000000000000e+05
2.365630000000000000e+05
2.365730000000000000e+05
2.366090000000000000e+05
2.366270000000000000e+05
2.366410000000000000e+05
2.366530000000000000e+05
2.366590000000000000e+05
2.366810000000000000e+05
2.366990000000000000e+05
2.367010000000000000e+05
2.367070000000000000e+05
2.367130000000000000e+05
2.367230000000000000e+05
2.367290000000000000e+05
2.367370000000000000e+05
2.367490000000000000e+05
2.367710000000000000e+05
2.367730000000000000e+05
2.367790000000000000e+05
2.367830000000000000e+05
2.368070000000000000e+05
2.368130000000000000e+05
2.368670000000000000e+05
2.368690000000000000e+05
2.368790000000000000e+05
2.368810000000000000e+05
2.368910000000000000e+05
2.368930000000000000e+05
2.368970000000000000e+05
2.369090000000000000e+05
2.369170000000000000e+05
2.369470000000000000e+05
2.369810000000000000e+05
2.369830000000000000e+05
2.369930000000000000e+05
2.370110000000000000e+05
2.370190000000000000e+05
2.370430000000000000e+05
2.370530000000000000e+05
2.370670000000000000e+05
2.370710000000000000e+05
2.370730000000000000e+05
2.370890000000000000e+05
2.370910000000000000e+05
2.371370000000000000e+05
2.371430000000000000e+05
2.371510000000000000e+05
2.371570000000000000e+05
2.371610000000000000e+05
2.371630000000000000e+05
2.371730000000000000e+05
2.371790000000000000e+05
2.372030000000000000e+05
