2.372170000000000000e+05
2.372330000000000000e+05
2.372570000000000000e+05
2.372710000000000000e+05
2.372770000000000000e+05
2.372830000000000000e+05
2.372870000000000000e+05
2.373010000000000000e+05
2.373130000000000000e+05
2.373190000000000000e+05
2.373310000000000000e+05
2.373430000000000000e+05
2.373610000000000000e+05
2.373730000000000000e+05
2.373790000000000000e+05
2.374010000000000000e+05
2.374090000000000000e+05
2.374670000000000000e+05
2.374870000000000000e+05
2.375090000000000000e+05
2.375470000000000000e+05
2.375630000000000000e+05
2.375710000000000000e+05
2.375810000000000000e+05
2.376070000000000000e+05
2.376190000000000000e+05
2.376310000000000000e+05
2.376730000000000000e+05
2.376830000000000000e+05
2.376890000000000000e+05
2.376910000000000000e+05
2.377010000000000000e+05
2.377070000000000000e+05
2.377330000000000000e+05
2.377370000000000000e+05
2.377490000000000000e+05
2.377630000000000000e+05
2.377670000000000000e+05
2.377810000000000000e+05
2.377910000000000000e+05
2.378210000000000000e+05
2.378510000000000000e+05
2.378570000000000000e+05
2.378590000000000000e+05
2.378770000000000000e+05
2.378830000000000000e+05
2.379010000000000000e+05
2.379110000000000000e+05
2.379290000000000000e+05
2.379590000000000000e+05
2.379670000000000000e+05
2.379710000000000000e+05
2.379730000000000000e+05
2.379770000000000000e+05
2.379970000000000000e+05
2.380010000000000000e+05
2.380090000000000000e+05
2.380190000000000000e+05
2.380310000000000000e+05
2.380370000000000000e+05
2.380390000000000000e+05
2.380790000000000000e+05
2.380810000000000000e+05
2.380930000000000000e+05
2.380990000000000000e+05
2.381030000000000000e+05
2.381090000000000000e+05
2.381410000000000000e+05
2.381510000000000000e+05
2.381570000000000000e+05
2.381590000000000000e+05
2.381630000000000000e+05
2.381710000000000000e+05
2.381810000000000000e+05
2.382010000000000000e+05
2.382070000000000000e+05
2.382130000000000000e+05
2.382230000000000000e+05
2.382290000000000000e+05
2.382370000000000000e+05
2.382470000000000000e+05
2.382610000000000000e+05
2.382670000000000000e+05
2.382910000000000000e+05
2.383070000000000000e+05
2.383130000000000000e+05
2.383210000000000000e+05
2.383310000000000000e+05
2.383390000000000000e+05
2.383610000000000000e+05
2.383630000000000000e+05
2.383690000000000000e+05
2.383730000000000000e+05
2.383970000000000000e+05
2.384170000000000000e+05
2.384230000000000000e+05
2.384390000000000000e+05
2.384510000000000000e+05
2.384630000000000000e+05
2.384710000000000000e+05
