2.384770000000000000e+05
2.384810000000000000e+05
2.384990000000000000e+05
2.385190000000000000e+05
2.385290000000000000e+05
2.385310000000000000e+05
2.385470000000000000e+05
2.385730000000000000e+05
2.385910000000000000e+05
2.386270000000000000e+05
2.386390000000000000e+05
2.386490000000000000e+05
2.386570000000000000e+05
2.386730000000000000e+05
2.386810000000000000e+05
2.386910000000000000e+05
2.387030000000000000e+05
2.387090000000000000e+05
2.387230000000000000e+05
2.387270000000000000e+05
2.387290000000000000e+05
2.387470000000000000e+05
2.387590000000000000e+05
2.387810000000000000e+05
2.387890000000000000e+05
2.388010000000000000e+05
2.388290000000000000e+05
2.388370000000000000e+05
2.388410000000000000e+05
2.388530000000000000e+05
2.388590000000000000e+05
2.388770000000000000e+05
2.388790000000000000e+05
2.388830000000000000e+05
2.388970000000000000e+05
2.389190000000000000e+05
2.389210000000000000e+05
2.389390000000000000e+05
2.389430000000000000e+05
2.389490000000000000e+05
2.389670000000000000e+05
2.389910000000000000e+05
2.390170000000000000e+05
2.390230000000000000e+05
2.390270000000000000e+05
2.390530000000000000e+05
2.390690000000000000e+05
2.390810000000000000e+05
2.390870000000000000e+05
2.391190000000000000e+05
2.391370000000000000e+05
2.391470000000000000e+05
2.391670000000000000e+05
2.391710000000000000e+05
2.391790000000000000e+05
2.392010000000000000e+05
2.392310000000000000e+05
2.392330000000000000e+05
2.392370000000000000e+05
2.392430000000000000e+05
2.392510000000000000e+05
2.392630000000000000e+05
2.392730000000000000e+05
2.392870000000000000e+05
2.392970000000000000e+05
2.393290000000000000e+05
2.393330000000000000e+05
2.393470000000000000e+05
2.393570000000000000e+05
2.393830000000000000e+05
2.393870000000000000e+05
2.393890000000000000e+05
2.394170000000000000e+05
2.394230000000000000e+05
2.394290000000000000e+05
2.394310000000000000e+05
2.394410000000000000e+05
2.394610000000000000e+05
2.394890000000000000e+05
2.395090000000000000e+05
2.395210000000000000e+05
2.395270000000000000e+05
2.395310000000000000e+05
2.395390000000000000e+05
2.395430000000000000e+05
2.395570000000000000e+05
2.395670000000000000e+05
2.395790000000000000e+05
2.395870000000000000e+05
2.395970000000000000e+05
2.396110000000000000e+05
2.396230000000000000e+05
2.396330000000000000e+05
2.396410000000000000e+05
2.396710000000000000e+05
2.396890000000000000e+05
2.396990000000000000e+05
2.397110000000000000e+05
2.397130000000000000e+05
2.397310000000000000e+05
