2.409970000000000000e+05
2.410130000000000000e+05
2.410270000000000000e+05
2.410370000000000000e+05
2.410490000000000000e+05
2.410510000000000000e+05
2.410610000000000000e+05
2.410670000000000000e+05
2.410690000000000000e+05
2.410790000000000000e+05
2.410930000000000000e+05
2.411170000000000000e+05
2.411270000000000000e+05
2.411410000000000000e+05
2.411690000000000000e+05
2.411770000000000000e+05
2.411830000000000000e+05
2.412070000000000000e+05
2.412290000000000000e+05
2.412490000000000000e+05
2.412530000000000000e+05
2.412590000000000000e+05
2.412610000000000000e+05
2.412710000000000000e+05
2.412910000000000000e+05
2.413030000000000000e+05
2.413130000000000000e+05
2.413210000000000000e+05
2.413270000000000000e+05
2.413330000000000000e+05
2.413370000000000000e+05
2.413430000000000000e+05
2.413610000000000000e+05
2.413630000000000000e+05
2.413910000000000000e+05
2.413930000000000000e+05
2.414210000000000000e+05
2.414290000000000000e+05
2.414410000000000000e+05
2.414530000000000000e+05
2.414630000000000000e+05
2.414690000000000000e+05
2.414890000000000000e+05
2.415110000000000000e+05
2.415130000000000000e+05
2.415170000000000000e+05
2.415370000000000000e+05
2.415430000000000000e+05
2.415590000000000000e+05
2.415610000000000000e+05
2.415670000000000000e+05
2.415890000000000000e+05
2.415970000000000000e+05
2.416010000000000000e+05
2.416030000000000000e+05
2.416390000000000000e+05
2.416430000000000000e+05
2.416510000000000000e+05
2.416630000000000000e+05
2.416670000000000000e+05
2.416790000000000000e+05
2.416870000000000000e+05
2.416910000000000000e+05
2.417110000000000000e+05
2.417270000000000000e+05
2.417390000000000000e+05
2.417710000000000000e+05
2.417810000000000000e+05
2.417830000000000000e+05
2.417930000000000000e+05
2.418070000000000000e+05
2.418110000000000000e+05
2.418170000000000000e+05
2.418230000000000000e+05
2.418470000000000000e+05
2.418610000000000000e+05
2.418670000000000000e+05
2.418730000000000000e+05
2.418770000000000000e+05
2.418830000000000000e+05
2.419030000000000000e+05
2.419070000000000000e+05
2.419190000000000000e+05
2.419210000000000000e+05
2.419310000000000000e+05
2.419390000000000000e+05
2.419510000000000000e+05
2.419630000000000000e+05
2.419730000000000000e+05
2.419790000000000000e+05
2.419810000000000000e+05
2.419930000000000000e+05
2.420090000000000000e+05
2.420570000000000000e+05
2.420590000000000000e+05
2.420690000000000000e+05
2.420830000000000000e+05
2.420930000000000000e+05
2.421010000000000000e+05
2.421190000000000000e+05
