2.421290000000000000e+05
2.421470000000000000e+05
2.421610000000000000e+05
2.421710000000000000e+05
2.421730000000000000e+05
2.421970000000000000e+05
2.422010000000000000e+05
2.422270000000000000e+05
2.422430000000000000e+05
2.422570000000000000e+05
2.422610000000000000e+05
2.422730000000000000e+05
2.422790000000000000e+05
2.423090000000000000e+05
2.423290000000000000e+05
2.423570000000000000e+05
2.423710000000000000e+05
2.423770000000000000e+05
2.423930000000000000e+05
2.423990000000000000e+05
2.424130000000000000e+05
2.424190000000000000e+05
2.424410000000000000e+05
2.424470000000000000e+05
2.424490000000000000e+05
2.424530000000000000e+05
2.424670000000000000e+05
2.424790000000000000e+05
2.424830000000000000e+05
2.424910000000000000e+05
2.425090000000000000e+05
2.425190000000000000e+05
2.425210000000000000e+05
2.425330000000000000e+05
2.425510000000000000e+05
2.425910000000000000e+05
2.426030000000000000e+05
2.426170000000000000e+05
2.426210000000000000e+05
2.426290000000000000e+05
2.426330000000000000e+05
2.426390000000000000e+05
2.426470000000000000e+05
2.426590000000000000e+05
2.426770000000000000e+05
2.426810000000000000e+05
2.426890000000000000e+05
2.427130000000000000e+05
2.427290000000000000e+05
2.427310000000000000e+05
2.427470000000000000e+05
2.427730000000000000e+05
2.427790000000000000e+05
2.427890000000000000e+05
2.427970000000000000e+05
2.428070000000000000e+05
2.428130000000000000e+05
2.428190000000000000e+05
2.428630000000000000e+05
2.428670000000000000e+05
2.428730000000000000e+05
2.428870000000000000e+05
2.429110000000000000e+05
2.429230000000000000e+05
2.429270000000000000e+05
2.429710000000000000e+05
2.429890000000000000e+05
2.429990000000000000e+05
2.430110000000000000e+05
2.430310000000000000e+05
2.430730000000000000e+05
2.430770000000000000e+05
2.430910000000000000e+05
2.431010000000000000e+05
2.431090000000000000e+05
2.431190000000000000e+05
2.431210000000000000e+05
2.431370000000000000e+05
2.431490000000000000e+05
2.431570000000000000e+05
2.431610000000000000e+05
2.431670000000000000e+05
2.431970000000000000e+05
2.432030000000000000e+05
2.432090000000000000e+05
2.432270000000000000e+05
2.432330000000000000e+05
2.432390000000000000e+05
2.432590000000000000e+05
2.432630000000000000e+05
2.433010000000000000e+05
2.433110000000000000e+05
2.433430000000000000e+05
2.433670000000000000e+05
2.433910000000000000e+05
2.434010000000000000e+05
2.434030000000000000e+05
2.434210000000000000e+05
2.434310000000000000e+05
2.434330000000000000e+05
