2.434370000000000000e+05
2.434610000000000000e+05
2.434690000000000000e+05
2.434730000000000000e+05
2.434790000000000000e+05
2.434870000000000000e+05
2.435170000000000000e+05
2.435210000000000000e+05
2.435270000000000000e+05
2.435330000000000000e+05
2.435390000000000000e+05
2.435530000000000000e+05
2.435770000000000000e+05
2.435830000000000000e+05
2.435870000000000000e+05
2.435890000000000000e+05
2.436130000000000000e+05
2.436230000000000000e+05
2.436310000000000000e+05
2.436430000000000000e+05
2.436470000000000000e+05
2.436710000000000000e+05
2.436730000000000000e+05
2.437010000000000000e+05
2.437030000000000000e+05
2.437070000000000000e+05
2.437090000000000000e+05
2.437690000000000000e+05
2.437810000000000000e+05
2.437870000000000000e+05
2.437990000000000000e+05
2.438090000000000000e+05
2.438290000000000000e+05
2.438390000000000000e+05
2.438510000000000000e+05
2.438570000000000000e+05
2.438630000000000000e+05
2.438710000000000000e+05
2.438890000000000000e+05
2.439110000000000000e+05
2.439170000000000000e+05
2.439310000000000000e+05
2.439530000000000000e+05
2.439730000000000000e+05
2.439890000000000000e+05
2.440030000000000000e+05
2.440090000000000000e+05
2.440210000000000000e+05
2.440330000000000000e+05
2.440430000000000000e+05
2.440870000000000000e+05
2.440910000000000000e+05
2.441090000000000000e+05
2.441210000000000000e+05
2.441290000000000000e+05
2.441410000000000000e+05
2.441470000000000000e+05
2.441570000000000000e+05
2.441590000000000000e+05
2.441770000000000000e+05
2.441990000000000000e+05
2.442170000000000000e+05
2.442190000000000000e+05
2.442430000000000000e+05
2.442470000000000000e+05
2.442530000000000000e+05
2.442610000000000000e+05
2.442910000000000000e+05
2.442970000000000000e+05
2.443010000000000000e+05
2.443030000000000000e+05
2.443130000000000000e+05
2.443330000000000000e+05
2.443390000000000000e+05
2.443510000000000000e+05
2.443570000000000000e+05
2.443670000000000000e+05
2.443790000000000000e+05
2.443810000000000000e+05
2.443930000000000000e+05
2.443990000000000000e+05
2.444030000000000000e+05
2.444110000000000000e+05
2.444230000000000000e+05
2.444290000000000000e+05
2.444510000000000000e+05
2.444570000000000000e+05
2.444630000000000000e+05
2.444710000000000000e+05
2.444810000000000000e+05
2.444930000000000000e+05
2.445070000000000000e+05
2.445290000000000000e+05
2.445470000000000000e+05
2.445530000000000000e+05
2.445610000000000000e+05
2.445670000000000000e+05
2.445830000000000000e+05
2.445890000000000000e+05
2.445970000000000000e+05
