2.446030000000000000e+05
2.446190000000000000e+05
2.446330000000000000e+05
2.446370000000000000e+05
2.446390000000000000e+05
2.446670000000000000e+05
2.446690000000000000e+05
2.446870000000000000e+05
2.446910000000000000e+05
2.447030000000000000e+05
2.447110000000000000e+05
2.447210000000000000e+05
2.447330000000000000e+05
2.447470000000000000e+05
2.447530000000000000e+05
2.447590000000000000e+05
2.447810000000000000e+05
2.447870000000000000e+05
2.448130000000000000e+05
2.448370000000000000e+05
2.448410000000000000e+05
2.448430000000000000e+05
2.448590000000000000e+05
2.448610000000000000e+05
2.448730000000000000e+05
2.448770000000000000e+05
2.448890000000000000e+05
2.448970000000000000e+05
2.449010000000000000e+05
2.449390000000000000e+05
2.449430000000000000e+05
2.449570000000000000e+05
2.449970000000000000e+05
2.450230000000000000e+05
2.450290000000000000e+05
2.450330000000000000e+05
2.450390000000000000e+05
2.450710000000000000e+05
2.450830000000000000e+05
2.450870000000000000e+05
2.451070000000000000e+05
2.451290000000000000e+05
2.451310000000000000e+05
2.451490000000000000e+05
2.451710000000000000e+05
2.451730000000000000e+05
2.451770000000000000e+05
2.451830000000000000e+05
2.452090000000000000e+05
2.452510000000000000e+05
2.452570000000000000e+05
2.452610000000000000e+05
2.452690000000000000e+05
2.452790000000000000e+05
2.452910000000000000e+05
2.452990000000000000e+05
2.453170000000000000e+05
2.453210000000000000e+05
2.453390000000000000e+05
2.453830000000000000e+05
2.453890000000000000e+05
2.454070000000000000e+05
2.454110000000000000e+05
2.454170000000000000e+05
2.454190000000000000e+05
2.454370000000000000e+05
2.454710000000000000e+05
2.454730000000000000e+05
2.454770000000000000e+05
2.455010000000000000e+05
2.455130000000000000e+05
2.455190000000000000e+05
2.455210000000000000e+05
2.455270000000000000e+05
2.455330000000000000e+05
2.455610000000000000e+05
2.455630000000000000e+05
2.455870000000000000e+05
2.455910000000000000e+05
2.455930000000000000e+05
2.456210000000000000e+05
2.456270000000000000e+05
2.456290000000000000e+05
2.456390000000000000e+05
2.456530000000000000e+05
2.456710000000000000e+05
2.456810000000000000e+05
2.456830000000000000e+05
2.457110000000000000e+05
2.457190000000000000e+05
2.457230000000000000e+05
2.457410000000000000e+05
2.457470000000000000e+05
2.457530000000000000e+05
2.457590000000000000e+05
2.457710000000000000e+05
2.457830000000000000e+05
2.457890000000000000e+05
2.458210000000000000e+05
2.458490000000000000e+05
