2.458510000000000000e+05
2.458630000000000000e+05
2.458810000000000000e+05
2.458970000000000000e+05
2.458990000000000000e+05
2.459090000000000000e+05
2.459110000000000000e+05
2.459410000000000000e+05
2.459630000000000000e+05
2.459770000000000000e+05
2.459810000000000000e+05
2.459830000000000000e+05
2.459890000000000000e+05
2.460110000000000000e+05
2.460170000000000000e+05
2.460490000000000000e+05
2.460730000000000000e+05
2.460970000000000000e+05
2.461190000000000000e+05
2.461210000000000000e+05
2.461310000000000000e+05
2.461330000000000000e+05
2.461510000000000000e+05
2.461670000000000000e+05
2.461730000000000000e+05
2.461870000000000000e+05
2.461930000000000000e+05
2.462030000000000000e+05
2.462090000000000000e+05
2.462170000000000000e+05
2.462230000000000000e+05
2.462410000000000000e+05
2.462470000000000000e+05
2.462510000000000000e+05
2.462710000000000000e+05
2.462770000000000000e+05
2.462890000000000000e+05
2.463170000000000000e+05
2.463190000000000000e+05
2.463290000000000000e+05
2.463430000000000000e+05
2.463490000000000000e+05
2.463610000000000000e+05
2.463710000000000000e+05
2.463910000000000000e+05
2.464030000000000000e+05
2.464390000000000000e+05
2.464690000000000000e+05
2.464730000000000000e+05
2.464970000000000000e+05
2.465090000000000000e+05
2.465110000000000000e+05
2.465230000000000000e+05
2.465270000000000000e+05
2.465390000000000000e+05
2.465570000000000000e+05
2.465690000000000000e+05
2.465770000000000000e+05
2.465990000000000000e+05
2.466070000000000000e+05
2.466110000000000000e+05
2.466130000000000000e+05
2.466370000000000000e+05
2.466410000000000000e+05
2.466430000000000000e+05
2.466610000000000000e+05
2.466830000000000000e+05
2.466890000000000000e+05
2.467070000000000000e+05
2.467090000000000000e+05
2.467130000000000000e+05
2.467310000000000000e+05
2.467390000000000000e+05
2.467690000000000000e+05
2.467730000000000000e+05
2.467810000000000000e+05
2.467870000000000000e+05
2.467930000000000000e+05
2.468030000000000000e+05
2.468090000000000000e+05
2.468110000000000000e+05
2.468170000000000000e+05
2.468330000000000000e+05
2.468390000000000000e+05
2.468890000000000000e+05
2.468990000000000000e+05
2.469070000000000000e+05
2.469130000000000000e+05
2.469190000000000000e+05
2.469230000000000000e+05
2.469290000000000000e+05
2.469310000000000000e+05
2.469370000000000000e+05
2.469410000000000000e+05
2.469470000000000000e+05
2.469710000000000000e+05
2.469790000000000000e+05
2.470010000000000000e+05
2.470070000000000000e+05
2.470310000000000000e+05
