2.508290000000000000e+05
2.508370000000000000e+05
2.508410000000000000e+05
2.508530000000000000e+05
2.508670000000000000e+05
2.508710000000000000e+05
2.508890000000000000e+05
2.509190000000000000e+05
2.509490000000000000e+05
2.509510000000000000e+05
2.509630000000000000e+05
2.509670000000000000e+05
2.509690000000000000e+05
2.509790000000000000e+05
2.509930000000000000e+05
2.510030000000000000e+05
2.510330000000000000e+05
2.510510000000000000e+05
2.510570000000000000e+05
2.510590000000000000e+05
2.510630000000000000e+05
2.510710000000000000e+05
2.510810000000000000e+05
2.510870000000000000e+05
2.510990000000000000e+05
2.511170000000000000e+05
2.511430000000000000e+05
2.511490000000000000e+05
2.511590000000000000e+05
2.511710000000000000e+05
2.511770000000000000e+05
2.511790000000000000e+05
2.511910000000000000e+05
2.511970000000000000e+05
2.512010000000000000e+05
2.512030000000000000e+05
2.512190000000000000e+05
2.512210000000000000e+05
2.512310000000000000e+05
2.512330000000000000e+05
2.512570000000000000e+05
2.512610000000000000e+05
2.512630000000000000e+05
2.512870000000000000e+05
2.512910000000000000e+05
2.512970000000000000e+05
2.513230000000000000e+05
2.513470000000000000e+05
2.513530000000000000e+05
2.513590000000000000e+05
2.513870000000000000e+05
2.513930000000000000e+05
2.514170000000000000e+05
2.514290000000000000e+05
2.514310000000000000e+05
2.514370000000000000e+05
2.514430000000000000e+05
2.514670000000000000e+05
2.514730000000000000e+05
2.514770000000000000e+05
2.514830000000000000e+05
2.514910000000000000e+05
2.515010000000000000e+05
2.515130000000000000e+05
2.515190000000000000e+05
2.515270000000000000e+05
2.515330000000000000e+05
2.515390000000000000e+05
2.515430000000000000e+05
2.515610000000000000e+05
2.515670000000000000e+05
2.516090000000000000e+05
2.516110000000000000e+05
2.516210000000000000e+05
2.516230000000000000e+05
2.516390000000000000e+05
2.516530000000000000e+05
2.516630000000000000e+05
2.516770000000000000e+05
2.517010000000000000e+05
2.517070000000000000e+05
2.517370000000000000e+05
2.517610000000000000e+05
2.517890000000000000e+05
2.517910000000000000e+05
2.518090000000000000e+05
2.518310000000000000e+05
2.518330000000000000e+05
2.518430000000000000e+05
2.518570000000000000e+05
2.518610000000000000e+05
2.518790000000000000e+05
2.518870000000000000e+05
2.518930000000000000e+05
2.518970000000000000e+05
2.519030000000000000e+05
2.519170000000000000e+05
2.519390000000000000e+05
2.519410000000000000e+05
2.519470000000000000e+05
