2.570690000000000000e+05
2.570770000000000000e+05
2.570930000000000000e+05
2.570990000000000000e+05
2.571070000000000000e+05
2.571230000000000000e+05
2.571410000000000000e+05
2.571610000000000000e+05
2.571710000000000000e+05
2.571770000000000000e+05
2.571890000000000000e+05
2.572190000000000000e+05
2.572210000000000000e+05
2.572390000000000000e+05
2.572490000000000000e+05
2.572630000000000000e+05
2.572730000000000000e+05
2.572810000000000000e+05
2.572870000000000000e+05
2.572930000000000000e+05
2.572970000000000000e+05
2.573110000000000000e+05
2.573210000000000000e+05
2.573390000000000000e+05
2.573510000000000000e+05
2.573530000000000000e+05
2.573710000000000000e+05
2.573810000000000000e+05
2.573990000000000000e+05
2.574010000000000000e+05
2.574070000000000000e+05
2.574370000000000000e+05
2.574430000000000000e+05
2.574470000000000000e+05
2.574590000000000000e+05
2.574730000000000000e+05
2.574890000000000000e+05
2.574970000000000000e+05
2.575010000000000000e+05
2.575030000000000000e+05
2.575190000000000000e+05
2.575390000000000000e+05
2.575610000000000000e+05
2.575910000000000000e+05
2.576110000000000000e+05
2.576270000000000000e+05
2.576390000000000000e+05
2.576570000000000000e+05
2.576710000000000000e+05
2.576870000000000000e+05
2.576890000000000000e+05
2.577070000000000000e+05
2.577110000000000000e+05
2.577130000000000000e+05
2.577170000000000000e+05
2.577310000000000000e+05
2.577830000000000000e+05
2.577910000000000000e+05
2.577970000000000000e+05
2.578370000000000000e+05
2.578570000000000000e+05
2.578610000000000000e+05
2.578630000000000000e+05
2.578670000000000000e+05
2.578690000000000000e+05
2.578790000000000000e+05
2.578930000000000000e+05
2.579030000000000000e+05
2.579210000000000000e+05
2.579470000000000000e+05
2.579530000000000000e+05
2.579810000000000000e+05
2.579870000000000000e+05
2.579890000000000000e+05
2.579930000000000000e+05
2.580190000000000000e+05
2.580230000000000000e+05
2.580310000000000000e+05
2.580610000000000000e+05
2.580670000000000000e+05
2.581010000000000000e+05
2.581070000000000000e+05
2.581090000000000000e+05
2.581130000000000000e+05
2.581190000000000000e+05
2.581270000000000000e+05
2.581310000000000000e+05
2.581430000000000000e+05
2.581570000000000000e+05
2.581610000000000000e+05
2.581730000000000000e+05
2.581970000000000000e+05
2.582110000000000000e+05
2.582330000000000000e+05
2.582410000000000000e+05
2.582530000000000000e+05
2.582770000000000000e+05
2.582830000000000000e+05
2.582990000000000000e+05
2.583170000000000000e+05
