2.595470000000000000e+05
2.595770000000000000e+05
2.595830000000000000e+05
2.596030000000000000e+05
2.596190000000000000e+05
2.596210000000000000e+05
2.596270000000000000e+05
2.596310000000000000e+05
2.596390000000000000e+05
2.596430000000000000e+05
2.596570000000000000e+05
2.596670000000000000e+05
2.596810000000000000e+05
2.596910000000000000e+05
2.596970000000000000e+05
2.597170000000000000e+05
2.597230000000000000e+05
2.597330000000000000e+05
2.597510000000000000e+05
2.597710000000000000e+05
2.597810000000000000e+05
2.597830000000000000e+05
2.598010000000000000e+05
2.598130000000000000e+05
2.598230000000000000e+05
2.598290000000000000e+05
2.598370000000000000e+05
2.598410000000000000e+05
2.598670000000000000e+05
2.599070000000000000e+05
2.599330000000000000e+05
2.599370000000000000e+05
2.599430000000000000e+05
2.599490000000000000e+05
2.599670000000000000e+05
2.599910000000000000e+05
2.599930000000000000e+05
2.600030000000000000e+05
2.600090000000000000e+05
2.600110000000000000e+05
2.600170000000000000e+05
2.600230000000000000e+05
2.600470000000000000e+05
2.600810000000000000e+05
2.600890000000000000e+05
2.601110000000000000e+05
2.601370000000000000e+05
2.601710000000000000e+05
2.601790000000000000e+05
2.601890000000000000e+05
2.601910000000000000e+05
2.602010000000000000e+05
2.602070000000000000e+05
2.602090000000000000e+05
2.602130000000000000e+05
2.602310000000000000e+05
2.602630000000000000e+05
2.602690000000000000e+05
2.603170000000000000e+05
2.603290000000000000e+05
2.603390000000000000e+05
2.603630000000000000e+05
2.603870000000000000e+05
2.603990000000000000e+05
2.604110000000000000e+05
2.604130000000000000e+05
2.604170000000000000e+05
2.604190000000000000e+05
2.604410000000000000e+05
2.604530000000000000e+05
2.604610000000000000e+05
2.604670000000000000e+05
2.604830000000000000e+05
2.604890000000000000e+05
2.605270000000000000e+05
2.605390000000000000e+05
2.605430000000000000e+05
2.605490000000000000e+05
2.605510000000000000e+05
2.605690000000000000e+05
2.605730000000000000e+05
2.605810000000000000e+05
2.605870000000000000e+05
2.606090000000000000e+05
2.606290000000000000e+05
2.606470000000000000e+05
2.606510000000000000e+05
2.606710000000000000e+05
2.606770000000000000e+05
2.607130000000000000e+05
2.607170000000000000e+05
2.607230000000000000e+05
2.607470000000000000e+05
2.607530000000000000e+05
2.607610000000000000e+05
2.607730000000000000e+05
2.607910000000000000e+05
2.608070000000000000e+05
2.608090000000000000e+05
2.608490000000000000e+05
