2.658710000000000000e+05
2.658730000000000000e+05
2.658830000000000000e+05
2.658910000000000000e+05
2.659210000000000000e+05
2.659570000000000000e+05
2.659610000000000000e+05
2.659870000000000000e+05
2.660030000000000000e+05
2.660090000000000000e+05
2.660230000000000000e+05
2.660270000000000000e+05
2.660290000000000000e+05
2.660470000000000000e+05
2.660510000000000000e+05
2.660530000000000000e+05
2.660590000000000000e+05
2.660810000000000000e+05
2.660830000000000000e+05
2.660890000000000000e+05
2.660930000000000000e+05
2.660990000000000000e+05
2.661110000000000000e+05
2.661170000000000000e+05
2.661290000000000000e+05
2.661370000000000000e+05
2.661530000000000000e+05
2.661590000000000000e+05
2.661770000000000000e+05
2.661830000000000000e+05
2.662210000000000000e+05
2.662390000000000000e+05
2.662610000000000000e+05
2.662690000000000000e+05
2.662810000000000000e+05
2.662910000000000000e+05
2.662930000000000000e+05
2.662970000000000000e+05
2.663330000000000000e+05
2.663510000000000000e+05
2.663530000000000000e+05
2.663590000000000000e+05
2.663690000000000000e+05
2.663810000000000000e+05
2.664010000000000000e+05
2.664110000000000000e+05
2.664170000000000000e+05
2.664470000000000000e+05
2.664490000000000000e+05
2.664770000000000000e+05
2.664790000000000000e+05
2.664890000000000000e+05
2.664910000000000000e+05
2.665210000000000000e+05
2.665490000000000000e+05
2.665870000000000000e+05
2.665990000000000000e+05
2.666030000000000000e+05
2.666330000000000000e+05
2.666410000000000000e+05
2.666470000000000000e+05
2.666630000000000000e+05
2.666710000000000000e+05
2.666770000000000000e+05
2.666810000000000000e+05
2.666830000000000000e+05
2.666870000000000000e+05
2.666890000000000000e+05
2.667010000000000000e+05
2.667110000000000000e+05
2.667190000000000000e+05
2.667590000000000000e+05
2.667670000000000000e+05
2.667970000000000000e+05
2.668010000000000000e+05
2.668210000000000000e+05
2.668370000000000000e+05
2.668390000000000000e+05
2.668630000000000000e+05
2.668670000000000000e+05
2.668910000000000000e+05
2.668970000000000000e+05
2.668990000000000000e+05
2.669090000000000000e+05
2.669210000000000000e+05
2.669270000000000000e+05
2.669330000000000000e+05
2.669470000000000000e+05
2.669530000000000000e+05
2.669570000000000000e+05
2.669710000000000000e+05
2.669770000000000000e+05
2.669830000000000000e+05
2.669930000000000000e+05
2.669990000000000000e+05
2.670170000000000000e+05
2.670370000000000000e+05
2.670490000000000000e+05
2.670970000000000000e+05
2.671310000000000000e+05
