2.681890000000000000e+05
2.681990000000000000e+05
2.682070000000000000e+05
2.682110000000000000e+05
2.682370000000000000e+05
2.682530000000000000e+05
2.682670000000000000e+05
2.682710000000000000e+05
2.682830000000000000e+05
2.682910000000000000e+05
2.682970000000000000e+05
2.683430000000000000e+05
2.684030000000000000e+05
2.684390000000000000e+05
2.684590000000000000e+05
2.684870000000000000e+05
2.684930000000000000e+05
2.685010000000000000e+05
2.685070000000000000e+05
2.685170000000000000e+05
2.685190000000000000e+05
2.685290000000000000e+05
2.685310000000000000e+05
2.685370000000000000e+05
2.685470000000000000e+05
2.685730000000000000e+05
2.686070000000000000e+05
2.686130000000000000e+05
2.686370000000000000e+05
2.686430000000000000e+05
2.686610000000000000e+05
2.686930000000000000e+05
2.687210000000000000e+05
2.687290000000000000e+05
2.687330000000000000e+05
2.687470000000000000e+05
2.687570000000000000e+05
2.687590000000000000e+05
2.687710000000000000e+05
2.687770000000000000e+05
2.687810000000000000e+05
2.687830000000000000e+05
2.687890000000000000e+05
2.688110000000000000e+05
2.688130000000000000e+05
2.688170000000000000e+05
2.688190000000000000e+05
2.688230000000000000e+05
2.688410000000000000e+05
2.688430000000000000e+05
2.688610000000000000e+05
2.688830000000000000e+05
2.688970000000000000e+05
2.689090000000000000e+05
2.689130000000000000e+05
2.689210000000000000e+05
2.689270000000000000e+05
2.689370000000000000e+05
2.689690000000000000e+05
2.689730000000000000e+05
2.689790000000000000e+05
2.689930000000000000e+05
2.689970000000000000e+05
2.689990000000000000e+05
2.690230000000000000e+05
2.690290000000000000e+05
2.690390000000000000e+05
2.690410000000000000e+05
2.690570000000000000e+05
2.690630000000000000e+05
2.690690000000000000e+05
2.690890000000000000e+05
2.691170000000000000e+05
2.691310000000000000e+05
2.691410000000000000e+05
2.691670000000000000e+05
2.691770000000000000e+05
2.691790000000000000e+05
2.691830000000000000e+05
2.691890000000000000e+05
2.692010000000000000e+05
2.692090000000000000e+05
2.692190000000000000e+05
2.692210000000000000e+05
2.692310000000000000e+05
2.692370000000000000e+05
2.692510000000000000e+05
2.692570000000000000e+05
2.692810000000000000e+05
2.693170000000000000e+05
2.693270000000000000e+05
2.693330000000000000e+05
2.693410000000000000e+05
2.693510000000000000e+05
2.693770000000000000e+05
2.693830000000000000e+05
2.693870000000000000e+05
2.693890000000000000e+05
2.693930000000000000e+05
2.694130000000000000e+05
