2.694190000000000000e+05
2.694290000000000000e+05
2.694310000000000000e+05
2.694410000000000000e+05
2.694610000000000000e+05
2.694730000000000000e+05
2.695130000000000000e+05
2.695190000000000000e+05
2.695270000000000000e+05
2.695390000000000000e+05
2.695430000000000000e+05
2.695610000000000000e+05
2.695730000000000000e+05
2.695790000000000000e+05
2.695970000000000000e+05
2.696170000000000000e+05
2.696230000000000000e+05
2.696410000000000000e+05
2.696510000000000000e+05
2.696630000000000000e+05
2.696830000000000000e+05
2.697010000000000000e+05
2.697130000000000000e+05
2.697190000000000000e+05
2.697230000000000000e+05
2.697410000000000000e+05
2.697490000000000000e+05
2.697610000000000000e+05
2.697790000000000000e+05
2.697830000000000000e+05
2.697910000000000000e+05
2.698510000000000000e+05
2.698790000000000000e+05
2.698870000000000000e+05
2.698910000000000000e+05
2.698970000000000000e+05
2.699230000000000000e+05
2.699390000000000000e+05
2.699470000000000000e+05
2.699530000000000000e+05
2.699810000000000000e+05
2.699870000000000000e+05
2.700010000000000000e+05
2.700290000000000000e+05
2.700310000000000000e+05
2.700370000000000000e+05
2.700590000000000000e+05
2.700710000000000000e+05
2.700730000000000000e+05
2.700970000000000000e+05
2.701210000000000000e+05
2.701310000000000000e+05
2.701330000000000000e+05
2.701430000000000000e+05
2.701570000000000000e+05
2.701630000000000000e+05
2.701670000000000000e+05
2.701910000000000000e+05
2.702090000000000000e+05
2.702170000000000000e+05
2.702230000000000000e+05
2.702290000000000000e+05
2.702390000000000000e+05
2.702410000000000000e+05
2.702690000000000000e+05
2.702710000000000000e+05
2.702870000000000000e+05
2.702990000000000000e+05
2.703070000000000000e+05
2.703110000000000000e+05
2.703230000000000000e+05
2.703290000000000000e+05
2.703370000000000000e+05
2.703430000000000000e+05
2.703710000000000000e+05
2.703790000000000000e+05
2.704070000000000000e+05
2.704210000000000000e+05
2.704370000000000000e+05
2.704430000000000000e+05
2.704510000000000000e+05
2.704610000000000000e+05
2.704630000000000000e+05
2.704930000000000000e+05
2.705090000000000000e+05
2.705270000000000000e+05
2.705390000000000000e+05
2.705470000000000000e+05
2.705510000000000000e+05
2.705530000000000000e+05
2.705630000000000000e+05
2.705770000000000000e+05
2.705830000000000000e+05
2.705870000000000000e+05
2.705930000000000000e+05
2.706010000000000000e+05
2.706190000000000000e+05
2.706310000000000000e+05
2.706530000000000000e+05
2.706590000000000000e+05
