2.706670000000000000e+05
2.706790000000000000e+05
2.706890000000000000e+05
2.707010000000000000e+05
2.707090000000000000e+05
2.707190000000000000e+05
2.707370000000000000e+05
2.707490000000000000e+05
2.707610000000000000e+05
2.707630000000000000e+05
2.707910000000000000e+05
2.707970000000000000e+05
2.707990000000000000e+05
2.708210000000000000e+05
2.708330000000000000e+05
2.708410000000000000e+05
2.708590000000000000e+05
2.708990000000000000e+05
2.709130000000000000e+05
2.709230000000000000e+05
2.709310000000000000e+05
2.709370000000000000e+05
2.709530000000000000e+05
2.709610000000000000e+05
2.709670000000000000e+05
2.709730000000000000e+05
2.710030000000000000e+05
2.710130000000000000e+05
2.710210000000000000e+05
2.710270000000000000e+05
2.710430000000000000e+05
2.710570000000000000e+05
2.710670000000000000e+05
2.710790000000000000e+05
2.710970000000000000e+05
2.711090000000000000e+05
2.711270000000000000e+05
2.711290000000000000e+05
2.711630000000000000e+05
2.711690000000000000e+05
2.711770000000000000e+05
2.711810000000000000e+05
2.712110000000000000e+05
2.712170000000000000e+05
2.712310000000000000e+05
2.712410000000000000e+05
2.712530000000000000e+05
2.712610000000000000e+05
2.712730000000000000e+05
2.712770000000000000e+05
2.712790000000000000e+05
2.712890000000000000e+05
2.713330000000000000e+05
2.713510000000000000e+05
2.713570000000000000e+05
2.713630000000000000e+05
2.713670000000000000e+05
2.713930000000000000e+05
2.714090000000000000e+05
2.714290000000000000e+05
2.714510000000000000e+05
2.714630000000000000e+05
2.714710000000000000e+05
2.714830000000000000e+05
2.714890000000000000e+05
2.714990000000000000e+05
2.715010000000000000e+05
2.715170000000000000e+05
2.715490000000000000e+05
2.715530000000000000e+05
2.715710000000000000e+05
2.715730000000000000e+05
2.715970000000000000e+05
2.716030000000000000e+05
2.716190000000000000e+05
2.716370000000000000e+05
2.716390000000000000e+05
2.716510000000000000e+05
2.716570000000000000e+05
2.716930000000000000e+05
2.717030000000000000e+05
2.717230000000000000e+05
2.717290000000000000e+05
2.717530000000000000e+05
2.717690000000000000e+05
2.717710000000000000e+05
2.717870000000000000e+05
2.718070000000000000e+05
2.718110000000000000e+05
2.718290000000000000e+05
2.718410000000000000e+05
2.718490000000000000e+05
2.718530000000000000e+05
2.718610000000000000e+05
2.718670000000000000e+05
2.718790000000000000e+05
2.718970000000000000e+05
2.719030000000000000e+05
2.719190000000000000e+05
2.719270000000000000e+05
