2.731490000000000000e+05
2.731570000000000000e+05
2.731810000000000000e+05
2.731870000000000000e+05
2.731930000000000000e+05
2.732330000000000000e+05
2.732530000000000000e+05
2.732690000000000000e+05
2.732710000000000000e+05
2.732810000000000000e+05
2.732830000000000000e+05
2.732890000000000000e+05
2.733110000000000000e+05
2.733130000000000000e+05
2.733230000000000000e+05
2.733490000000000000e+05
2.733590000000000000e+05
2.733670000000000000e+05
2.734330000000000000e+05
2.734570000000000000e+05
2.734730000000000000e+05
2.735030000000000000e+05
2.735170000000000000e+05
2.735210000000000000e+05
2.735270000000000000e+05
2.735510000000000000e+05
2.735690000000000000e+05
2.736010000000000000e+05
2.736130000000000000e+05
2.736170000000000000e+05
2.736290000000000000e+05
2.736410000000000000e+05
2.736430000000000000e+05
2.736530000000000000e+05
2.736970000000000000e+05
2.737090000000000000e+05
2.737190000000000000e+05
2.737270000000000000e+05
2.737390000000000000e+05
2.737730000000000000e+05
2.737870000000000000e+05
2.737970000000000000e+05
2.738030000000000000e+05
2.738210000000000000e+05
2.738270000000000000e+05
2.738570000000000000e+05
2.738810000000000000e+05
2.738990000000000000e+05
2.739010000000000000e+05
2.739130000000000000e+05
2.739190000000000000e+05
2.739290000000000000e+05
2.739410000000000000e+05
2.739430000000000000e+05
2.739670000000000000e+05
2.739710000000000000e+05
2.739790000000000000e+05
2.739970000000000000e+05
2.740070000000000000e+05
2.740190000000000000e+05
2.740330000000000000e+05
2.740610000000000000e+05
2.740690000000000000e+05
2.740810000000000000e+05
2.740930000000000000e+05
2.741030000000000000e+05
2.741170000000000000e+05
2.741210000000000000e+05
2.741230000000000000e+05
2.741390000000000000e+05
2.741470000000000000e+05
2.741630000000000000e+05
2.741710000000000000e+05
2.741770000000000000e+05
2.741870000000000000e+05
2.741990000000000000e+05
2.742010000000000000e+05
2.742130000000000000e+05
2.742230000000000000e+05
2.742370000000000000e+05
2.742430000000000000e+05
2.742590000000000000e+05
2.742710000000000000e+05
2.742770000000000000e+05
2.742830000000000000e+05
2.743010000000000000e+05
2.743330000000000000e+05
2.743490000000000000e+05
2.743570000000000000e+05
2.743610000000000000e+05
2.744030000000000000e+05
2.744230000000000000e+05
2.744410000000000000e+05
2.744510000000000000e+05
2.744530000000000000e+05
2.744570000000000000e+05
2.744710000000000000e+05
2.744890000000000000e+05
2.745170000000000000e+05
2.745290000000000000e+05
