2.757410000000000000e+05
2.757670000000000000e+05
2.757730000000000000e+05
2.757830000000000000e+05
2.758130000000000000e+05
2.758270000000000000e+05
2.758370000000000000e+05
2.758810000000000000e+05
2.758970000000000000e+05
2.759110000000000000e+05
2.759170000000000000e+05
2.759210000000000000e+05
2.759230000000000000e+05
2.759290000000000000e+05
2.759390000000000000e+05
2.759410000000000000e+05
2.759630000000000000e+05
2.759690000000000000e+05
2.759810000000000000e+05
2.759870000000000000e+05
2.759990000000000000e+05
2.760070000000000000e+05
2.760110000000000000e+05
2.760190000000000000e+05
2.760370000000000000e+05
2.760410000000000000e+05
2.760430000000000000e+05
2.760470000000000000e+05
2.760490000000000000e+05
2.760790000000000000e+05
2.760830000000000000e+05
2.760910000000000000e+05
2.761130000000000000e+05
2.761370000000000000e+05
2.761510000000000000e+05
2.761730000000000000e+05
2.761810000000000000e+05
2.761870000000000000e+05
2.761910000000000000e+05
2.762090000000000000e+05
2.762290000000000000e+05
2.762390000000000000e+05
2.762470000000000000e+05
2.762510000000000000e+05
2.762570000000000000e+05
2.762770000000000000e+05
2.762930000000000000e+05
2.763190000000000000e+05
2.763230000000000000e+05
2.763370000000000000e+05
2.763430000000000000e+05
2.763470000000000000e+05
2.763590000000000000e+05
2.763710000000000000e+05
2.763730000000000000e+05
2.763890000000000000e+05
2.764010000000000000e+05
2.764390000000000000e+05
2.764430000000000000e+05
2.764490000000000000e+05
2.764610000000000000e+05
2.764670000000000000e+05
2.764870000000000000e+05
2.764990000000000000e+05
2.765030000000000000e+05
2.765170000000000000e+05
2.765270000000000000e+05
2.765530000000000000e+05
2.765570000000000000e+05
2.765810000000000000e+05
2.765870000000000000e+05
2.765890000000000000e+05
2.765930000000000000e+05
2.765990000000000000e+05
2.766230000000000000e+05
2.766290000000000000e+05
2.766370000000000000e+05
2.766710000000000000e+05
2.766730000000000000e+05
2.767070000000000000e+05
2.767210000000000000e+05
2.767390000000000000e+05
2.767630000000000000e+05
2.767670000000000000e+05
2.767790000000000000e+05
2.767810000000000000e+05
2.768170000000000000e+05
2.768210000000000000e+05
2.768230000000000000e+05
2.768270000000000000e+05
2.768330000000000000e+05
2.768390000000000000e+05
2.768470000000000000e+05
2.768690000000000000e+05
2.768830000000000000e+05
2.769010000000000000e+05
2.769070000000000000e+05
2.769170000000000000e+05
2.769190000000000000e+05
2.769290000000000000e+05
