2.819590000000000000e+05
2.819710000000000000e+05
2.819890000000000000e+05
2.819930000000000000e+05
2.820010000000000000e+05
2.820110000000000000e+05
2.820190000000000000e+05
2.820530000000000000e+05
2.820590000000000000e+05
2.820710000000000000e+05
2.820890000000000000e+05
2.820910000000000000e+05
2.820970000000000000e+05
2.821010000000000000e+05
2.821030000000000000e+05
2.821270000000000000e+05
2.821430000000000000e+05
2.821570000000000000e+05
2.821670000000000000e+05
2.822210000000000000e+05
2.822290000000000000e+05
2.822390000000000000e+05
2.822410000000000000e+05
2.822530000000000000e+05
2.822810000000000000e+05
2.822870000000000000e+05
2.822990000000000000e+05
2.823070000000000000e+05
2.823110000000000000e+05
2.823130000000000000e+05
2.823490000000000000e+05
2.823770000000000000e+05
2.823830000000000000e+05
2.823890000000000000e+05
2.823910000000000000e+05
2.824070000000000000e+05
2.824090000000000000e+05
2.824130000000000000e+05
2.824270000000000000e+05
2.824390000000000000e+05
2.824610000000000000e+05
2.824810000000000000e+05
2.824870000000000000e+05
2.824930000000000000e+05
2.825590000000000000e+05
2.825630000000000000e+05
2.825710000000000000e+05
2.825770000000000000e+05
2.825890000000000000e+05
2.825990000000000000e+05
2.826170000000000000e+05
2.826610000000000000e+05
2.826710000000000000e+05
2.826770000000000000e+05
2.826790000000000000e+05
2.826830000000000000e+05
2.826910000000000000e+05
2.826970000000000000e+05
2.827030000000000000e+05
2.827070000000000000e+05
2.827130000000000000e+05
2.827670000000000000e+05
2.827690000000000000e+05
2.827730000000000000e+05
2.827970000000000000e+05
2.828090000000000000e+05
2.828270000000000000e+05
2.828330000000000000e+05
2.828470000000000000e+05
2.828510000000000000e+05
2.828690000000000000e+05
2.828810000000000000e+05
2.828890000000000000e+05
2.829070000000000000e+05
2.829110000000000000e+05
2.829130000000000000e+05
2.829170000000000000e+05
2.829590000000000000e+05
2.829730000000000000e+05
2.829770000000000000e+05
2.829910000000000000e+05
2.830010000000000000e+05
2.830070000000000000e+05
2.830090000000000000e+05
2.830270000000000000e+05
2.830510000000000000e+05
2.830790000000000000e+05
2.830930000000000000e+05
2.830970000000000000e+05
2.830990000000000000e+05
2.831110000000000000e+05
2.831170000000000000e+05
2.831210000000000000e+05
2.831330000000000000e+05
2.831390000000000000e+05
2.831590000000000000e+05
2.831630000000000000e+05
2.831810000000000000e+05
2.831830000000000000e+05
2.831930000000000000e+05
