2.832070000000000000e+05
2.832110000000000000e+05
2.832670000000000000e+05
2.832770000000000000e+05
2.832890000000000000e+05
2.833030000000000000e+05
2.833690000000000000e+05
2.833970000000000000e+05
2.834030000000000000e+05
2.834110000000000000e+05
2.834470000000000000e+05
2.834630000000000000e+05
2.834870000000000000e+05
2.834890000000000000e+05
2.835010000000000000e+05
2.835110000000000000e+05
2.835190000000000000e+05
2.835410000000000000e+05
2.835530000000000000e+05
2.835710000000000000e+05
2.835730000000000000e+05
2.835790000000000000e+05
2.835830000000000000e+05
2.836010000000000000e+05
2.836070000000000000e+05
2.836090000000000000e+05
2.836310000000000000e+05
2.836370000000000000e+05
2.836390000000000000e+05
2.836690000000000000e+05
2.836870000000000000e+05
2.836970000000000000e+05
2.837210000000000000e+05
2.837410000000000000e+05
2.837630000000000000e+05
2.837690000000000000e+05
2.837710000000000000e+05
2.837930000000000000e+05
2.837990000000000000e+05
2.838070000000000000e+05
2.838130000000000000e+05
2.838170000000000000e+05
2.838310000000000000e+05
2.838370000000000000e+05
2.838590000000000000e+05
2.838610000000000000e+05
2.838730000000000000e+05
2.839090000000000000e+05
2.839370000000000000e+05
2.839490000000000000e+05
2.839570000000000000e+05
2.839610000000000000e+05
2.839790000000000000e+05
2.840030000000000000e+05
2.840230000000000000e+05
2.840410000000000000e+05
2.840510000000000000e+05
2.840570000000000000e+05
2.840590000000000000e+05
2.840830000000000000e+05
2.840930000000000000e+05
2.841110000000000000e+05
2.841170000000000000e+05
2.841290000000000000e+05
2.841310000000000000e+05
2.841490000000000000e+05
2.841530000000000000e+05
2.841590000000000000e+05
2.841610000000000000e+05
2.841730000000000000e+05
2.841910000000000000e+05
2.842010000000000000e+05
2.842270000000000000e+05
2.842310000000000000e+05
2.842330000000000000e+05
2.842370000000000000e+05
2.842430000000000000e+05
2.842610000000000000e+05
2.842670000000000000e+05
2.842690000000000000e+05
2.842930000000000000e+05
2.843110000000000000e+05
2.843410000000000000e+05
2.843570000000000000e+05
2.843690000000000000e+05
2.843770000000000000e+05
2.843870000000000000e+05
2.844070000000000000e+05
2.844130000000000000e+05
2.844230000000000000e+05
2.844290000000000000e+05
2.844470000000000000e+05
2.844670000000000000e+05
2.844770000000000000e+05
2.844830000000000000e+05
2.844890000000000000e+05
2.845070000000000000e+05
2.845090000000000000e+05
2.845210000000000000e+05
2.845270000000000000e+05
