2.857210000000000000e+05
2.857310000000000000e+05
2.857490000000000000e+05
2.857570000000000000e+05
2.857630000000000000e+05
2.857670000000000000e+05
2.857730000000000000e+05
2.857810000000000000e+05
2.858230000000000000e+05
2.858270000000000000e+05
2.858390000000000000e+05
2.858410000000000000e+05
2.858710000000000000e+05
2.859370000000000000e+05
2.859490000000000000e+05
2.859530000000000000e+05
2.859770000000000000e+05
2.859790000000000000e+05
2.859830000000000000e+05
2.859970000000000000e+05
2.860010000000000000e+05
2.860090000000000000e+05
2.860190000000000000e+05
2.860430000000000000e+05
2.860490000000000000e+05
2.860610000000000000e+05
2.860630000000000000e+05
2.860730000000000000e+05
2.861030000000000000e+05
2.861290000000000000e+05
2.861630000000000000e+05
2.861710000000000000e+05
2.861990000000000000e+05
2.862430000000000000e+05
2.862490000000000000e+05
2.862890000000000000e+05
2.863010000000000000e+05
2.863330000000000000e+05
2.863670000000000000e+05
2.863690000000000000e+05
2.863810000000000000e+05
2.863930000000000000e+05
2.863970000000000000e+05
2.864110000000000000e+05
2.864210000000000000e+05
2.864270000000000000e+05
2.864530000000000000e+05
2.864570000000000000e+05
2.864590000000000000e+05
2.864690000000000000e+05
2.864770000000000000e+05
2.864830000000000000e+05
2.864870000000000000e+05
2.864930000000000000e+05
2.864990000000000000e+05
2.865130000000000000e+05
2.865190000000000000e+05
2.865410000000000000e+05
2.865430000000000000e+05
2.865470000000000000e+05
2.865530000000000000e+05
2.865890000000000000e+05
2.865910000000000000e+05
2.866090000000000000e+05
2.866130000000000000e+05
2.866190000000000000e+05
2.866330000000000000e+05
2.866510000000000000e+05
2.866730000000000000e+05
2.866870000000000000e+05
2.866970000000000000e+05
2.867030000000000000e+05
2.867110000000000000e+05
2.867210000000000000e+05
2.867330000000000000e+05
2.867510000000000000e+05
2.867530000000000000e+05
2.867630000000000000e+05
2.867710000000000000e+05
2.867770000000000000e+05
2.867890000000000000e+05
2.868010000000000000e+05
2.868130000000000000e+05
2.868310000000000000e+05
2.868590000000000000e+05
2.868730000000000000e+05
2.869270000000000000e+05
2.869730000000000000e+05
2.869810000000000000e+05
2.869870000000000000e+05
2.869990000000000000e+05
2.870030000000000000e+05
2.870470000000000000e+05
2.870570000000000000e+05
2.870590000000000000e+05
2.870870000000000000e+05
2.870930000000000000e+05
2.870990000000000000e+05
2.871070000000000000e+05
2.871170000000000000e+05
