2.885270000000000000e+05
2.885290000000000000e+05
2.885390000000000000e+05
2.885510000000000000e+05
2.885590000000000000e+05
2.885710000000000000e+05
2.885770000000000000e+05
2.885830000000000000e+05
2.886470000000000000e+05
2.886490000000000000e+05
2.886530000000000000e+05
2.886610000000000000e+05
2.886790000000000000e+05
2.886830000000000000e+05
2.886890000000000000e+05
2.886970000000000000e+05
2.887310000000000000e+05
2.887330000000000000e+05
2.887510000000000000e+05
2.887670000000000000e+05
2.887730000000000000e+05
2.888030000000000000e+05
2.888170000000000000e+05
2.888230000000000000e+05
2.888330000000000000e+05
2.888390000000000000e+05
2.888510000000000000e+05
2.888530000000000000e+05
2.888770000000000000e+05
2.889070000000000000e+05
2.889130000000000000e+05
2.889290000000000000e+05
2.889310000000000000e+05
2.889470000000000000e+05
2.889730000000000000e+05
2.889790000000000000e+05
2.889890000000000000e+05
2.889910000000000000e+05
2.889970000000000000e+05
2.890010000000000000e+05
2.890190000000000000e+05
2.890210000000000000e+05
2.890310000000000000e+05
2.890330000000000000e+05
2.890390000000000000e+05
2.890490000000000000e+05
2.890630000000000000e+05
2.890670000000000000e+05
2.890990000000000000e+05
2.891030000000000000e+05
2.891090000000000000e+05
2.891110000000000000e+05
2.891270000000000000e+05
2.891290000000000000e+05
2.891390000000000000e+05
2.891410000000000000e+05
2.891510000000000000e+05
2.891690000000000000e+05
2.891710000000000000e+05
2.891810000000000000e+05
2.891890000000000000e+05
2.891930000000000000e+05
2.892130000000000000e+05
2.892410000000000000e+05
2.892430000000000000e+05
2.892490000000000000e+05
2.892530000000000000e+05
2.892730000000000000e+05
2.892830000000000000e+05
2.892910000000000000e+05
2.892970000000000000e+05
2.893090000000000000e+05
2.893190000000000000e+05
2.893430000000000000e+05
2.893490000000000000e+05
2.893610000000000000e+05
2.893690000000000000e+05
2.893810000000000000e+05
2.893970000000000000e+05
2.894170000000000000e+05
2.894230000000000000e+05
2.894390000000000000e+05
2.894530000000000000e+05
2.894630000000000000e+05
2.894690000000000000e+05
2.894770000000000000e+05
2.894890000000000000e+05
2.895110000000000000e+05
2.895430000000000000e+05
2.895590000000000000e+05
2.895730000000000000e+05
2.895770000000000000e+05
2.895890000000000000e+05
2.896030000000000000e+05
2.896070000000000000e+05
2.896370000000000000e+05
2.896430000000000000e+05
2.896570000000000000e+05
2.896690000000000000e+05
2.897170000000000000e+05
