2.897210000000000000e+05
2.897270000000000000e+05
2.897330000000000000e+05
2.897410000000000000e+05
2.897590000000000000e+05
2.897630000000000000e+05
2.897710000000000000e+05
2.897890000000000000e+05
2.898370000000000000e+05
2.898410000000000000e+05
2.898430000000000000e+05
2.898470000000000000e+05
2.898530000000000000e+05
2.898590000000000000e+05
2.898710000000000000e+05
2.898890000000000000e+05
2.898970000000000000e+05
2.899370000000000000e+05
2.899510000000000000e+05
2.899570000000000000e+05
2.899670000000000000e+05
2.899730000000000000e+05
2.899870000000000000e+05
2.899990000000000000e+05
2.900110000000000000e+05
2.900210000000000000e+05
2.900230000000000000e+05
2.900270000000000000e+05
2.900330000000000000e+05
2.900390000000000000e+05
2.900410000000000000e+05
2.900470000000000000e+05
2.900570000000000000e+05
2.900830000000000000e+05
2.901070000000000000e+05
2.901130000000000000e+05
2.901190000000000000e+05
2.901370000000000000e+05
2.901410000000000000e+05
2.901610000000000000e+05
2.901830000000000000e+05
2.901890000000000000e+05
2.902010000000000000e+05
2.902090000000000000e+05
2.902190000000000000e+05
2.902330000000000000e+05
2.902430000000000000e+05
2.902490000000000000e+05
2.903170000000000000e+05
2.903270000000000000e+05
2.903470000000000000e+05
2.903510000000000000e+05
2.903590000000000000e+05
2.903690000000000000e+05
2.903830000000000000e+05
2.903930000000000000e+05
2.903990000000000000e+05
2.904190000000000000e+05
2.904290000000000000e+05
2.904410000000000000e+05
2.904430000000000000e+05
2.904470000000000000e+05
2.904710000000000000e+05
2.904730000000000000e+05
2.904890000000000000e+05
2.904970000000000000e+05
2.905090000000000000e+05
2.905270000000000000e+05
2.905310000000000000e+05
2.905330000000000000e+05
2.905390000000000000e+05
2.905570000000000000e+05
2.905930000000000000e+05
2.905970000000000000e+05
2.906110000000000000e+05
2.906170000000000000e+05
2.906210000000000000e+05
2.906230000000000000e+05
2.906270000000000000e+05
2.906570000000000000e+05
2.906590000000000000e+05
2.906630000000000000e+05
2.906690000000000000e+05
2.906710000000000000e+05
2.906770000000000000e+05
2.907010000000000000e+05
2.907070000000000000e+05
2.907110000000000000e+05
2.907370000000000000e+05
2.907610000000000000e+05
2.907670000000000000e+05
2.907910000000000000e+05
2.908030000000000000e+05
2.908210000000000000e+05
2.908270000000000000e+05
2.908370000000000000e+05
2.908390000000000000e+05
2.908610000000000000e+05
2.908690000000000000e+05
2.908790000000000000e+05
