2.908970000000000000e+05
2.909230000000000000e+05
2.909590000000000000e+05
2.909630000000000000e+05
2.909710000000000000e+05
2.909870000000000000e+05
2.909930000000000000e+05
2.909990000000000000e+05
2.910070000000000000e+05
2.910130000000000000e+05
2.910370000000000000e+05
2.910410000000000000e+05
2.910430000000000000e+05
2.910770000000000000e+05
2.910890000000000000e+05
2.911010000000000000e+05
2.911030000000000000e+05
2.911070000000000000e+05
2.911130000000000000e+05
2.911430000000000000e+05
2.911670000000000000e+05
2.911690000000000000e+05
2.911730000000000000e+05
2.911910000000000000e+05
2.911990000000000000e+05
2.912090000000000000e+05
2.912170000000000000e+05
2.912530000000000000e+05
2.912570000000000000e+05
2.912710000000000000e+05
2.912870000000000000e+05
2.912930000000000000e+05
2.912990000000000000e+05
2.913310000000000000e+05
2.913370000000000000e+05
2.913490000000000000e+05
2.913590000000000000e+05
2.913670000000000000e+05
2.913710000000000000e+05
2.913730000000000000e+05
2.913770000000000000e+05
2.914190000000000000e+05
2.914370000000000000e+05
2.914390000000000000e+05
2.914430000000000000e+05
2.914570000000000000e+05
2.914810000000000000e+05
2.914910000000000000e+05
2.915030000000000000e+05
2.915090000000000000e+05
2.915210000000000000e+05
2.915390000000000000e+05
2.915470000000000000e+05
2.915590000000000000e+05
2.915630000000000000e+05
2.915690000000000000e+05
2.916190000000000000e+05
2.916470000000000000e+05
2.916490000000000000e+05
2.916610000000000000e+05
2.916770000000000000e+05
2.916890000000000000e+05
2.916910000000000000e+05
2.917010000000000000e+05
2.917210000000000000e+05
2.917270000000000000e+05
2.917430000000000000e+05
2.917510000000000000e+05
2.917790000000000000e+05
2.917910000000000000e+05
2.918170000000000000e+05
2.918290000000000000e+05
2.918330000000000000e+05
2.918530000000000000e+05
2.918570000000000000e+05
2.918690000000000000e+05
2.918770000000000000e+05
2.918870000000000000e+05
2.918990000000000000e+05
2.919010000000000000e+05
2.919230000000000000e+05
2.919710000000000000e+05
2.919790000000000000e+05
2.919830000000000000e+05
2.919970000000000000e+05
2.920210000000000000e+05
2.920270000000000000e+05
2.920370000000000000e+05
2.920570000000000000e+05
2.920690000000000000e+05
2.920790000000000000e+05
2.920810000000000000e+05
2.920910000000000000e+05
2.920930000000000000e+05
2.921330000000000000e+05
2.921410000000000000e+05
2.921470000000000000e+05
2.921570000000000000e+05
2.921810000000000000e+05
2.921830000000000000e+05
