2.935430000000000000e+05
2.935990000000000000e+05
2.936030000000000000e+05
2.936170000000000000e+05
2.936210000000000000e+05
2.936330000000000000e+05
2.936390000000000000e+05
2.936510000000000000e+05
2.936590000000000000e+05
2.936770000000000000e+05
2.936810000000000000e+05
2.937010000000000000e+05
2.937170000000000000e+05
2.937230000000000000e+05
2.937290000000000000e+05
2.937490000000000000e+05
2.937670000000000000e+05
2.937730000000000000e+05
2.937910000000000000e+05
2.938030000000000000e+05
2.938270000000000000e+05
2.938310000000000000e+05
2.938610000000000000e+05
2.938630000000000000e+05
2.938930000000000000e+05
2.938990000000000000e+05
2.939410000000000000e+05
2.939570000000000000e+05
2.939830000000000000e+05
2.939890000000000000e+05
2.939990000000000000e+05
2.940010000000000000e+05
2.940130000000000000e+05
2.940230000000000000e+05
2.940290000000000000e+05
2.940430000000000000e+05
2.940530000000000000e+05
2.940590000000000000e+05
2.940670000000000000e+05
2.941030000000000000e+05
2.941270000000000000e+05
2.941310000000000000e+05
2.941490000000000000e+05
2.941570000000000000e+05
2.941670000000000000e+05
2.941690000000000000e+05
2.941790000000000000e+05
2.941810000000000000e+05
2.941990000000000000e+05
2.942110000000000000e+05
2.942230000000000000e+05
2.942270000000000000e+05
2.942410000000000000e+05
2.942470000000000000e+05
2.942510000000000000e+05
2.942690000000000000e+05
2.942770000000000000e+05
2.942890000000000000e+05
2.942930000000000000e+05
2.943110000000000000e+05
2.943130000000000000e+05
2.943170000000000000e+05
2.943190000000000000e+05
2.943370000000000000e+05
2.943410000000000000e+05
2.943470000000000000e+05
2.943530000000000000e+05
2.943830000000000000e+05
2.943910000000000000e+05
2.943970000000000000e+05
2.944030000000000000e+05
2.944310000000000000e+05
2.944390000000000000e+05
2.944610000000000000e+05
2.944670000000000000e+05
2.944790000000000000e+05
2.944990000000000000e+05
2.945090000000000000e+05
2.945230000000000000e+05
2.945290000000000000e+05
2.945510000000000000e+05
2.945630000000000000e+05
2.946290000000000000e+05
2.946410000000000000e+05
2.946470000000000000e+05
2.946490000000000000e+05
2.946590000000000000e+05
2.946730000000000000e+05
2.947030000000000000e+05
2.947310000000000000e+05
2.947510000000000000e+05
2.947570000000000000e+05
2.947610000000000000e+05
2.947730000000000000e+05
2.947810000000000000e+05
2.947870000000000000e+05
2.947930000000000000e+05
2.947990000000000000e+05
2.948030000000000000e+05
2.948090000000000000e+05
