2.948210000000000000e+05
2.948290000000000000e+05
2.948590000000000000e+05
2.948690000000000000e+05
2.948870000000000000e+05
2.948930000000000000e+05
2.949110000000000000e+05
2.949190000000000000e+05
2.949230000000000000e+05
2.949470000000000000e+05
2.949490000000000000e+05
2.949530000000000000e+05
2.949790000000000000e+05
2.949890000000000000e+05
2.949910000000000000e+05
2.949970000000000000e+05
2.950070000000000000e+05
2.950330000000000000e+05
2.950370000000000000e+05
2.950390000000000000e+05
2.950490000000000000e+05
2.950730000000000000e+05
2.950790000000000000e+05
2.950810000000000000e+05
2.951110000000000000e+05
2.951230000000000000e+05
2.951290000000000000e+05
2.951530000000000000e+05
2.951870000000000000e+05
2.951990000000000000e+05
2.952010000000000000e+05
2.952190000000000000e+05
2.952370000000000000e+05
2.952470000000000000e+05
2.952590000000000000e+05
2.952710000000000000e+05
2.952770000000000000e+05
2.952830000000000000e+05
2.952910000000000000e+05
2.953130000000000000e+05
2.953190000000000000e+05
2.953330000000000000e+05
2.953570000000000000e+05
2.953630000000000000e+05
2.953870000000000000e+05
2.954110000000000000e+05
2.954170000000000000e+05
2.954290000000000000e+05
2.954330000000000000e+05
2.954390000000000000e+05
2.954410000000000000e+05
2.954590000000000000e+05
2.955130000000000000e+05
2.955170000000000000e+05
2.955410000000000000e+05
2.955530000000000000e+05
2.955670000000000000e+05
2.955710000000000000e+05
2.955910000000000000e+05
2.956010000000000000e+05
2.956630000000000000e+05
2.956930000000000000e+05
2.956990000000000000e+05
2.957030000000000000e+05
2.957270000000000000e+05
2.957510000000000000e+05
2.957590000000000000e+05
2.957690000000000000e+05
2.957770000000000000e+05
2.957870000000000000e+05
2.958190000000000000e+05
2.958310000000000000e+05
2.958370000000000000e+05
2.958430000000000000e+05
2.958470000000000000e+05
2.958530000000000000e+05
2.958610000000000000e+05
2.958710000000000000e+05
2.958730000000000000e+05
2.958770000000000000e+05
2.958790000000000000e+05
2.959010000000000000e+05
2.959030000000000000e+05
2.959090000000000000e+05
2.959370000000000000e+05
2.959430000000000000e+05
2.959490000000000000e+05
2.959510000000000000e+05
2.959610000000000000e+05
2.959730000000000000e+05
2.959930000000000000e+05
2.960110000000000000e+05
2.960170000000000000e+05
2.960270000000000000e+05
2.960410000000000000e+05
2.960470000000000000e+05
2.960710000000000000e+05
2.960830000000000000e+05
2.960990000000000000e+05
2.961170000000000000e+05
