2.961290000000000000e+05
2.961370000000000000e+05
2.961590000000000000e+05
2.961830000000000000e+05
2.962010000000000000e+05
2.962130000000000000e+05
2.962210000000000000e+05
2.962370000000000000e+05
2.962430000000000000e+05
2.962490000000000000e+05
2.962510000000000000e+05
2.962690000000000000e+05
2.962730000000000000e+05
2.962790000000000000e+05
2.962870000000000000e+05
2.962990000000000000e+05
2.963470000000000000e+05
2.963530000000000000e+05
2.963630000000000000e+05
2.963690000000000000e+05
2.963770000000000000e+05
2.964370000000000000e+05
2.964410000000000000e+05
2.964730000000000000e+05
2.964770000000000000e+05
2.964790000000000000e+05
2.964890000000000000e+05
2.965030000000000000e+05
2.965070000000000000e+05
2.965090000000000000e+05
2.965190000000000000e+05
2.965510000000000000e+05
2.965570000000000000e+05
2.965610000000000000e+05
2.965630000000000000e+05
2.965790000000000000e+05
2.965810000000000000e+05
2.965870000000000000e+05
2.965910000000000000e+05
2.966270000000000000e+05
2.966510000000000000e+05
2.966630000000000000e+05
2.966690000000000000e+05
2.966830000000000000e+05
2.966870000000000000e+05
2.966930000000000000e+05
2.967130000000000000e+05
2.967190000000000000e+05
2.967290000000000000e+05
2.967310000000000000e+05
2.967410000000000000e+05
2.967490000000000000e+05
2.967530000000000000e+05
2.967670000000000000e+05
2.967710000000000000e+05
2.967730000000000000e+05
2.967970000000000000e+05
2.968010000000000000e+05
2.968190000000000000e+05
2.968270000000000000e+05
2.968310000000000000e+05
2.968330000000000000e+05
2.968430000000000000e+05
2.969090000000000000e+05
2.969110000000000000e+05
2.969210000000000000e+05
2.969290000000000000e+05
2.969410000000000000e+05
2.969690000000000000e+05
2.969710000000000000e+05
2.969810000000000000e+05
2.969830000000000000e+05
2.969870000000000000e+05
2.970190000000000000e+05
2.970230000000000000e+05
2.970490000000000000e+05
2.970610000000000000e+05
2.970670000000000000e+05
2.970790000000000000e+05
2.970830000000000000e+05
2.970970000000000000e+05
2.971130000000000000e+05
2.971330000000000000e+05
2.971510000000000000e+05
2.971610000000000000e+05
2.971690000000000000e+05
2.971910000000000000e+05
2.972330000000000000e+05
2.972470000000000000e+05
2.972510000000000000e+05
2.972570000000000000e+05
2.972630000000000000e+05
2.972890000000000000e+05
2.973170000000000000e+05
2.973590000000000000e+05
2.973710000000000000e+05
2.973770000000000000e+05
2.973910000000000000e+05
2.973970000000000000e+05
2.974030000000000000e+05
