2.987090000000000000e+05
2.987230000000000000e+05
2.987330000000000000e+05
2.987570000000000000e+05
2.987590000000000000e+05
2.987770000000000000e+05
2.987990000000000000e+05
2.988010000000000000e+05
2.988170000000000000e+05
2.988190000000000000e+05
2.988410000000000000e+05
2.988470000000000000e+05
2.988530000000000000e+05
2.988610000000000000e+05
2.988970000000000000e+05
2.989370000000000000e+05
2.989430000000000000e+05
2.989930000000000000e+05
2.989990000000000000e+05
2.990110000000000000e+05
2.990170000000000000e+05
2.990270000000000000e+05
2.990290000000000000e+05
2.990530000000000000e+05
2.990590000000000000e+05
2.990630000000000000e+05
2.990870000000000000e+05
2.990990000000000000e+05
2.991070000000000000e+05
2.991130000000000000e+05
2.991370000000000000e+05
2.991470000000000000e+05
2.991710000000000000e+05
2.991790000000000000e+05
2.991910000000000000e+05
2.991970000000000000e+05
2.992130000000000000e+05
2.992390000000000000e+05
2.992610000000000000e+05
2.992810000000000000e+05
2.992870000000000000e+05
2.993110000000000000e+05
2.993170000000000000e+05
2.993290000000000000e+05
2.993330000000000000e+05
2.993570000000000000e+05
2.993590000000000000e+05
2.993630000000000000e+05
2.993710000000000000e+05
2.993890000000000000e+05
2.993930000000000000e+05
2.994010000000000000e+05
2.994170000000000000e+05
2.994190000000000000e+05
2.994470000000000000e+05
2.994710000000000000e+05
2.994730000000000000e+05
2.994770000000000000e+05
2.994790000000000000e+05
2.995010000000000000e+05
2.995130000000000000e+05
2.995210000000000000e+05
2.995270000000000000e+05
2.995390000000000000e+05
2.995670000000000000e+05
2.995690000000000000e+05
2.996030000000000000e+05
2.996170000000000000e+05
2.996230000000000000e+05
2.996530000000000000e+05
2.996710000000000000e+05
2.996810000000000000e+05
2.996830000000000000e+05
2.996990000000000000e+05
2.997010000000000000e+05
2.997110000000000000e+05
2.997230000000000000e+05
2.997310000000000000e+05
2.997430000000000000e+05
2.997490000000000000e+05
2.997710000000000000e+05
2.997770000000000000e+05
2.998070000000000000e+05
2.998430000000000000e+05
2.998570000000000000e+05
2.998610000000000000e+05
2.998810000000000000e+05
2.998910000000000000e+05
2.999030000000000000e+05
2.999090000000000000e+05
2.999330000000000000e+05
2.999410000000000000e+05
2.999510000000000000e+05
2.999690000000000000e+05
2.999770000000000000e+05
2.999830000000000000e+05
2.999930000000000000e+05
3.000070000000000000e+05
3.000170000000000000e+05
3.000230000000000000e+05
