3.025810000000000000e+05
3.025870000000000000e+05
3.025930000000000000e+05
3.025970000000000000e+05
3.026090000000000000e+05
3.026290000000000000e+05
3.026470000000000000e+05
3.026630000000000000e+05
3.026810000000000000e+05
3.027110000000000000e+05
3.027230000000000000e+05
3.027470000000000000e+05
3.027590000000000000e+05
3.027670000000000000e+05
3.027790000000000000e+05
3.027910000000000000e+05
3.028010000000000000e+05
3.028310000000000000e+05
3.028330000000000000e+05
3.028370000000000000e+05
3.028430000000000000e+05
3.028510000000000000e+05
3.028570000000000000e+05
3.028730000000000000e+05
3.028910000000000000e+05
3.029030000000000000e+05
3.029090000000000000e+05
3.029210000000000000e+05
3.029270000000000000e+05
3.029410000000000000e+05
3.029590000000000000e+05
3.029690000000000000e+05
3.029710000000000000e+05
3.029770000000000000e+05
3.029830000000000000e+05
3.029890000000000000e+05
3.029990000000000000e+05
3.030070000000000000e+05
3.030110000000000000e+05
3.030130000000000000e+05
3.030190000000000000e+05
3.030290000000000000e+05
3.030490000000000000e+05
3.030530000000000000e+05
3.030730000000000000e+05
3.030890000000000000e+05
3.030910000000000000e+05
3.030970000000000000e+05
3.031190000000000000e+05
3.031390000000000000e+05
3.031430000000000000e+05
3.031510000000000000e+05
3.031570000000000000e+05
3.031870000000000000e+05
3.032170000000000000e+05
3.032570000000000000e+05
3.032710000000000000e+05
3.032830000000000000e+05
3.032870000000000000e+05
3.032930000000000000e+05
3.032990000000000000e+05
3.033070000000000000e+05
3.033130000000000000e+05
3.033230000000000000e+05
3.033370000000000000e+05
3.033410000000000000e+05
3.033610000000000000e+05
3.033670000000000000e+05
3.033710000000000000e+05
3.033770000000000000e+05
3.033790000000000000e+05
3.033890000000000000e+05
3.034090000000000000e+05
3.034210000000000000e+05
3.034310000000000000e+05
3.034630000000000000e+05
3.034690000000000000e+05
3.034730000000000000e+05
3.034910000000000000e+05
3.034930000000000000e+05
3.034970000000000000e+05
3.035290000000000000e+05
3.035390000000000000e+05
3.035470000000000000e+05
3.035510000000000000e+05
3.035530000000000000e+05
3.035710000000000000e+05
3.035810000000000000e+05
3.035870000000000000e+05
3.035930000000000000e+05
3.036130000000000000e+05
3.036170000000000000e+05
3.036190000000000000e+05
3.036430000000000000e+05
3.036470000000000000e+05
3.036490000000000000e+05
3.036790000000000000e+05
3.036830000000000000e+05
3.036890000000000000e+05
3.036910000000000000e+05
