3.049030000000000000e+05
3.049070000000000000e+05
3.049330000000000000e+05
3.049370000000000000e+05
3.049430000000000000e+05
3.049490000000000000e+05
3.049610000000000000e+05
3.049790000000000000e+05
3.049810000000000000e+05
3.050170000000000000e+05
3.050210000000000000e+05
3.050230000000000000e+05
3.050290000000000000e+05
3.050330000000000000e+05
3.050470000000000000e+05
3.050690000000000000e+05
3.050930000000000000e+05
3.051010000000000000e+05
3.051110000000000000e+05
3.051130000000000000e+05
3.051190000000000000e+05
3.051310000000000000e+05
3.051430000000000000e+05
3.051470000000000000e+05
3.052090000000000000e+05
3.052190000000000000e+05
3.052310000000000000e+05
3.052370000000000000e+05
3.052430000000000000e+05
3.052670000000000000e+05
3.052810000000000000e+05
3.052970000000000000e+05
3.053290000000000000e+05
3.053390000000000000e+05
3.053510000000000000e+05
3.053530000000000000e+05
3.053630000000000000e+05
3.053690000000000000e+05
3.053770000000000000e+05
3.054010000000000000e+05
3.054070000000000000e+05
3.054110000000000000e+05
3.054130000000000000e+05
3.054190000000000000e+05
3.054230000000000000e+05
3.054410000000000000e+05
3.054490000000000000e+05
3.054710000000000000e+05
3.054770000000000000e+05
3.054790000000000000e+05
3.054830000000000000e+05
3.054890000000000000e+05
3.054970000000000000e+05
3.055210000000000000e+05
3.055330000000000000e+05
3.055510000000000000e+05
3.055630000000000000e+05
3.055810000000000000e+05
3.055930000000000000e+05
3.055970000000000000e+05
3.056030000000000000e+05
3.056110000000000000e+05
3.056210000000000000e+05
3.056330000000000000e+05
3.056390000000000000e+05
3.056630000000000000e+05
3.057170000000000000e+05
3.057190000000000000e+05
3.057410000000000000e+05
3.057430000000000000e+05
3.057490000000000000e+05
3.057590000000000000e+05
3.057610000000000000e+05
3.057710000000000000e+05
3.057830000000000000e+05
3.058030000000000000e+05
3.058210000000000000e+05
3.058390000000000000e+05
3.058490000000000000e+05
3.058570000000000000e+05
3.058610000000000000e+05
3.058670000000000000e+05
3.058730000000000000e+05
3.059170000000000000e+05
3.059270000000000000e+05
3.059330000000000000e+05
3.059470000000000000e+05
3.059710000000000000e+05
3.059990000000000000e+05
3.060110000000000000e+05
3.060230000000000000e+05
3.060290000000000000e+05
3.060410000000000000e+05
3.060490000000000000e+05
3.060830000000000000e+05
3.060910000000000000e+05
3.061210000000000000e+05
3.061330000000000000e+05
3.061390000000000000e+05
3.061490000000000000e+05
