3.100190000000000000e+05
3.100210000000000000e+05
3.100270000000000000e+05
3.100430000000000000e+05
3.100490000000000000e+05
3.100810000000000000e+05
3.100870000000000000e+05
3.100910000000000000e+05
3.101110000000000000e+05
3.101170000000000000e+05
3.101270000000000000e+05
3.101290000000000000e+05
3.101690000000000000e+05
3.101810000000000000e+05
3.101870000000000000e+05
3.102230000000000000e+05
3.102290000000000000e+05
3.102310000000000000e+05
3.102370000000000000e+05
3.102430000000000000e+05
3.102730000000000000e+05
3.102830000000000000e+05
3.102910000000000000e+05
3.103130000000000000e+05
3.103330000000000000e+05
3.103570000000000000e+05
3.103610000000000000e+05
3.103630000000000000e+05
3.103790000000000000e+05
3.103970000000000000e+05
3.104230000000000000e+05
3.104330000000000000e+05
3.104390000000000000e+05
3.104470000000000000e+05
3.104590000000000000e+05
3.104630000000000000e+05
3.104810000000000000e+05
3.104890000000000000e+05
3.105010000000000000e+05
3.105070000000000000e+05
3.105110000000000000e+05
3.105470000000000000e+05
3.105530000000000000e+05
3.105590000000000000e+05
3.105670000000000000e+05
3.105710000000000000e+05
3.105770000000000000e+05
3.105910000000000000e+05
3.106270000000000000e+05
3.106430000000000000e+05
3.106630000000000000e+05
3.106930000000000000e+05
3.106970000000000000e+05
3.107110000000000000e+05
3.107210000000000000e+05
3.107270000000000000e+05
3.107290000000000000e+05
3.107330000000000000e+05
3.107410000000000000e+05
3.107470000000000000e+05
3.107710000000000000e+05
3.107810000000000000e+05
3.107890000000000000e+05
3.108010000000000000e+05
3.108190000000000000e+05
3.108230000000000000e+05
3.108290000000000000e+05
3.108310000000000000e+05
3.108610000000000000e+05
3.108670000000000000e+05
3.108830000000000000e+05
3.108890000000000000e+05
3.109010000000000000e+05
3.109270000000000000e+05
3.109310000000000000e+05
3.109490000000000000e+05
3.109690000000000000e+05
3.109870000000000000e+05
3.109970000000000000e+05
3.110090000000000000e+05
3.110210000000000000e+05
3.110270000000000000e+05
3.110330000000000000e+05
3.110410000000000000e+05
3.110990000000000000e+05
3.111110000000000000e+05
3.111230000000000000e+05
3.111370000000000000e+05
3.111530000000000000e+05
3.111730000000000000e+05
3.111770000000000000e+05
3.111830000000000000e+05
3.111890000000000000e+05
3.111970000000000000e+05
3.112030000000000000e+05
3.112370000000000000e+05
3.112790000000000000e+05
3.112910000000000000e+05
3.112930000000000000e+05
3.112990000000000000e+05
