3.125890000000000000e+05
3.126010000000000000e+05
3.126170000000000000e+05
3.126190000000000000e+05
3.126230000000000000e+05
3.126430000000000000e+05
3.126730000000000000e+05
3.126770000000000000e+05
3.126790000000000000e+05
3.127010000000000000e+05
3.127030000000000000e+05
3.127090000000000000e+05
3.127270000000000000e+05
3.127370000000000000e+05
3.127430000000000000e+05
3.127570000000000000e+05
3.127730000000000000e+05
3.127790000000000000e+05
3.127990000000000000e+05
3.128390000000000000e+05
3.128410000000000000e+05
3.128570000000000000e+05
3.128630000000000000e+05
3.128870000000000000e+05
3.128990000000000000e+05
3.129290000000000000e+05
3.129310000000000000e+05
3.129370000000000000e+05
3.129410000000000000e+05
3.129430000000000000e+05
3.129670000000000000e+05
3.129710000000000000e+05
3.129790000000000000e+05
3.129890000000000000e+05
3.130030000000000000e+05
3.130090000000000000e+05
3.130310000000000000e+05
3.130370000000000000e+05
3.130810000000000000e+05
3.130870000000000000e+05
3.131090000000000000e+05
3.131270000000000000e+05
3.131290000000000000e+05
3.131330000000000000e+05
3.131470000000000000e+05
3.131510000000000000e+05
3.131530000000000000e+05
3.131630000000000000e+05
3.132070000000000000e+05
3.132110000000000000e+05
3.132190000000000000e+05
3.132410000000000000e+05
3.132490000000000000e+05
3.132670000000000000e+05
3.132730000000000000e+05
3.132890000000000000e+05
3.132970000000000000e+05
3.133010000000000000e+05
3.133070000000000000e+05
3.133210000000000000e+05
3.133310000000000000e+05
3.133330000000000000e+05
3.133430000000000000e+05
3.133510000000000000e+05
3.133730000000000000e+05
3.133810000000000000e+05
3.133870000000000000e+05
3.133990000000000000e+05
3.134090000000000000e+05
3.134710000000000000e+05
3.134770000000000000e+05
3.135070000000000000e+05
3.135170000000000000e+05
3.135430000000000000e+05
3.135490000000000000e+05
3.135530000000000000e+05
3.135610000000000000e+05
3.135670000000000000e+05
3.135710000000000000e+05
3.135830000000000000e+05
3.135890000000000000e+05
3.135970000000000000e+05
3.136030000000000000e+05
3.136130000000000000e+05
3.136190000000000000e+05
3.136370000000000000e+05
3.136390000000000000e+05
3.136610000000000000e+05
3.136690000000000000e+05
3.136790000000000000e+05
3.136990000000000000e+05
3.137110000000000000e+05
3.137170000000000000e+05
3.137210000000000000e+05
3.137270000000000000e+05
3.137390000000000000e+05
3.137410000000000000e+05
3.137630000000000000e+05
3.137770000000000000e+05
3.137830000000000000e+05
