3.150590000000000000e+05
3.150670000000000000e+05
3.150830000000000000e+05
3.150970000000000000e+05
3.151030000000000000e+05
3.151090000000000000e+05
3.151270000000000000e+05
3.151790000000000000e+05
3.151810000000000000e+05
3.151930000000000000e+05
3.151990000000000000e+05
3.152230000000000000e+05
3.152470000000000000e+05
3.152510000000000000e+05
3.152570000000000000e+05
3.152690000000000000e+05
3.152810000000000000e+05
3.153130000000000000e+05
3.153490000000000000e+05
3.153610000000000000e+05
3.153730000000000000e+05
3.153770000000000000e+05
3.153890000000000000e+05
3.154070000000000000e+05
3.154090000000000000e+05
3.154210000000000000e+05
3.154370000000000000e+05
3.154490000000000000e+05
3.154510000000000000e+05
3.154610000000000000e+05
3.154670000000000000e+05
3.154810000000000000e+05
3.154930000000000000e+05
3.155170000000000000e+05
3.155210000000000000e+05
3.155270000000000000e+05
3.155290000000000000e+05
3.155470000000000000e+05
3.155510000000000000e+05
3.155590000000000000e+05
3.155690000000000000e+05
3.155890000000000000e+05
3.155930000000000000e+05
3.155990000000000000e+05
3.156130000000000000e+05
3.156170000000000000e+05
3.156310000000000000e+05
3.156430000000000000e+05
3.156710000000000000e+05
3.156770000000000000e+05
3.156910000000000000e+05
3.156970000000000000e+05
3.157010000000000000e+05
3.157030000000000000e+05
3.157390000000000000e+05
3.157430000000000000e+05
3.157510000000000000e+05
3.157790000000000000e+05
3.158030000000000000e+05
3.158110000000000000e+05
3.158290000000000000e+05
3.158510000000000000e+05
3.158570000000000000e+05
3.158810000000000000e+05
3.158830000000000000e+05
3.158930000000000000e+05
3.158990000000000000e+05
3.159070000000000000e+05
3.159370000000000000e+05
3.159490000000000000e+05
3.159610000000000000e+05
3.159670000000000000e+05
3.159770000000000000e+05
3.160030000000000000e+05
3.160310000000000000e+05
3.160330000000000000e+05
3.160370000000000000e+05
3.160510000000000000e+05
3.160670000000000000e+05
3.160730000000000000e+05
3.160870000000000000e+05
3.160970000000000000e+05
3.161090000000000000e+05
3.161330000000000000e+05
3.161390000000000000e+05
3.161530000000000000e+05
3.161770000000000000e+05
3.161890000000000000e+05
3.161930000000000000e+05
3.162010000000000000e+05
3.162130000000000000e+05
3.162190000000000000e+05
3.162230000000000000e+05
3.162410000000000000e+05
3.162430000000000000e+05
3.162590000000000000e+05
3.162710000000000000e+05
3.162910000000000000e+05
3.162970000000000000e+05
3.163010000000000000e+05
