3.175570000000000000e+05
3.175630000000000000e+05
3.175870000000000000e+05
3.175910000000000000e+05
3.175930000000000000e+05
3.175990000000000000e+05
3.176090000000000000e+05
3.176170000000000000e+05
3.176210000000000000e+05
3.176510000000000000e+05
3.176630000000000000e+05
3.176710000000000000e+05
3.176930000000000000e+05
3.177010000000000000e+05
3.177110000000000000e+05
3.177170000000000000e+05
3.177290000000000000e+05
3.177310000000000000e+05
3.177410000000000000e+05
3.177430000000000000e+05
3.177710000000000000e+05
3.177730000000000000e+05
3.177770000000000000e+05
3.177830000000000000e+05
3.177890000000000000e+05
3.177970000000000000e+05
3.178270000000000000e+05
3.178310000000000000e+05
3.178390000000000000e+05
3.178570000000000000e+05
3.178870000000000000e+05
3.179030000000000000e+05
3.179210000000000000e+05
3.179230000000000000e+05
3.179570000000000000e+05
3.179590000000000000e+05
3.179630000000000000e+05
3.179690000000000000e+05
3.179710000000000000e+05
3.179830000000000000e+05
3.179870000000000000e+05
3.180010000000000000e+05
3.180070000000000000e+05
3.180230000000000000e+05
3.180770000000000000e+05
3.181030000000000000e+05
3.181070000000000000e+05
3.181270000000000000e+05
3.181370000000000000e+05
3.181610000000000000e+05
3.181730000000000000e+05
3.181790000000000000e+05
3.181810000000000000e+05
3.181910000000000000e+05
3.182030000000000000e+05
3.182090000000000000e+05
3.182110000000000000e+05
3.182290000000000000e+05
3.182330000000000000e+05
3.182470000000000000e+05
3.182590000000000000e+05
3.182710000000000000e+05
3.182810000000000000e+05
3.182870000000000000e+05
3.182890000000000000e+05
3.182990000000000000e+05
3.183010000000000000e+05
3.183130000000000000e+05
3.183190000000000000e+05
3.183230000000000000e+05
3.183370000000000000e+05
3.183470000000000000e+05
3.183490000000000000e+05
3.183770000000000000e+05
3.184030000000000000e+05
3.184070000000000000e+05
3.184190000000000000e+05
3.184310000000000000e+05
3.184430000000000000e+05
3.184570000000000000e+05
3.184670000000000000e+05
3.184730000000000000e+05
3.185030000000000000e+05
3.185230000000000000e+05
3.185570000000000000e+05
3.185590000000000000e+05
3.185690000000000000e+05
3.185810000000000000e+05
3.185890000000000000e+05
3.186010000000000000e+05
3.186290000000000000e+05
3.186410000000000000e+05
3.186530000000000000e+05
3.186710000000000000e+05
3.186770000000000000e+05
3.186790000000000000e+05
3.186830000000000000e+05
3.186910000000000000e+05
3.187010000000000000e+05
3.187130000000000000e+05
