3.237110000000000000e+05
3.237170000000000000e+05
3.237590000000000000e+05
3.237670000000000000e+05
3.237890000000000000e+05
3.237970000000000000e+05
3.238010000000000000e+05
3.238030000000000000e+05
3.238190000000000000e+05
3.238370000000000000e+05
3.238790000000000000e+05
3.238990000000000000e+05
3.239030000000000000e+05
3.239230000000000000e+05
3.239270000000000000e+05
3.239330000000000000e+05
3.239510000000000000e+05
3.239570000000000000e+05
3.239870000000000000e+05
3.240110000000000000e+05
3.240310000000000000e+05
3.240530000000000000e+05
3.240670000000000000e+05
3.240730000000000000e+05
3.240890000000000000e+05
3.240970000000000000e+05
3.241010000000000000e+05
3.241130000000000000e+05
3.241190000000000000e+05
3.241310000000000000e+05
3.241430000000000000e+05
3.241510000000000000e+05
3.241610000000000000e+05
3.241790000000000000e+05
3.241990000000000000e+05
3.242090000000000000e+05
3.242110000000000000e+05
3.242170000000000000e+05
3.242230000000000000e+05
3.242390000000000000e+05
3.242510000000000000e+05
3.242930000000000000e+05
3.242990000000000000e+05
3.243010000000000000e+05
3.243190000000000000e+05
3.243290000000000000e+05
3.243410000000000000e+05
3.243610000000000000e+05
3.243910000000000000e+05
3.243970000000000000e+05
3.244030000000000000e+05
3.244190000000000000e+05
3.244270000000000000e+05
3.244310000000000000e+05
3.244370000000000000e+05
3.244390000000000000e+05
3.244490000000000000e+05
3.244510000000000000e+05
3.244690000000000000e+05
3.244730000000000000e+05
3.244910000000000000e+05
3.244970000000000000e+05
3.245030000000000000e+05
3.245170000000000000e+05
3.245230000000000000e+05
3.245290000000000000e+05
3.245570000000000000e+05
3.245870000000000000e+05
3.245890000000000000e+05
3.245930000000000000e+05
3.246170000000000000e+05
3.246190000000000000e+05
3.246370000000000000e+05
3.246410000000000000e+05
3.246470000000000000e+05
3.246610000000000000e+05
3.246730000000000000e+05
3.246890000000000000e+05
3.246970000000000000e+05
3.247070000000000000e+05
3.247330000000000000e+05
3.247430000000000000e+05
3.247570000000000000e+05
3.247630000000000000e+05
3.247730000000000000e+05
3.247810000000000000e+05
3.247910000000000000e+05
3.247990000000000000e+05
3.248090000000000000e+05
3.248110000000000000e+05
3.248390000000000000e+05
3.248470000000000000e+05
3.248690000000000000e+05
3.248710000000000000e+05
3.248890000000000000e+05
3.248930000000000000e+05
3.249010000000000000e+05
3.249310000000000000e+05
3.249410000000000000e+05
3.249490000000000000e+05
