3.249530000000000000e+05
3.249770000000000000e+05
3.249790000000000000e+05
3.249830000000000000e+05
3.249910000000000000e+05
3.249970000000000000e+05
3.250010000000000000e+05
3.250090000000000000e+05
3.250190000000000000e+05
3.250210000000000000e+05
3.250270000000000000e+05
3.250430000000000000e+05
3.250510000000000000e+05
3.250630000000000000e+05
3.250790000000000000e+05
3.250810000000000000e+05
3.250930000000000000e+05
3.251330000000000000e+05
3.251530000000000000e+05
3.251630000000000000e+05
3.251810000000000000e+05
3.251870000000000000e+05
3.251890000000000000e+05
3.252010000000000000e+05
3.252170000000000000e+05
3.252190000000000000e+05
3.252290000000000000e+05
3.252310000000000000e+05
3.252490000000000000e+05
3.252710000000000000e+05
3.253010000000000000e+05
3.253070000000000000e+05
3.253090000000000000e+05
3.253190000000000000e+05
3.253330000000000000e+05
3.253430000000000000e+05
3.253490000000000000e+05
3.253790000000000000e+05
3.254110000000000000e+05
3.254210000000000000e+05
3.254390000000000000e+05
3.254470000000000000e+05
3.254530000000000000e+05
3.254590000000000000e+05
3.254630000000000000e+05
3.254770000000000000e+05
3.254870000000000000e+05
3.255130000000000000e+05
3.255170000000000000e+05
3.255370000000000000e+05
3.255410000000000000e+05
3.255430000000000000e+05
3.255710000000000000e+05
3.255970000000000000e+05
3.256070000000000000e+05
3.256270000000000000e+05
3.256310000000000000e+05
3.256430000000000000e+05
3.256670000000000000e+05
3.256730000000000000e+05
3.256810000000000000e+05
3.256910000000000000e+05
3.256930000000000000e+05
3.256970000000000000e+05
3.257090000000000000e+05
3.257230000000000000e+05
3.257290000000000000e+05
3.257470000000000000e+05
3.257510000000000000e+05
3.257530000000000000e+05
3.257690000000000000e+05
3.257770000000000000e+05
3.257810000000000000e+05
3.257830000000000000e+05
3.258070000000000000e+05
3.258130000000000000e+05
3.258490000000000000e+05
3.258610000000000000e+05
3.258770000000000000e+05
3.258830000000000000e+05
3.258890000000000000e+05
3.258910000000000000e+05
3.259010000000000000e+05
3.259210000000000000e+05
3.259390000000000000e+05
3.259430000000000000e+05
3.259510000000000000e+05
3.259570000000000000e+05
3.259870000000000000e+05
3.259930000000000000e+05
3.259990000000000000e+05
3.260230000000000000e+05
3.260570000000000000e+05
3.260630000000000000e+05
3.260830000000000000e+05
3.260870000000000000e+05
3.260990000000000000e+05
3.261010000000000000e+05
3.261130000000000000e+05
3.261190000000000000e+05
