3.274630000000000000e+05
3.274690000000000000e+05
3.274730000000000000e+05
3.274790000000000000e+05
3.274910000000000000e+05
3.274930000000000000e+05
3.274990000000000000e+05
3.275110000000000000e+05
3.275170000000000000e+05
3.275290000000000000e+05
3.275530000000000000e+05
3.275570000000000000e+05
3.275590000000000000e+05
3.275710000000000000e+05
3.275810000000000000e+05
3.275830000000000000e+05
3.275990000000000000e+05
3.276190000000000000e+05
3.276290000000000000e+05
3.276470000000000000e+05
3.276610000000000000e+05
3.276670000000000000e+05
3.276730000000000000e+05
3.276890000000000000e+05
3.277070000000000000e+05
3.277210000000000000e+05
3.277370000000000000e+05
3.277390000000000000e+05
3.277570000000000000e+05
3.277790000000000000e+05
3.277970000000000000e+05
3.277990000000000000e+05
3.278090000000000000e+05
3.278230000000000000e+05
3.278270000000000000e+05
3.278290000000000000e+05
3.278390000000000000e+05
3.278510000000000000e+05
3.278530000000000000e+05
3.278690000000000000e+05
3.278710000000000000e+05
3.278810000000000000e+05
3.278890000000000000e+05
3.279170000000000000e+05
3.279230000000000000e+05
3.279410000000000000e+05
3.279530000000000000e+05
3.279670000000000000e+05
3.279790000000000000e+05
3.279830000000000000e+05
3.280070000000000000e+05
3.280370000000000000e+05
3.280430000000000000e+05
3.280510000000000000e+05
3.280610000000000000e+05
3.280630000000000000e+05
3.280670000000000000e+05
3.280930000000000000e+05
3.281030000000000000e+05
3.281090000000000000e+05
3.281210000000000000e+05
3.281270000000000000e+05
3.281290000000000000e+05
3.281710000000000000e+05
3.281770000000000000e+05
3.282130000000000000e+05
3.282430000000000000e+05
3.282490000000000000e+05
3.282710000000000000e+05
3.282770000000000000e+05
3.282830000000000000e+05
3.282910000000000000e+05
3.283030000000000000e+05
3.283270000000000000e+05
3.283310000000000000e+05
3.283330000000000000e+05
3.283430000000000000e+05
3.283570000000000000e+05
3.283730000000000000e+05
3.283790000000000000e+05
3.283810000000000000e+05
3.283970000000000000e+05
3.284110000000000000e+05
3.284210000000000000e+05
3.284290000000000000e+05
3.284390000000000000e+05
3.284810000000000000e+05
3.285110000000000000e+05
3.285130000000000000e+05
3.285190000000000000e+05
3.285430000000000000e+05
3.285790000000000000e+05
3.285890000000000000e+05
3.285910000000000000e+05
3.286190000000000000e+05
3.286210000000000000e+05
3.286330000000000000e+05
3.286370000000000000e+05
3.286390000000000000e+05
3.286510000000000000e+05
