3.286670000000000000e+05
3.286870000000000000e+05
3.287090000000000000e+05
3.287210000000000000e+05
3.287530000000000000e+05
3.287770000000000000e+05
3.287810000000000000e+05
3.287870000000000000e+05
3.287890000000000000e+05
3.288130000000000000e+05
3.288290000000000000e+05
3.288370000000000000e+05
3.288470000000000000e+05
3.288490000000000000e+05
3.288830000000000000e+05
3.288910000000000000e+05
3.288970000000000000e+05
3.289010000000000000e+05
3.289190000000000000e+05
3.289210000000000000e+05
3.289310000000000000e+05
3.289610000000000000e+05
3.289810000000000000e+05
3.290090000000000000e+05
3.290270000000000000e+05
3.290530000000000000e+05
3.290590000000000000e+05
3.290810000000000000e+05
3.290830000000000000e+05
3.290890000000000000e+05
3.291010000000000000e+05
3.291110000000000000e+05
3.291230000000000000e+05
3.291430000000000000e+05
3.291670000000000000e+05
3.291770000000000000e+05
3.291910000000000000e+05
3.292010000000000000e+05
3.292070000000000000e+05
3.292090000000000000e+05
3.292330000000000000e+05
3.292430000000000000e+05
3.292570000000000000e+05
3.292670000000000000e+05
3.292690000000000000e+05
3.292810000000000000e+05
3.292930000000000000e+05
3.292970000000000000e+05
3.292990000000000000e+05
3.293090000000000000e+05
3.293170000000000000e+05
3.293210000000000000e+05
3.293330000000000000e+05
3.293470000000000000e+05
3.293870000000000000e+05
3.293930000000000000e+05
3.294010000000000000e+05
3.294190000000000000e+05
3.294310000000000000e+05
3.294710000000000000e+05
3.294730000000000000e+05
3.294890000000000000e+05
3.295030000000000000e+05
3.295190000000000000e+05
3.295330000000000000e+05
3.295510000000000000e+05
3.295570000000000000e+05
3.295870000000000000e+05
3.295910000000000000e+05
3.295970000000000000e+05
3.296030000000000000e+05
3.296170000000000000e+05
3.296270000000000000e+05
3.296290000000000000e+05
3.296390000000000000e+05
3.296570000000000000e+05
3.296630000000000000e+05
3.296710000000000000e+05
3.296770000000000000e+05
3.296830000000000000e+05
3.296870000000000000e+05
3.297110000000000000e+05
3.297170000000000000e+05
3.297230000000000000e+05
3.297290000000000000e+05
3.297610000000000000e+05
3.297730000000000000e+05
3.297790000000000000e+05
3.297890000000000000e+05
3.298010000000000000e+05
3.298030000000000000e+05
3.298630000000000000e+05
3.298670000000000000e+05
3.298730000000000000e+05
3.298910000000000000e+05
3.298990000000000000e+05
3.299410000000000000e+05
3.299470000000000000e+05
3.299510000000000000e+05
3.299570000000000000e+05
