3.324670000000000000e+05
3.324710000000000000e+05
3.324730000000000000e+05
3.324770000000000000e+05
3.324890000000000000e+05
3.325090000000000000e+05
3.325130000000000000e+05
3.325610000000000000e+05
3.325670000000000000e+05
3.325690000000000000e+05
3.325730000000000000e+05
3.326110000000000000e+05
3.326170000000000000e+05
3.326230000000000000e+05
3.326410000000000000e+05
3.326870000000000000e+05
3.326990000000000000e+05
3.327110000000000000e+05
3.327290000000000000e+05
3.327430000000000000e+05
3.327490000000000000e+05
3.327670000000000000e+05
3.327790000000000000e+05
3.327910000000000000e+05
3.328030000000000000e+05
3.328370000000000000e+05
3.328510000000000000e+05
3.328730000000000000e+05
3.328810000000000000e+05
3.328870000000000000e+05
3.329030000000000000e+05
3.329210000000000000e+05
3.329330000000000000e+05
3.329470000000000000e+05
3.329510000000000000e+05
3.329870000000000000e+05
3.329890000000000000e+05
3.329930000000000000e+05
3.330190000000000000e+05
3.330230000000000000e+05
3.330290000000000000e+05
3.330310000000000000e+05
3.330410000000000000e+05
3.330490000000000000e+05
3.330710000000000000e+05
3.330970000000000000e+05
3.331010000000000000e+05
3.331030000000000000e+05
3.331070000000000000e+05
3.331310000000000000e+05
3.331390000000000000e+05
3.331610000000000000e+05
3.331870000000000000e+05
3.331970000000000000e+05
3.332090000000000000e+05
3.332270000000000000e+05
3.332330000000000000e+05
3.332530000000000000e+05
3.332690000000000000e+05
3.332710000000000000e+05
3.332830000000000000e+05
3.332870000000000000e+05
3.332990000000000000e+05
3.333230000000000000e+05
3.333310000000000000e+05
3.333370000000000000e+05
3.333410000000000000e+05
3.333490000000000000e+05
3.333670000000000000e+05
3.333830000000000000e+05
3.333970000000000000e+05
3.334190000000000000e+05
3.334270000000000000e+05
3.334330000000000000e+05
3.334390000000000000e+05
3.334490000000000000e+05
3.334510000000000000e+05
3.334570000000000000e+05
3.334790000000000000e+05
3.334910000000000000e+05
3.334930000000000000e+05
3.334970000000000000e+05
3.335030000000000000e+05
3.335170000000000000e+05
3.335330000000000000e+05
3.335390000000000000e+05
3.335630000000000000e+05
3.335810000000000000e+05
3.335890000000000000e+05
3.336230000000000000e+05
3.336310000000000000e+05
3.336470000000000000e+05
3.336670000000000000e+05
3.336730000000000000e+05
3.336790000000000000e+05
3.336910000000000000e+05
3.337010000000000000e+05
3.337130000000000000e+05
3.337190000000000000e+05
3.337210000000000000e+05
