3.337370000000000000e+05
3.337570000000000000e+05
3.337690000000000000e+05
3.337790000000000000e+05
3.337870000000000000e+05
3.337910000000000000e+05
3.337930000000000000e+05
3.338030000000000000e+05
3.338210000000000000e+05
3.338570000000000000e+05
3.338710000000000000e+05
3.339110000000000000e+05
3.339230000000000000e+05
3.339290000000000000e+05
3.339410000000000000e+05
3.339590000000000000e+05
3.339730000000000000e+05
3.339890000000000000e+05
3.339970000000000000e+05
3.340210000000000000e+05
3.340310000000000000e+05
3.340430000000000000e+05
3.340490000000000000e+05
3.340570000000000000e+05
3.340690000000000000e+05
3.340930000000000000e+05
3.340990000000000000e+05
3.341270000000000000e+05
3.341330000000000000e+05
3.341570000000000000e+05
3.341710000000000000e+05
3.341770000000000000e+05
3.341830000000000000e+05
3.341890000000000000e+05
3.341990000000000000e+05
3.342310000000000000e+05
3.342470000000000000e+05
3.342610000000000000e+05
3.342890000000000000e+05
3.342970000000000000e+05
3.343190000000000000e+05
3.343310000000000000e+05
3.343330000000000000e+05
3.343490000000000000e+05
3.343630000000000000e+05
3.343790000000000000e+05
3.343870000000000000e+05
3.343930000000000000e+05
3.344030000000000000e+05
3.344210000000000000e+05
3.344230000000000000e+05
3.344270000000000000e+05
3.344290000000000000e+05
3.344470000000000000e+05
3.344870000000000000e+05
3.344930000000000000e+05
3.345070000000000000e+05
3.345110000000000000e+05
3.345130000000000000e+05
3.345410000000000000e+05
3.345470000000000000e+05
3.345490000000000000e+05
3.345610000000000000e+05
3.346030000000000000e+05
3.346190000000000000e+05
3.346370000000000000e+05
3.346430000000000000e+05
3.346510000000000000e+05
3.346610000000000000e+05
3.346670000000000000e+05
3.346810000000000000e+05
3.346930000000000000e+05
3.346990000000000000e+05
3.347170000000000000e+05
3.347210000000000000e+05
3.347270000000000000e+05
3.347510000000000000e+05
3.347530000000000000e+05
3.347590000000000000e+05
3.347710000000000000e+05
3.347770000000000000e+05
3.347830000000000000e+05
3.347870000000000000e+05
3.347930000000000000e+05
3.348430000000000000e+05
3.348610000000000000e+05
3.348770000000000000e+05
3.348890000000000000e+05
3.348910000000000000e+05
3.348970000000000000e+05
3.349310000000000000e+05
3.349630000000000000e+05
3.349730000000000000e+05
3.349870000000000000e+05
3.349910000000000000e+05
3.349930000000000000e+05
3.350090000000000000e+05
3.350210000000000000e+05
3.350290000000000000e+05
3.350330000000000000e+05
