3.363530000000000000e+05
3.363610000000000000e+05
3.363730000000000000e+05
3.363970000000000000e+05
3.364030000000000000e+05
3.364190000000000000e+05
3.364370000000000000e+05
3.364630000000000000e+05
3.364910000000000000e+05
3.364990000000000000e+05
3.365030000000000000e+05
3.365210000000000000e+05
3.365270000000000000e+05
3.365290000000000000e+05
3.365330000000000000e+05
3.365510000000000000e+05
3.365630000000000000e+05
3.365710000000000000e+05
3.365770000000000000e+05
3.365870000000000000e+05
3.365930000000000000e+05
3.365990000000000000e+05
3.366130000000000000e+05
3.366310000000000000e+05
3.366430000000000000e+05
3.366490000000000000e+05
3.366530000000000000e+05
3.366670000000000000e+05
3.366710000000000000e+05
3.366830000000000000e+05
3.366890000000000000e+05
3.367030000000000000e+05
3.367270000000000000e+05
3.367570000000000000e+05
3.367610000000000000e+05
3.367670000000000000e+05
3.367690000000000000e+05
3.367730000000000000e+05
3.367930000000000000e+05
3.367990000000000000e+05
3.368030000000000000e+05
3.368230000000000000e+05
3.368270000000000000e+05
3.368290000000000000e+05
3.368570000000000000e+05
3.368630000000000000e+05
3.368710000000000000e+05
3.368870000000000000e+05
3.368990000000000000e+05
3.369010000000000000e+05
3.369110000000000000e+05
3.369290000000000000e+05
3.369610000000000000e+05
3.369770000000000000e+05
3.369830000000000000e+05
3.369890000000000000e+05
3.369970000000000000e+05
3.370130000000000000e+05
3.370210000000000000e+05
3.370310000000000000e+05
3.370390000000000000e+05
3.370490000000000000e+05
3.370690000000000000e+05
3.370810000000000000e+05
3.370910000000000000e+05
3.370970000000000000e+05
3.371210000000000000e+05
3.371530000000000000e+05
3.371890000000000000e+05
3.372010000000000000e+05
3.372130000000000000e+05
3.372170000000000000e+05
3.372190000000000000e+05
3.372230000000000000e+05
3.372610000000000000e+05
3.372770000000000000e+05
3.372790000000000000e+05
3.372830000000000000e+05
3.372910000000000000e+05
3.373010000000000000e+05
3.373130000000000000e+05
3.373270000000000000e+05
3.373390000000000000e+05
3.373430000000000000e+05
3.373490000000000000e+05
3.373610000000000000e+05
3.373670000000000000e+05
3.373690000000000000e+05
3.373970000000000000e+05
3.374110000000000000e+05
3.374270000000000000e+05
3.374530000000000000e+05
3.374570000000000000e+05
3.374870000000000000e+05
3.374890000000000000e+05
3.375110000000000000e+05
3.375170000000000000e+05
3.375290000000000000e+05
3.375370000000000000e+05
3.375410000000000000e+05
