3.414610000000000000e+05
3.414770000000000000e+05
3.414910000000000000e+05
3.415010000000000000e+05
3.415070000000000000e+05
3.415210000000000000e+05
3.415430000000000000e+05
3.415570000000000000e+05
3.415690000000000000e+05
3.415870000000000000e+05
3.415970000000000000e+05
3.416030000000000000e+05
3.416170000000000000e+05
3.416230000000000000e+05
3.416290000000000000e+05
3.416410000000000000e+05
3.416470000000000000e+05
3.416590000000000000e+05
3.416810000000000000e+05
3.416870000000000000e+05
3.417010000000000000e+05
3.417290000000000000e+05
3.417430000000000000e+05
3.417490000000000000e+05
3.417710000000000000e+05
3.417730000000000000e+05
3.417770000000000000e+05
3.418130000000000000e+05
3.418210000000000000e+05
3.418270000000000000e+05
3.418390000000000000e+05
3.418510000000000000e+05
3.418630000000000000e+05
3.418790000000000000e+05
3.419110000000000000e+05
3.419270000000000000e+05
3.419470000000000000e+05
3.419510000000000000e+05
3.419530000000000000e+05
3.419590000000000000e+05
3.419630000000000000e+05
3.419830000000000000e+05
3.419930000000000000e+05
3.420370000000000000e+05
3.420470000000000000e+05
3.420490000000000000e+05
3.420590000000000000e+05
3.420610000000000000e+05
3.420710000000000000e+05
3.420730000000000000e+05
3.420770000000000000e+05
3.421010000000000000e+05
3.421070000000000000e+05
3.421310000000000000e+05
3.421430000000000000e+05
3.421790000000000000e+05
3.421870000000000000e+05
3.421910000000000000e+05
3.421970000000000000e+05
3.422030000000000000e+05
3.422110000000000000e+05
3.422330000000000000e+05
3.422390000000000000e+05
3.422410000000000000e+05
3.422570000000000000e+05
3.422810000000000000e+05
3.422830000000000000e+05
3.422990000000000000e+05
3.423190000000000000e+05
3.423370000000000000e+05
3.423410000000000000e+05
3.423430000000000000e+05
3.423470000000000000e+05
3.423590000000000000e+05
3.423710000000000000e+05
3.423730000000000000e+05
3.423790000000000000e+05
3.423890000000000000e+05
3.424130000000000000e+05
3.424210000000000000e+05
3.424490000000000000e+05
3.424510000000000000e+05
3.424670000000000000e+05
3.424690000000000000e+05
3.424810000000000000e+05
3.424970000000000000e+05
3.425210000000000000e+05
3.425270000000000000e+05
3.425470000000000000e+05
3.425530000000000000e+05
3.425690000000000000e+05
3.425930000000000000e+05
3.425990000000000000e+05
3.426070000000000000e+05
3.426470000000000000e+05
3.426530000000000000e+05
3.426590000000000000e+05
3.426730000000000000e+05
3.426790000000000000e+05
3.426910000000000000e+05
