3.465010000000000000e+05
3.465290000000000000e+05
3.465430000000000000e+05
3.465470000000000000e+05
3.465530000000000000e+05
3.465590000000000000e+05
3.465610000000000000e+05
3.465890000000000000e+05
3.466010000000000000e+05
3.466070000000000000e+05
3.466270000000000000e+05
3.466390000000000000e+05
3.466490000000000000e+05
3.466510000000000000e+05
3.466570000000000000e+05
3.466670000000000000e+05
3.466690000000000000e+05
3.466990000000000000e+05
3.467110000000000000e+05
3.467210000000000000e+05
3.467390000000000000e+05
3.467510000000000000e+05
3.467630000000000000e+05
3.467930000000000000e+05
3.468310000000000000e+05
3.468490000000000000e+05
3.468670000000000000e+05
3.468730000000000000e+05
3.468770000000000000e+05
3.468910000000000000e+05
3.469030000000000000e+05
3.469330000000000000e+05
3.469390000000000000e+05
3.469430000000000000e+05
3.469610000000000000e+05
3.469630000000000000e+05
3.470030000000000000e+05
3.470330000000000000e+05
3.470410000000000000e+05
3.470510000000000000e+05
3.470570000000000000e+05
3.470590000000000000e+05
3.470630000000000000e+05
3.470690000000000000e+05
3.470710000000000000e+05
3.470990000000000000e+05
3.471290000000000000e+05
3.471310000000000000e+05
3.471410000000000000e+05
3.471430000000000000e+05
3.471610000000000000e+05
3.471670000000000000e+05
3.471730000000000000e+05
3.471770000000000000e+05
3.471830000000000000e+05
3.471970000000000000e+05
3.472010000000000000e+05
3.472090000000000000e+05
3.472270000000000000e+05
3.472330000000000000e+05
3.472390000000000000e+05
3.472510000000000000e+05
3.472570000000000000e+05
3.472870000000000000e+05
3.472970000000000000e+05
3.472990000000000000e+05
3.473170000000000000e+05
3.473290000000000000e+05
3.473410000000000000e+05
3.473590000000000000e+05
3.474010000000000000e+05
3.474110000000000000e+05
3.474370000000000000e+05
3.474430000000000000e+05
3.474890000000000000e+05
3.475090000000000000e+05
3.475130000000000000e+05
3.475190000000000000e+05
3.475330000000000000e+05
3.475390000000000000e+05
3.475610000000000000e+05
3.475630000000000000e+05
3.475790000000000000e+05
3.475870000000000000e+05
3.475910000000000000e+05
3.476090000000000000e+05
3.476210000000000000e+05
3.476290000000000000e+05
3.476510000000000000e+05
3.476710000000000000e+05
3.477070000000000000e+05
3.477170000000000000e+05
3.477290000000000000e+05
3.477310000000000000e+05
3.477470000000000000e+05
3.477590000000000000e+05
3.477710000000000000e+05
3.477730000000000000e+05
3.477790000000000000e+05
3.478010000000000000e+05
