3.490810000000000000e+05
3.490930000000000000e+05
3.490990000000000000e+05
3.491090000000000000e+05
3.491210000000000000e+05
3.491330000000000000e+05
3.491710000000000000e+05
3.491770000000000000e+05
3.491830000000000000e+05
3.491870000000000000e+05
3.491990000000000000e+05
3.492070000000000000e+05
3.492110000000000000e+05
3.492410000000000000e+05
3.492910000000000000e+05
3.493030000000000000e+05
3.493130000000000000e+05
3.493310000000000000e+05
3.493370000000000000e+05
3.493430000000000000e+05
3.493570000000000000e+05
3.493690000000000000e+05
3.493730000000000000e+05
3.493790000000000000e+05
3.493810000000000000e+05
3.493870000000000000e+05
3.493970000000000000e+05
3.493990000000000000e+05
3.494030000000000000e+05
3.494090000000000000e+05
3.494110000000000000e+05
3.494230000000000000e+05
3.494710000000000000e+05
3.494770000000000000e+05
3.494830000000000000e+05
3.494930000000000000e+05
3.494990000000000000e+05
3.495070000000000000e+05
3.495190000000000000e+05
3.495290000000000000e+05
3.495530000000000000e+05
3.495670000000000000e+05
3.495790000000000000e+05
3.495890000000000000e+05
3.496030000000000000e+05
3.496370000000000000e+05
3.496630000000000000e+05
3.496670000000000000e+05
3.496970000000000000e+05
3.497090000000000000e+05
3.497170000000000000e+05
3.497290000000000000e+05
3.497530000000000000e+05
3.497590000000000000e+05
3.497870000000000000e+05
3.497930000000000000e+05
3.498010000000000000e+05
3.498130000000000000e+05
3.498190000000000000e+05
3.498290000000000000e+05
3.498310000000000000e+05
3.498370000000000000e+05
3.498410000000000000e+05
3.498490000000000000e+05
3.498710000000000000e+05
3.499030000000000000e+05
3.499070000000000000e+05
3.499130000000000000e+05
3.499190000000000000e+05
3.499270000000000000e+05
3.499310000000000000e+05
3.499330000000000000e+05
3.499390000000000000e+05
3.499490000000000000e+05
3.499630000000000000e+05
3.499670000000000000e+05
3.499810000000000000e+05
3.500030000000000000e+05
3.500290000000000000e+05
3.500330000000000000e+05
3.500390000000000000e+05
3.500870000000000000e+05
3.500890000000000000e+05
3.500930000000000000e+05
3.501070000000000000e+05
3.501110000000000000e+05
3.501370000000000000e+05
3.501590000000000000e+05
3.501790000000000000e+05
3.501910000000000000e+05
3.502130000000000000e+05
3.502190000000000000e+05
3.502370000000000000e+05
3.502490000000000000e+05
3.502570000000000000e+05
3.502810000000000000e+05
3.502930000000000000e+05
3.503470000000000000e+05
3.503510000000000000e+05
3.503770000000000000e+05
