3.503810000000000000e+05
3.504110000000000000e+05
3.504230000000000000e+05
3.504290000000000000e+05
3.504310000000000000e+05
3.504370000000000000e+05
3.504430000000000000e+05
3.504470000000000000e+05
3.504530000000000000e+05
3.504590000000000000e+05
3.505030000000000000e+05
3.505210000000000000e+05
3.505490000000000000e+05
3.505610000000000000e+05
3.505630000000000000e+05
3.505870000000000000e+05
3.505930000000000000e+05
3.506170000000000000e+05
3.506210000000000000e+05
3.506290000000000000e+05
3.506570000000000000e+05
3.506630000000000000e+05
3.506770000000000000e+05
3.506990000000000000e+05
3.507110000000000000e+05
3.507190000000000000e+05
3.507290000000000000e+05
3.507310000000000000e+05
3.507370000000000000e+05
3.507410000000000000e+05
3.507470000000000000e+05
3.507670000000000000e+05
3.507710000000000000e+05
3.507830000000000000e+05
3.507890000000000000e+05
3.508030000000000000e+05
3.508090000000000000e+05
3.508430000000000000e+05
3.508510000000000000e+05
3.508690000000000000e+05
3.508810000000000000e+05
3.508870000000000000e+05
3.508910000000000000e+05
3.508990000000000000e+05
3.509410000000000000e+05
3.509470000000000000e+05
3.509630000000000000e+05
3.509710000000000000e+05
3.509810000000000000e+05
3.509830000000000000e+05
3.509890000000000000e+05
3.510110000000000000e+05
3.510230000000000000e+05
3.510310000000000000e+05
3.510370000000000000e+05
3.510410000000000000e+05
3.510470000000000000e+05
3.510530000000000000e+05
3.510590000000000000e+05
3.510610000000000000e+05
3.510770000000000000e+05
3.510790000000000000e+05
3.510970000000000000e+05
3.511210000000000000e+05
3.511330000000000000e+05
3.511510000000000000e+05
3.511570000000000000e+05
3.511790000000000000e+05
3.512170000000000000e+05
3.512230000000000000e+05
3.512290000000000000e+05
3.512570000000000000e+05
3.512590000000000000e+05
3.512690000000000000e+05
3.512870000000000000e+05
3.512890000000000000e+05
3.512930000000000000e+05
3.513010000000000000e+05
3.513110000000000000e+05
3.513410000000000000e+05
3.513430000000000000e+05
3.513470000000000000e+05
3.513590000000000000e+05
3.513610000000000000e+05
3.513830000000000000e+05
3.513910000000000000e+05
3.513970000000000000e+05
3.514010000000000000e+05
3.514130000000000000e+05
3.514270000000000000e+05
3.514370000000000000e+05
3.514570000000000000e+05
3.514690000000000000e+05
3.514790000000000000e+05
3.514970000000000000e+05
3.515030000000000000e+05
3.515170000000000000e+05
3.515290000000000000e+05
3.515510000000000000e+05
3.515630000000000000e+05
