3.515870000000000000e+05
3.515990000000000000e+05
3.516430000000000000e+05
3.516530000000000000e+05
3.516610000000000000e+05
3.516670000000000000e+05
3.516910000000000000e+05
3.517070000000000000e+05
3.517270000000000000e+05
3.517310000000000000e+05
3.517330000000000000e+05
3.517490000000000000e+05
3.517510000000000000e+05
3.517630000000000000e+05
3.517730000000000000e+05
3.517790000000000000e+05
3.517970000000000000e+05
3.518030000000000000e+05
3.518110000000000000e+05
3.518290000000000000e+05
3.518470000000000000e+05
3.518510000000000000e+05
3.518590000000000000e+05
3.518630000000000000e+05
3.518870000000000000e+05
3.519130000000000000e+05
3.519190000000000000e+05
3.519290000000000000e+05
3.519310000000000000e+05
3.519590000000000000e+05
3.519710000000000000e+05
3.519910000000000000e+05
3.520070000000000000e+05
3.520210000000000000e+05
3.520430000000000000e+05
3.520490000000000000e+05
3.520570000000000000e+05
3.520690000000000000e+05
3.520730000000000000e+05
3.520810000000000000e+05
3.520970000000000000e+05
3.521090000000000000e+05
3.521110000000000000e+05
3.521230000000000000e+05
3.521330000000000000e+05
3.521810000000000000e+05
3.521930000000000000e+05
3.522010000000000000e+05
3.522170000000000000e+05
3.522290000000000000e+05
3.522370000000000000e+05
3.522490000000000000e+05
3.522670000000000000e+05
3.522710000000000000e+05
3.522730000000000000e+05
3.523010000000000000e+05
3.523090000000000000e+05
3.523270000000000000e+05
3.523330000000000000e+05
3.523490000000000000e+05
3.523570000000000000e+05
3.523610000000000000e+05
3.523670000000000000e+05
3.523690000000000000e+05
3.523810000000000000e+05
3.523990000000000000e+05
3.524030000000000000e+05
3.524090000000000000e+05
3.524110000000000000e+05
3.524210000000000000e+05
3.524230000000000000e+05
3.524410000000000000e+05
3.524590000000000000e+05
3.524630000000000000e+05
3.524810000000000000e+05
3.524830000000000000e+05
3.524890000000000000e+05
3.524930000000000000e+05
3.525110000000000000e+05
3.525230000000000000e+05
3.525430000000000000e+05
3.525490000000000000e+05
3.525790000000000000e+05
3.525890000000000000e+05
3.526010000000000000e+05
3.526070000000000000e+05
3.526190000000000000e+05
3.526330000000000000e+05
3.526370000000000000e+05
3.526610000000000000e+05
3.526910000000000000e+05
3.527110000000000000e+05
3.527390000000000000e+05
3.527410000000000000e+05
3.527530000000000000e+05
3.527570000000000000e+05
3.527710000000000000e+05
3.528130000000000000e+05
3.528170000000000000e+05
3.528190000000000000e+05
