3.528310000000000000e+05
3.528370000000000000e+05
3.528410000000000000e+05
3.528530000000000000e+05
3.528670000000000000e+05
3.528830000000000000e+05
3.529070000000000000e+05
3.529090000000000000e+05
3.529310000000000000e+05
3.529390000000000000e+05
3.529490000000000000e+05
3.529510000000000000e+05
3.529730000000000000e+05
3.529910000000000000e+05
3.530110000000000000e+05
3.530210000000000000e+05
3.530470000000000000e+05
3.530530000000000000e+05
3.530570000000000000e+05
3.530690000000000000e+05
3.530810000000000000e+05
3.530990000000000000e+05
3.531170000000000000e+05
3.531230000000000000e+05
3.531370000000000000e+05
3.531470000000000000e+05
3.531490000000000000e+05
3.531610000000000000e+05
3.531730000000000000e+05
3.531790000000000000e+05
3.532010000000000000e+05
3.532030000000000000e+05
3.532370000000000000e+05
3.532630000000000000e+05
3.532930000000000000e+05
3.533170000000000000e+05
3.533210000000000000e+05
3.533290000000000000e+05
3.533330000000000000e+05
3.533410000000000000e+05
3.533590000000000000e+05
3.533890000000000000e+05
3.534010000000000000e+05
3.534110000000000000e+05
3.534290000000000000e+05
3.534430000000000000e+05
3.534530000000000000e+05
3.534590000000000000e+05
3.534710000000000000e+05
3.534730000000000000e+05
3.534890000000000000e+05
3.535010000000000000e+05
3.535270000000000000e+05
3.535310000000000000e+05
3.535570000000000000e+05
3.535670000000000000e+05
3.536030000000000000e+05
3.536110000000000000e+05
3.536210000000000000e+05
3.536270000000000000e+05
3.536290000000000000e+05
3.536410000000000000e+05
3.536530000000000000e+05
3.536570000000000000e+05
3.536770000000000000e+05
3.536810000000000000e+05
3.536870000000000000e+05
3.536990000000000000e+05
3.537110000000000000e+05
3.537370000000000000e+05
3.537470000000000000e+05
3.537670000000000000e+05
3.537770000000000000e+05
3.537830000000000000e+05
3.537970000000000000e+05
3.538070000000000000e+05
3.538130000000000000e+05
3.538190000000000000e+05
3.538330000000000000e+05
3.538670000000000000e+05
3.538690000000000000e+05
3.538790000000000000e+05
3.538910000000000000e+05
3.538970000000000000e+05
3.539110000000000000e+05
3.539170000000000000e+05
3.539210000000000000e+05
3.539290000000000000e+05
3.539390000000000000e+05
3.539630000000000000e+05
3.540010000000000000e+05
3.540070000000000000e+05
3.540170000000000000e+05
3.540230000000000000e+05
3.540310000000000000e+05
3.540370000000000000e+05
3.540410000000000000e+05
3.540430000000000000e+05
3.540470000000000000e+05
3.540730000000000000e+05
