3.553210000000000000e+05
3.553310000000000000e+05
3.553390000000000000e+05
3.553430000000000000e+05
3.553610000000000000e+05
3.553630000000000000e+05
3.553790000000000000e+05
3.554170000000000000e+05
3.554270000000000000e+05
3.554410000000000000e+05
3.554570000000000000e+05
3.554630000000000000e+05
3.554830000000000000e+05
3.554990000000000000e+05
3.555010000000000000e+05
3.555070000000000000e+05
3.555130000000000000e+05
3.555170000000000000e+05
3.555190000000000000e+05
3.555290000000000000e+05
3.555410000000000000e+05
3.555490000000000000e+05
3.555590000000000000e+05
3.555710000000000000e+05
3.555730000000000000e+05
3.555910000000000000e+05
3.556090000000000000e+05
3.556330000000000000e+05
3.556430000000000000e+05
3.556510000000000000e+05
3.556690000000000000e+05
3.556790000000000000e+05
3.556970000000000000e+05
3.557170000000000000e+05
3.557210000000000000e+05
3.557230000000000000e+05
3.557530000000000000e+05
3.557630000000000000e+05
3.557770000000000000e+05
3.557830000000000000e+05
3.557990000000000000e+05
3.558110000000000000e+05
3.558190000000000000e+05
3.558410000000000000e+05
3.558470000000000000e+05
3.558530000000000000e+05
3.558670000000000000e+05
3.558910000000000000e+05
3.559090000000000000e+05
3.559130000000000000e+05
3.559330000000000000e+05
3.559370000000000000e+05
3.559390000000000000e+05
3.559510000000000000e+05
3.559670000000000000e+05
3.559690000000000000e+05
3.560230000000000000e+05
3.560390000000000000e+05
3.560770000000000000e+05
3.560930000000000000e+05
3.561010000000000000e+05
3.561130000000000000e+05
3.561230000000000000e+05
3.561290000000000000e+05
3.561370000000000000e+05
3.561410000000000000e+05
3.561430000000000000e+05
3.561710000000000000e+05
3.561730000000000000e+05
3.561970000000000000e+05
3.562190000000000000e+05
3.562430000000000000e+05
3.562610000000000000e+05
3.562630000000000000e+05
3.562870000000000000e+05
3.562990000000000000e+05
3.563110000000000000e+05
3.563270000000000000e+05
3.563330000000000000e+05
3.563510000000000000e+05
3.563870000000000000e+05
3.563990000000000000e+05
3.564410000000000000e+05
3.564430000000000000e+05
3.564490000000000000e+05
3.564530000000000000e+05
3.564670000000000000e+05
3.564790000000000000e+05
3.565010000000000000e+05
3.565090000000000000e+05
3.565330000000000000e+05
3.565490000000000000e+05
3.565610000000000000e+05
3.565630000000000000e+05
3.565670000000000000e+05
3.565790000000000000e+05
3.565910000000000000e+05
3.566210000000000000e+05
3.566470000000000000e+05
3.566630000000000000e+05
