3.579830000000000000e+05
3.579890000000000000e+05
3.579970000000000000e+05
3.580310000000000000e+05
3.580510000000000000e+05
3.580690000000000000e+05
3.580730000000000000e+05
3.580790000000000000e+05
3.581030000000000000e+05
3.581090000000000000e+05
3.581530000000000000e+05
3.581570000000000000e+05
3.581590000000000000e+05
3.581810000000000000e+05
3.582010000000000000e+05
3.582130000000000000e+05
3.582190000000000000e+05
3.582230000000000000e+05
3.582290000000000000e+05
3.582430000000000000e+05
3.582730000000000000e+05
3.582770000000000000e+05
3.582790000000000000e+05
3.582890000000000000e+05
3.582910000000000000e+05
3.582970000000000000e+05
3.583010000000000000e+05
3.583130000000000000e+05
3.583270000000000000e+05
3.583310000000000000e+05
3.583490000000000000e+05
3.583730000000000000e+05
3.584170000000000000e+05
3.584270000000000000e+05
3.584290000000000000e+05
3.584410000000000000e+05
3.584470000000000000e+05
3.584590000000000000e+05
3.584710000000000000e+05
3.584830000000000000e+05
3.584870000000000000e+05
3.584990000000000000e+05
3.585310000000000000e+05
3.585410000000000000e+05
3.585710000000000000e+05
3.585730000000000000e+05
3.585910000000000000e+05
3.585970000000000000e+05
3.586010000000000000e+05
3.586070000000000000e+05
3.586130000000000000e+05
3.586370000000000000e+05
3.586670000000000000e+05
3.586690000000000000e+05
3.586810000000000000e+05
3.586910000000000000e+05
3.586970000000000000e+05
3.587030000000000000e+05
3.587110000000000000e+05
3.587230000000000000e+05
3.587270000000000000e+05
3.587330000000000000e+05
3.587470000000000000e+05
3.587530000000000000e+05
3.587690000000000000e+05
3.587830000000000000e+05
3.587930000000000000e+05
3.588110000000000000e+05
3.588290000000000000e+05
3.588470000000000000e+05
3.588590000000000000e+05
3.588610000000000000e+05
3.588670000000000000e+05
3.588770000000000000e+05
3.588790000000000000e+05
3.589010000000000000e+05
3.589030000000000000e+05
3.589070000000000000e+05
3.589090000000000000e+05
3.589310000000000000e+05
3.589510000000000000e+05
3.589730000000000000e+05
3.589790000000000000e+05
3.589870000000000000e+05
3.589930000000000000e+05
3.589990000000000000e+05
3.590030000000000000e+05
3.590170000000000000e+05
3.590270000000000000e+05
3.590410000000000000e+05
3.590630000000000000e+05
3.590690000000000000e+05
3.591010000000000000e+05
3.591110000000000000e+05
3.591290000000000000e+05
3.591370000000000000e+05
3.591430000000000000e+05
3.591470000000000000e+05
3.591530000000000000e+05
3.591670000000000000e+05
