3.606490000000000000e+05
3.606530000000000000e+05
3.607490000000000000e+05
3.607690000000000000e+05
3.607790000000000000e+05
3.607810000000000000e+05
3.608030000000000000e+05
3.608170000000000000e+05
3.608210000000000000e+05
3.608230000000000000e+05
3.608270000000000000e+05
3.608510000000000000e+05
3.608530000000000000e+05
3.608630000000000000e+05
3.608690000000000000e+05
3.609010000000000000e+05
3.609070000000000000e+05
3.609470000000000000e+05
3.609490000000000000e+05
3.609530000000000000e+05
3.609590000000000000e+05
3.609730000000000000e+05
3.609770000000000000e+05
3.609790000000000000e+05
3.609890000000000000e+05
3.610010000000000000e+05
3.610030000000000000e+05
3.610130000000000000e+05
3.610330000000000000e+05
3.610690000000000000e+05
3.610910000000000000e+05
3.610930000000000000e+05
3.611110000000000000e+05
3.611590000000000000e+05
3.611830000000000000e+05
3.612110000000000000e+05
3.612130000000000000e+05
3.612170000000000000e+05
3.612190000000000000e+05
3.612230000000000000e+05
3.612370000000000000e+05
3.612410000000000000e+05
3.612710000000000000e+05
3.612790000000000000e+05
3.613130000000000000e+05
3.613210000000000000e+05
3.613270000000000000e+05
3.613370000000000000e+05
3.613490000000000000e+05
3.613510000000000000e+05
3.613570000000000000e+05
3.613630000000000000e+05
3.613730000000000000e+05
3.614090000000000000e+05
3.614110000000000000e+05
3.614210000000000000e+05
3.614330000000000000e+05
3.614410000000000000e+05
3.614470000000000000e+05
3.614510000000000000e+05
3.614630000000000000e+05
3.614690000000000000e+05
3.614810000000000000e+05
3.614990000000000000e+05
3.615070000000000000e+05
3.615110000000000000e+05
3.615230000000000000e+05
3.615310000000000000e+05
3.615410000000000000e+05
3.615490000000000000e+05
3.615610000000000000e+05
3.615770000000000000e+05
3.616370000000000000e+05
3.616430000000000000e+05
3.616490000000000000e+05
3.616510000000000000e+05
3.616630000000000000e+05
3.616790000000000000e+05
3.616870000000000000e+05
3.617230000000000000e+05
3.617270000000000000e+05
3.617470000000000000e+05
3.617630000000000000e+05
3.617690000000000000e+05
3.617870000000000000e+05
3.617890000000000000e+05
3.617930000000000000e+05
3.617990000000000000e+05
3.618070000000000000e+05
3.618430000000000000e+05
3.618710000000000000e+05
3.618730000000000000e+05
3.618770000000000000e+05
3.619010000000000000e+05
3.619030000000000000e+05
3.619090000000000000e+05
3.619190000000000000e+05
3.619270000000000000e+05
3.619430000000000000e+05
3.619610000000000000e+05
