3.656990000000000000e+05
3.657470000000000000e+05
3.657490000000000000e+05
3.657590000000000000e+05
3.657730000000000000e+05
3.657790000000000000e+05
3.657910000000000000e+05
3.657970000000000000e+05
3.658090000000000000e+05
3.658370000000000000e+05
3.658390000000000000e+05
3.658510000000000000e+05
3.659030000000000000e+05
3.659290000000000000e+05
3.659330000000000000e+05
3.659410000000000000e+05
3.659690000000000000e+05
3.659830000000000000e+05
3.660010000000000000e+05
3.660130000000000000e+05
3.660190000000000000e+05
3.660290000000000000e+05
3.660310000000000000e+05
3.660530000000000000e+05
3.660770000000000000e+05
3.660970000000000000e+05
3.661030000000000000e+05
3.661270000000000000e+05
3.661330000000000000e+05
3.661390000000000000e+05
3.661610000000000000e+05
3.661670000000000000e+05
3.661690000000000000e+05
3.661730000000000000e+05
3.661810000000000000e+05
3.661930000000000000e+05
3.661990000000000000e+05
3.662110000000000000e+05
3.662170000000000000e+05
3.662210000000000000e+05
3.662270000000000000e+05
3.662390000000000000e+05
3.662590000000000000e+05
3.662690000000000000e+05
3.662770000000000000e+05
3.662870000000000000e+05
3.662930000000000000e+05
3.663070000000000000e+05
3.663130000000000000e+05
3.663290000000000000e+05
3.663410000000000000e+05
3.663430000000000000e+05
3.663470000000000000e+05
3.663830000000000000e+05
3.663970000000000000e+05
3.664090000000000000e+05
3.664190000000000000e+05
3.664330000000000000e+05
3.664370000000000000e+05
3.664390000000000000e+05
3.664610000000000000e+05
3.664630000000000000e+05
3.664670000000000000e+05
3.664790000000000000e+05
3.664970000000000000e+05
3.665110000000000000e+05
3.665170000000000000e+05
3.665210000000000000e+05
3.665470000000000000e+05
3.665930000000000000e+05
3.665990000000000000e+05
3.666070000000000000e+05
3.666310000000000000e+05
3.666770000000000000e+05
3.666830000000000000e+05
3.666970000000000000e+05
3.667010000000000000e+05
3.667030000000000000e+05
3.667130000000000000e+05
3.667210000000000000e+05
3.667270000000000000e+05
3.667330000000000000e+05
3.667870000000000000e+05
3.667910000000000000e+05
3.668110000000000000e+05
3.668290000000000000e+05
3.668410000000000000e+05
3.668510000000000000e+05
3.668530000000000000e+05
3.668590000000000000e+05
3.668690000000000000e+05
3.668810000000000000e+05
3.668890000000000000e+05
3.669010000000000000e+05
3.669070000000000000e+05
3.669170000000000000e+05
3.669230000000000000e+05
3.669410000000000000e+05
3.669530000000000000e+05
3.669670000000000000e+05
