3.669730000000000000e+05
3.669830000000000000e+05
3.669970000000000000e+05
3.670010000000000000e+05
3.670070000000000000e+05
3.670190000000000000e+05
3.670210000000000000e+05
3.670270000000000000e+05
3.670330000000000000e+05
3.670490000000000000e+05
3.670690000000000000e+05
3.670970000000000000e+05
3.671210000000000000e+05
3.671230000000000000e+05
3.671270000000000000e+05
3.671390000000000000e+05
3.671630000000000000e+05
3.671810000000000000e+05
3.671890000000000000e+05
3.672010000000000000e+05
3.672070000000000000e+05
3.672190000000000000e+05
3.672290000000000000e+05
3.672310000000000000e+05
3.672430000000000000e+05
3.672590000000000000e+05
3.672610000000000000e+05
3.672730000000000000e+05
3.672770000000000000e+05
3.673070000000000000e+05
3.673090000000000000e+05
3.673130000000000000e+05
3.673210000000000000e+05
3.673570000000000000e+05
3.673690000000000000e+05
3.673910000000000000e+05
3.673970000000000000e+05
3.674270000000000000e+05
3.674530000000000000e+05
3.674570000000000000e+05
3.674690000000000000e+05
3.675010000000000000e+05
3.675190000000000000e+05
3.675310000000000000e+05
3.675410000000000000e+05
3.675470000000000000e+05
3.675590000000000000e+05
3.675610000000000000e+05
3.675730000000000000e+05
3.675970000000000000e+05
3.676030000000000000e+05
3.676130000000000000e+05
3.676210000000000000e+05
3.676370000000000000e+05
3.676490000000000000e+05
3.676510000000000000e+05
3.676630000000000000e+05
3.676730000000000000e+05
3.676870000000000000e+05
3.676990000000000000e+05
3.677110000000000000e+05
3.677210000000000000e+05
3.677330000000000000e+05
3.677390000000000000e+05
3.677510000000000000e+05
3.677710000000000000e+05
3.677770000000000000e+05
3.677810000000000000e+05
3.677890000000000000e+05
3.678190000000000000e+05
3.678230000000000000e+05
3.678310000000000000e+05
3.678410000000000000e+05
3.678490000000000000e+05
3.678530000000000000e+05
3.678670000000000000e+05
3.678790000000000000e+05
3.678830000000000000e+05
3.678890000000000000e+05
3.679090000000000000e+05
3.679490000000000000e+05
3.679570000000000000e+05
3.680210000000000000e+05
3.680290000000000000e+05
3.680470000000000000e+05
3.680590000000000000e+05
3.680770000000000000e+05
3.680830000000000000e+05
3.680890000000000000e+05
3.680990000000000000e+05
3.681070000000000000e+05
3.681110000000000000e+05
3.681170000000000000e+05
3.681290000000000000e+05
3.681410000000000000e+05
3.681490000000000000e+05
3.681530000000000000e+05
3.681710000000000000e+05
3.681890000000000000e+05
3.681970000000000000e+05
