3.697310000000000000e+05
3.697390000000000000e+05
3.697510000000000000e+05
3.697910000000000000e+05
3.697930000000000000e+05
3.698210000000000000e+05
3.698270000000000000e+05
3.698290000000000000e+05
3.698330000000000000e+05
3.698410000000000000e+05
3.698510000000000000e+05
3.698770000000000000e+05
3.698930000000000000e+05
3.699130000000000000e+05
3.699170000000000000e+05
3.699470000000000000e+05
3.699590000000000000e+05
3.699610000000000000e+05
3.699790000000000000e+05
3.699830000000000000e+05
3.699910000000000000e+05
3.699970000000000000e+05
3.700030000000000000e+05
3.700090000000000000e+05
3.700210000000000000e+05
3.700330000000000000e+05
3.700570000000000000e+05
3.700610000000000000e+05
3.700670000000000000e+05
3.700810000000000000e+05
3.700910000000000000e+05
3.701030000000000000e+05
3.701210000000000000e+05
3.701330000000000000e+05
3.701470000000000000e+05
3.701590000000000000e+05
3.701690000000000000e+05
3.701930000000000000e+05
3.701990000000000000e+05
3.702070000000000000e+05
3.702130000000000000e+05
3.702170000000000000e+05
3.702410000000000000e+05
3.702470000000000000e+05
3.702610000000000000e+05
3.703730000000000000e+05
3.703870000000000000e+05
3.703990000000000000e+05
3.704110000000000000e+05
3.704210000000000000e+05
3.704230000000000000e+05
3.704270000000000000e+05
3.704390000000000000e+05
3.704410000000000000e+05
3.704510000000000000e+05
3.704630000000000000e+05
3.704710000000000000e+05
3.704770000000000000e+05
3.704830000000000000e+05
3.704930000000000000e+05
3.705110000000000000e+05
3.705290000000000000e+05
3.705370000000000000e+05
3.705470000000000000e+05
3.705610000000000000e+05
3.705710000000000000e+05
3.705970000000000000e+05
3.706030000000000000e+05
3.706090000000000000e+05
3.706130000000000000e+05
3.706190000000000000e+05
3.706310000000000000e+05
3.706610000000000000e+05
3.706630000000000000e+05
3.706730000000000000e+05
3.706790000000000000e+05
3.706870000000000000e+05
3.706930000000000000e+05
3.707230000000000000e+05
3.707590000000000000e+05
3.707930000000000000e+05
3.708010000000000000e+05
3.708130000000000000e+05
3.708370000000000000e+05
3.708710000000000000e+05
3.708730000000000000e+05
3.708790000000000000e+05
3.708830000000000000e+05
3.708910000000000000e+05
3.708970000000000000e+05
3.709190000000000000e+05
3.709490000000000000e+05
3.710270000000000000e+05
3.710290000000000000e+05
3.710570000000000000e+05
3.710690000000000000e+05
3.710710000000000000e+05
3.710830000000000000e+05
3.710870000000000000e+05
3.710990000000000000e+05
