3.711310000000000000e+05
3.711410000000000000e+05
3.711430000000000000e+05
3.711530000000000000e+05
3.711770000000000000e+05
3.711790000000000000e+05
3.711910000000000000e+05
3.712130000000000000e+05
3.712270000000000000e+05
3.712330000000000000e+05
3.712370000000000000e+05
3.712490000000000000e+05
3.712510000000000000e+05
3.712570000000000000e+05
3.712810000000000000e+05
3.712910000000000000e+05
3.712990000000000000e+05
3.713030000000000000e+05
3.713110000000000000e+05
3.713210000000000000e+05
3.713330000000000000e+05
3.713390000000000000e+05
3.713410000000000000e+05
3.713530000000000000e+05
3.713590000000000000e+05
3.713830000000000000e+05
3.713870000000000000e+05
3.713890000000000000e+05
3.714170000000000000e+05
3.714470000000000000e+05
3.714530000000000000e+05
3.714710000000000000e+05
3.714790000000000000e+05
3.714910000000000000e+05
3.715090000000000000e+05
3.715130000000000000e+05
3.715490000000000000e+05
3.715610000000000000e+05
3.715730000000000000e+05
3.715870000000000000e+05
3.716170000000000000e+05
3.716270000000000000e+05
3.716330000000000000e+05
3.716390000000000000e+05
3.716630000000000000e+05
3.716690000000000000e+05
3.716990000000000000e+05
3.717190000000000000e+05
3.717370000000000000e+05
3.717790000000000000e+05
3.717970000000000000e+05
3.718310000000000000e+05
3.718370000000000000e+05
3.718430000000000000e+05
3.718510000000000000e+05
3.718570000000000000e+05
3.718690000000000000e+05
3.718730000000000000e+05
3.718970000000000000e+05
3.719270000000000000e+05
3.719290000000000000e+05
3.719390000000000000e+05
3.719410000000000000e+05
3.719510000000000000e+05
3.719570000000000000e+05
3.719710000000000000e+05
3.719810000000000000e+05
3.719990000000000000e+05
3.720130000000000000e+05
3.720230000000000000e+05
3.720370000000000000e+05
3.720490000000000000e+05
3.720590000000000000e+05
3.720610000000000000e+05
3.720670000000000000e+05
3.721070000000000000e+05
3.721210000000000000e+05
3.721310000000000000e+05
3.721370000000000000e+05
3.721490000000000000e+05
3.721670000000000000e+05
3.721730000000000000e+05
3.721790000000000000e+05
3.722230000000000000e+05
3.722410000000000000e+05
3.722630000000000000e+05
3.722690000000000000e+05
3.722710000000000000e+05
3.722770000000000000e+05
3.722890000000000000e+05
3.722930000000000000e+05
3.722990000000000000e+05
3.723110000000000000e+05
3.723130000000000000e+05
3.723530000000000000e+05
3.723670000000000000e+05
3.723710000000000000e+05
3.723770000000000000e+05
3.723970000000000000e+05
3.724010000000000000e+05
