3.724090000000000000e+05
3.724130000000000000e+05
3.724430000000000000e+05
3.724510000000000000e+05
3.724610000000000000e+05
3.724730000000000000e+05
3.724810000000000000e+05
3.724970000000000000e+05
3.725110000000000000e+05
3.725230000000000000e+05
3.725390000000000000e+05
3.726070000000000000e+05
3.726110000000000000e+05
3.726130000000000000e+05
3.726290000000000000e+05
3.726370000000000000e+05
3.726530000000000000e+05
3.726610000000000000e+05
3.726670000000000000e+05
3.726770000000000000e+05
3.726890000000000000e+05
3.727070000000000000e+05
3.727090000000000000e+05
3.727190000000000000e+05
3.727330000000000000e+05
3.727390000000000000e+05
3.727510000000000000e+05
3.727630000000000000e+05
3.727690000000000000e+05
3.727730000000000000e+05
3.727970000000000000e+05
3.728030000000000000e+05
3.728090000000000000e+05
3.728170000000000000e+05
3.728290000000000000e+05
3.728330000000000000e+05
3.728390000000000000e+05
3.728470000000000000e+05
3.728590000000000000e+05
3.728710000000000000e+05
3.728770000000000000e+05
3.728810000000000000e+05
3.729010000000000000e+05
3.729170000000000000e+05
3.729410000000000000e+05
3.729430000000000000e+05
3.729710000000000000e+05
3.729730000000000000e+05
3.729790000000000000e+05
3.730030000000000000e+05
3.730070000000000000e+05
3.730190000000000000e+05
3.730490000000000000e+05
3.730630000000000000e+05
3.730730000000000000e+05
3.730910000000000000e+05
3.731270000000000000e+05
3.731510000000000000e+05
3.731570000000000000e+05
3.731710000000000000e+05
3.731810000000000000e+05
3.731830000000000000e+05
3.731870000000000000e+05
3.731930000000000000e+05
3.731990000000000000e+05
3.732070000000000000e+05
3.732110000000000000e+05
3.732130000000000000e+05
3.732290000000000000e+05
3.732310000000000000e+05
3.732730000000000000e+05
3.732910000000000000e+05
3.732970000000000000e+05
3.733010000000000000e+05
3.733270000000000000e+05
3.733390000000000000e+05
3.733430000000000000e+05
3.733490000000000000e+05
3.733570000000000000e+05
3.733610000000000000e+05
3.733630000000000000e+05
3.733790000000000000e+05
3.733930000000000000e+05
3.734470000000000000e+05
3.734530000000000000e+05
3.734590000000000000e+05
3.734630000000000000e+05
3.734870000000000000e+05
3.734890000000000000e+05
3.735010000000000000e+05
3.735170000000000000e+05
3.735530000000000000e+05
3.735610000000000000e+05
3.735670000000000000e+05
3.736130000000000000e+05
3.736210000000000000e+05
3.736310000000000000e+05
3.736490000000000000e+05
3.736570000000000000e+05
3.736610000000000000e+05
