3.736690000000000000e+05
3.736930000000000000e+05
3.737170000000000000e+05
3.737210000000000000e+05
3.737530000000000000e+05
3.737570000000000000e+05
3.737770000000000000e+05
3.737830000000000000e+05
3.738230000000000000e+05
3.738370000000000000e+05
3.738590000000000000e+05
3.738610000000000000e+05
3.739030000000000000e+05
3.739090000000000000e+05
3.739370000000000000e+05
3.739430000000000000e+05
3.739510000000000000e+05
3.739630000000000000e+05
3.739690000000000000e+05
3.739810000000000000e+05
3.739870000000000000e+05
3.739990000000000000e+05
3.740090000000000000e+05
3.740290000000000000e+05
3.740390000000000000e+05
3.740410000000000000e+05
3.740470000000000000e+05
3.740630000000000000e+05
3.740690000000000000e+05
3.740830000000000000e+05
3.740890000000000000e+05
3.740930000000000000e+05
3.741110000000000000e+05
3.741170000000000000e+05
3.741230000000000000e+05
3.741370000000000000e+05
3.741490000000000000e+05
3.741590000000000000e+05
3.741730000000000000e+05
3.741770000000000000e+05
3.741890000000000000e+05
3.742030000000000000e+05
3.742190000000000000e+05
3.742390000000000000e+05
3.742870000000000000e+05
3.742910000000000000e+05
3.742930000000000000e+05
3.742990000000000000e+05
3.743170000000000000e+05
3.743210000000000000e+05
3.743330000000000000e+05
3.743470000000000000e+05
3.743510000000000000e+05
3.743590000000000000e+05
3.743890000000000000e+05
3.743990000000000000e+05
3.744410000000000000e+05
3.744430000000000000e+05
3.744470000000000000e+05
3.744610000000000000e+05
3.744830000000000000e+05
3.745010000000000000e+05
3.745310000000000000e+05
3.745370000000000000e+05
3.745570000000000000e+05
3.745870000000000000e+05
3.746030000000000000e+05
3.746390000000000000e+05
3.746410000000000000e+05
3.746530000000000000e+05
3.746690000000000000e+05
3.746770000000000000e+05
3.746810000000000000e+05
3.746830000000000000e+05
3.746870000000000000e+05
3.747010000000000000e+05
3.747130000000000000e+05
3.747190000000000000e+05
3.747290000000000000e+05
3.747410000000000000e+05
3.747530000000000000e+05
3.747610000000000000e+05
3.747710000000000000e+05
3.747830000000000000e+05
3.747890000000000000e+05
3.747970000000000000e+05
3.748070000000000000e+05
3.748190000000000000e+05
3.748370000000000000e+05
3.748390000000000000e+05
3.748490000000000000e+05
3.748790000000000000e+05
3.748870000000000000e+05
3.748930000000000000e+05
3.749030000000000000e+05
3.749090000000000000e+05
3.749290000000000000e+05
3.749390000000000000e+05
3.749530000000000000e+05
3.749770000000000000e+05
