3.749810000000000000e+05
3.749870000000000000e+05
3.749890000000000000e+05
3.749930000000000000e+05
3.750170000000000000e+05
3.750190000000000000e+05
3.750290000000000000e+05
3.750430000000000000e+05
3.750490000000000000e+05
3.750590000000000000e+05
3.750830000000000000e+05
3.750910000000000000e+05
3.750970000000000000e+05
3.751010000000000000e+05
3.751030000000000000e+05
3.751130000000000000e+05
3.751190000000000000e+05
3.751210000000000000e+05
3.751270000000000000e+05
3.751490000000000000e+05
3.751570000000000000e+05
3.751630000000000000e+05
3.751690000000000000e+05
3.752030000000000000e+05
3.752090000000000000e+05
3.752230000000000000e+05
3.752270000000000000e+05
3.752330000000000000e+05
3.752470000000000000e+05
3.752510000000000000e+05
3.752530000000000000e+05
3.752570000000000000e+05
3.752590000000000000e+05
3.752810000000000000e+05
3.752830000000000000e+05
3.753110000000000000e+05
3.753410000000000000e+05
3.753590000000000000e+05
3.753670000000000000e+05
3.753710000000000000e+05
3.753730000000000000e+05
3.753910000000000000e+05
3.754070000000000000e+05
3.754130000000000000e+05
3.754430000000000000e+05
3.754490000000000000e+05
3.754510000000000000e+05
3.754570000000000000e+05
3.754670000000000000e+05
3.754810000000000000e+05
3.755090000000000000e+05
3.755110000000000000e+05
3.755230000000000000e+05
3.755270000000000000e+05
3.755330000000000000e+05
3.755530000000000000e+05
3.755590000000000000e+05
3.755630000000000000e+05
3.755690000000000000e+05
3.755930000000000000e+05
3.756070000000000000e+05
3.756230000000000000e+05
3.756310000000000000e+05
3.756430000000000000e+05
3.756470000000000000e+05
3.756670000000000000e+05
3.756730000000000000e+05
3.757030000000000000e+05
3.757070000000000000e+05
3.757090000000000000e+05
3.757430000000000000e+05
3.757570000000000000e+05
3.757610000000000000e+05
3.757730000000000000e+05
3.757790000000000000e+05
3.757870000000000000e+05
3.757990000000000000e+05
3.758330000000000000e+05
3.758410000000000000e+05
3.758570000000000000e+05
3.758990000000000000e+05
3.759010000000000000e+05
3.759230000000000000e+05
3.759310000000000000e+05
3.759670000000000000e+05
3.759710000000000000e+05
3.759790000000000000e+05
3.759830000000000000e+05
3.759970000000000000e+05
3.760010000000000000e+05
3.760030000000000000e+05
3.760090000000000000e+05
3.760210000000000000e+05
3.760390000000000000e+05
3.760490000000000000e+05
3.760630000000000000e+05
3.760810000000000000e+05
3.760970000000000000e+05
3.760990000000000000e+05
3.761270000000000000e+05
