3.761330000000000000e+05
3.761470000000000000e+05
3.761530000000000000e+05
3.761710000000000000e+05
3.761830000000000000e+05
3.761990000000000000e+05
3.762310000000000000e+05
3.762370000000000000e+05
3.762410000000000000e+05
3.762830000000000000e+05
3.762910000000000000e+05
3.762970000000000000e+05
3.763070000000000000e+05
3.763510000000000000e+05
3.763730000000000000e+05
3.763930000000000000e+05
3.763990000000000000e+05
3.764170000000000000e+05
3.764630000000000000e+05
3.764690000000000000e+05
3.764710000000000000e+05
3.764770000000000000e+05
3.764830000000000000e+05
3.765010000000000000e+05
3.765110000000000000e+05
3.765290000000000000e+05
3.765310000000000000e+05
3.765470000000000000e+05
3.765730000000000000e+05
3.765770000000000000e+05
3.765830000000000000e+05
3.765890000000000000e+05
3.766030000000000000e+05
3.766090000000000000e+05
3.766270000000000000e+05
3.766310000000000000e+05
3.766330000000000000e+05
3.766390000000000000e+05
3.766570000000000000e+05
3.766790000000000000e+05
3.766870000000000000e+05
3.766990000000000000e+05
3.767090000000000000e+05
3.767210000000000000e+05
3.767290000000000000e+05
3.767570000000000000e+05
3.767590000000000000e+05
3.767690000000000000e+05
3.767870000000000000e+05
3.767930000000000000e+05
3.768010000000000000e+05
3.768070000000000000e+05
3.768110000000000000e+05
3.768190000000000000e+05
3.768230000000000000e+05
3.768370000000000000e+05
3.768410000000000000e+05
3.768470000000000000e+05
3.768530000000000000e+05
3.768890000000000000e+05
3.768910000000000000e+05
3.768970000000000000e+05
3.769210000000000000e+05
3.769270000000000000e+05
3.769310000000000000e+05
3.769330000000000000e+05
3.769490000000000000e+05
3.769630000000000000e+05
3.769690000000000000e+05
3.770110000000000000e+05
3.770210000000000000e+05
3.770510000000000000e+05
3.770590000000000000e+05
3.770710000000000000e+05
3.770990000000000000e+05
3.771230000000000000e+05
3.771290000000000000e+05
3.771370000000000000e+05
3.771470000000000000e+05
3.771710000000000000e+05
3.771730000000000000e+05
3.771830000000000000e+05
3.771970000000000000e+05
3.772190000000000000e+05
3.772310000000000000e+05
3.772570000000000000e+05
3.772630000000000000e+05
3.772870000000000000e+05
3.772910000000000000e+05
3.772970000000000000e+05
3.773270000000000000e+05
3.773290000000000000e+05
3.773390000000000000e+05
3.773470000000000000e+05
3.773530000000000000e+05
3.773690000000000000e+05
3.773710000000000000e+05
3.773870000000000000e+05
3.773930000000000000e+05
3.774590000000000000e+05
