3.774710000000000000e+05
3.774770000000000000e+05
3.774910000000000000e+05
3.775130000000000000e+05
3.775210000000000000e+05
3.775270000000000000e+05
3.775370000000000000e+05
3.775430000000000000e+05
3.775570000000000000e+05
3.775610000000000000e+05
3.775630000000000000e+05
3.775810000000000000e+05
3.775930000000000000e+05
3.775990000000000000e+05
3.776170000000000000e+05
3.776230000000000000e+05
3.776330000000000000e+05
3.776530000000000000e+05
3.776810000000000000e+05
3.776870000000000000e+05
3.777110000000000000e+05
3.777170000000000000e+05
3.777370000000000000e+05
3.777490000000000000e+05
3.777610000000000000e+05
3.777710000000000000e+05
3.777790000000000000e+05
3.777890000000000000e+05
3.778010000000000000e+05
3.778090000000000000e+05
3.778270000000000000e+05
3.778310000000000000e+05
3.778430000000000000e+05
3.778510000000000000e+05
3.778730000000000000e+05
3.778870000000000000e+05
3.779110000000000000e+05
3.779630000000000000e+05
3.779810000000000000e+05
3.779990000000000000e+05
3.780110000000000000e+05
3.780190000000000000e+05
3.780230000000000000e+05
3.780410000000000000e+05
3.780710000000000000e+05
3.780830000000000000e+05
3.780890000000000000e+05
3.781010000000000000e+05
3.781270000000000000e+05
3.781370000000000000e+05
3.781490000000000000e+05
3.781510000000000000e+05
3.781630000000000000e+05
3.781670000000000000e+05
3.781790000000000000e+05
3.781930000000000000e+05
3.782230000000000000e+05
3.782290000000000000e+05
3.782390000000000000e+05
3.782410000000000000e+05
3.782530000000000000e+05
3.782690000000000000e+05
3.782770000000000000e+05
3.782830000000000000e+05
3.782890000000000000e+05
3.783170000000000000e+05
3.783530000000000000e+05
3.783610000000000000e+05
3.783790000000000000e+05
3.784010000000000000e+05
3.784070000000000000e+05
3.784390000000000000e+05
3.784490000000000000e+05
3.784630000000000000e+05
3.784670000000000000e+05
3.784930000000000000e+05
3.785030000000000000e+05
3.785090000000000000e+05
3.785230000000000000e+05
3.785330000000000000e+05
3.785510000000000000e+05
3.785590000000000000e+05
3.785690000000000000e+05
3.785710000000000000e+05
3.785830000000000000e+05
3.785930000000000000e+05
3.786010000000000000e+05
3.786190000000000000e+05
3.786290000000000000e+05
3.786610000000000000e+05
3.786670000000000000e+05
3.786710000000000000e+05
3.786830000000000000e+05
3.786910000000000000e+05
3.787130000000000000e+05
3.787330000000000000e+05
3.787390000000000000e+05
3.787570000000000000e+05
3.787610000000000000e+05
3.787790000000000000e+05
