3.787930000000000000e+05
3.788090000000000000e+05
3.788170000000000000e+05
3.788210000000000000e+05
3.788230000000000000e+05
3.788690000000000000e+05
3.788830000000000000e+05
3.788930000000000000e+05
3.789010000000000000e+05
3.789190000000000000e+05
3.789290000000000000e+05
3.789410000000000000e+05
3.789490000000000000e+05
3.789530000000000000e+05
3.789670000000000000e+05
3.789770000000000000e+05
3.789970000000000000e+05
3.790070000000000000e+05
3.790090000000000000e+05
3.790130000000000000e+05
3.790330000000000000e+05
3.790390000000000000e+05
3.790730000000000000e+05
3.790810000000000000e+05
3.790870000000000000e+05
3.790970000000000000e+05
3.791030000000000000e+05
3.791230000000000000e+05
3.791330000000000000e+05
3.791470000000000000e+05
3.791570000000000000e+05
3.791630000000000000e+05
3.791770000000000000e+05
3.791870000000000000e+05
3.791890000000000000e+05
3.791990000000000000e+05
3.792070000000000000e+05
3.792730000000000000e+05
3.792770000000000000e+05
3.792830000000000000e+05
3.792890000000000000e+05
3.793070000000000000e+05
3.793190000000000000e+05
3.793330000000000000e+05
3.793430000000000000e+05
3.793690000000000000e+05
3.793870000000000000e+05
3.793910000000000000e+05
3.793970000000000000e+05
3.793990000000000000e+05
3.794170000000000000e+05
3.794330000000000000e+05
3.794390000000000000e+05
3.794410000000000000e+05
3.794510000000000000e+05
3.794590000000000000e+05
3.794990000000000000e+05
3.795010000000000000e+05
3.795130000000000000e+05
3.795310000000000000e+05
3.795410000000000000e+05
3.795490000000000000e+05
3.795710000000000000e+05
3.795730000000000000e+05
3.795790000000000000e+05
3.795970000000000000e+05
3.796070000000000000e+05
3.796330000000000000e+05
3.796490000000000000e+05
3.796630000000000000e+05
3.796670000000000000e+05
3.796790000000000000e+05
3.796810000000000000e+05
3.796930000000000000e+05
3.796990000000000000e+05
3.797030000000000000e+05
3.797210000000000000e+05
3.797230000000000000e+05
3.797270000000000000e+05
3.797510000000000000e+05
3.797770000000000000e+05
3.797870000000000000e+05
3.798110000000000000e+05
3.798170000000000000e+05
3.798370000000000000e+05
3.798490000000000000e+05
3.798530000000000000e+05
3.798590000000000000e+05
3.798770000000000000e+05
3.798890000000000000e+05
3.799030000000000000e+05
3.799090000000000000e+05
3.799130000000000000e+05
3.799270000000000000e+05
3.799310000000000000e+05
3.799630000000000000e+05
3.799790000000000000e+05
3.799930000000000000e+05
3.799970000000000000e+05
3.799990000000000000e+05
