3.800410000000000000e+05
3.800470000000000000e+05
3.800590000000000000e+05
3.800710000000000000e+05
3.801170000000000000e+05
3.801290000000000000e+05
3.801310000000000000e+05
3.801410000000000000e+05
3.801470000000000000e+05
3.801790000000000000e+05
3.801890000000000000e+05
3.801970000000000000e+05
3.802010000000000000e+05
3.802030000000000000e+05
3.802070000000000000e+05
3.802310000000000000e+05
3.802510000000000000e+05
3.802670000000000000e+05
3.802690000000000000e+05
3.802870000000000000e+05
3.802910000000000000e+05
3.802990000000000000e+05
3.803090000000000000e+05
3.803110000000000000e+05
3.803270000000000000e+05
3.803290000000000000e+05
3.803330000000000000e+05
3.803630000000000000e+05
3.803770000000000000e+05
3.803830000000000000e+05
3.804170000000000000e+05
3.804230000000000000e+05
3.804410000000000000e+05
3.804470000000000000e+05
3.804530000000000000e+05
3.804590000000000000e+05
3.804610000000000000e+05
3.804830000000000000e+05
3.805030000000000000e+05
3.805330000000000000e+05
3.805570000000000000e+05
3.805630000000000000e+05
3.805910000000000000e+05
3.806210000000000000e+05
3.806230000000000000e+05
3.806290000000000000e+05
3.806410000000000000e+05
3.806510000000000000e+05
3.806570000000000000e+05
3.807070000000000000e+05
3.807130000000000000e+05
3.807290000000000000e+05
3.807530000000000000e+05
3.807770000000000000e+05
3.807970000000000000e+05
3.808030000000000000e+05
3.808190000000000000e+05
3.808370000000000000e+05
3.808390000000000000e+05
3.808430000000000000e+05
3.808670000000000000e+05
3.808690000000000000e+05
3.808790000000000000e+05
3.808810000000000000e+05
3.809090000000000000e+05
3.809170000000000000e+05
3.809290000000000000e+05
3.809510000000000000e+05
3.809570000000000000e+05
3.809710000000000000e+05
3.809770000000000000e+05
3.809830000000000000e+05
3.810010000000000000e+05
3.810110000000000000e+05
3.810190000000000000e+05
3.810370000000000000e+05
3.810470000000000000e+05
3.810610000000000000e+05
3.810710000000000000e+05
3.810770000000000000e+05
3.810970000000000000e+05
3.811030000000000000e+05
3.811670000000000000e+05
3.811690000000000000e+05
3.811810000000000000e+05
3.812090000000000000e+05
3.812210000000000000e+05
3.812230000000000000e+05
3.812330000000000000e+05
3.812390000000000000e+05
3.812530000000000000e+05
3.812870000000000000e+05
3.812890000000000000e+05
3.813010000000000000e+05
3.813190000000000000e+05
3.813230000000000000e+05
3.813430000000000000e+05
3.813470000000000000e+05
3.813710000000000000e+05
3.813730000000000000e+05
