3.813770000000000000e+05
3.813830000000000000e+05
3.813890000000000000e+05
3.814010000000000000e+05
3.814130000000000000e+05
3.814190000000000000e+05
3.814390000000000000e+05
3.814430000000000000e+05
3.814610000000000000e+05
3.814670000000000000e+05
3.814810000000000000e+05
3.814870000000000000e+05
3.815090000000000000e+05
3.815230000000000000e+05
3.815270000000000000e+05
3.815290000000000000e+05
3.815330000000000000e+05
3.815410000000000000e+05
3.815590000000000000e+05
3.815690000000000000e+05
3.816070000000000000e+05
3.816290000000000000e+05
3.816310000000000000e+05
3.816370000000000000e+05
3.816590000000000000e+05
3.816730000000000000e+05
3.816970000000000000e+05
3.817070000000000000e+05
3.817130000000000000e+05
3.817370000000000000e+05
3.817390000000000000e+05
3.817490000000000000e+05
3.817570000000000000e+05
3.817610000000000000e+05
3.817910000000000000e+05
3.817930000000000000e+05
3.818170000000000000e+05
3.818410000000000000e+05
3.818530000000000000e+05
3.818590000000000000e+05
3.819110000000000000e+05
3.819170000000000000e+05
3.819370000000000000e+05
3.819430000000000000e+05
3.819490000000000000e+05
3.819770000000000000e+05
3.819890000000000000e+05
3.819910000000000000e+05
3.820010000000000000e+05
3.820030000000000000e+05
3.820210000000000000e+05
3.820370000000000000e+05
3.820610000000000000e+05
3.820690000000000000e+05
3.820730000000000000e+05
3.820870000000000000e+05
3.821030000000000000e+05
3.821170000000000000e+05
3.821630000000000000e+05
3.821710000000000000e+05
3.821890000000000000e+05
3.822290000000000000e+05
3.822310000000000000e+05
3.822410000000000000e+05
3.822530000000000000e+05
3.822670000000000000e+05
3.822710000000000000e+05
3.823030000000000000e+05
3.823310000000000000e+05
3.823510000000000000e+05
3.823570000000000000e+05
3.823630000000000000e+05
3.823730000000000000e+05
3.823910000000000000e+05
3.824270000000000000e+05
3.824290000000000000e+05
3.824570000000000000e+05
3.824630000000000000e+05
3.824930000000000000e+05
3.825070000000000000e+05
3.825110000000000000e+05
3.825190000000000000e+05
3.825410000000000000e+05
3.825490000000000000e+05
3.825530000000000000e+05
3.825670000000000000e+05
3.825790000000000000e+05
3.825830000000000000e+05
3.825890000000000000e+05
3.826010000000000000e+05
3.826210000000000000e+05
3.826310000000000000e+05
3.826430000000000000e+05
3.826490000000000000e+05
3.826610000000000000e+05
3.826630000000000000e+05
3.826930000000000000e+05
3.827030000000000000e+05
3.827090000000000000e+05
3.827270000000000000e+05
