3.827290000000000000e+05
3.827470000000000000e+05
3.827510000000000000e+05
3.827630000000000000e+05
3.827690000000000000e+05
3.827770000000000000e+05
3.828010000000000000e+05
3.828070000000000000e+05
3.828130000000000000e+05
3.828430000000000000e+05
3.828470000000000000e+05
3.828610000000000000e+05
3.828670000000000000e+05
3.828710000000000000e+05
3.828730000000000000e+05
3.828830000000000000e+05
3.829190000000000000e+05
3.829330000000000000e+05
3.829390000000000000e+05
3.829610000000000000e+05
3.829790000000000000e+05
3.829990000000000000e+05
3.830110000000000000e+05
3.830230000000000000e+05
3.830290000000000000e+05
3.830410000000000000e+05
3.830510000000000000e+05
3.830690000000000000e+05
3.830770000000000000e+05
3.830810000000000000e+05
3.830830000000000000e+05
3.830990000000000000e+05
3.831010000000000000e+05
3.831070000000000000e+05
3.831130000000000000e+05
3.831430000000000000e+05
3.831470000000000000e+05
3.831530000000000000e+05
3.831710000000000000e+05
3.831790000000000000e+05
3.832190000000000000e+05
3.832210000000000000e+05
3.832610000000000000e+05
3.832670000000000000e+05
3.832810000000000000e+05
3.832910000000000000e+05
3.832970000000000000e+05
3.833030000000000000e+05
3.833210000000000000e+05
3.833470000000000000e+05
3.833710000000000000e+05
3.833930000000000000e+05
3.833990000000000000e+05
3.834170000000000000e+05
3.834190000000000000e+05
3.834290000000000000e+05
3.834590000000000000e+05
3.834830000000000000e+05
3.834890000000000000e+05
3.835190000000000000e+05
3.835210000000000000e+05
3.835270000000000000e+05
3.835330000000000000e+05
3.835490000000000000e+05
3.835570000000000000e+05
3.835730000000000000e+05
3.835870000000000000e+05
3.836090000000000000e+05
3.836110000000000000e+05
3.836230000000000000e+05
3.836270000000000000e+05
3.836330000000000000e+05
3.836510000000000000e+05
3.836570000000000000e+05
3.836590000000000000e+05
3.836810000000000000e+05
3.836830000000000000e+05
3.836930000000000000e+05
3.837230000000000000e+05
3.837290000000000000e+05
3.837530000000000000e+05
3.837590000000000000e+05
3.837670000000000000e+05
3.837770000000000000e+05
3.837910000000000000e+05
3.837970000000000000e+05
3.838070000000000000e+05
3.838130000000000000e+05
3.838210000000000000e+05
3.838330000000000000e+05
3.838370000000000000e+05
3.838390000000000000e+05
3.838690000000000000e+05
3.838910000000000000e+05
3.839090000000000000e+05
3.839170000000000000e+05
3.839230000000000000e+05
3.839410000000000000e+05
3.839510000000000000e+05
3.839630000000000000e+05
