3.839690000000000000e+05
3.839830000000000000e+05
3.839870000000000000e+05
3.840010000000000000e+05
3.840170000000000000e+05
3.840290000000000000e+05
3.840490000000000000e+05
3.840610000000000000e+05
3.840670000000000000e+05
3.840790000000000000e+05
3.840890000000000000e+05
3.841070000000000000e+05
3.841130000000000000e+05
3.841330000000000000e+05
3.841430000000000000e+05
3.841510000000000000e+05
3.841570000000000000e+05
3.841730000000000000e+05
3.841870000000000000e+05
3.841930000000000000e+05
3.842030000000000000e+05
3.842270000000000000e+05
3.842470000000000000e+05
3.842530000000000000e+05
3.842570000000000000e+05
3.842590000000000000e+05
3.842770000000000000e+05
3.842870000000000000e+05
3.842890000000000000e+05
3.842990000000000000e+05
3.843010000000000000e+05
3.843170000000000000e+05
3.843310000000000000e+05
3.843430000000000000e+05
3.843590000000000000e+05
3.843670000000000000e+05
3.843830000000000000e+05
3.844030000000000000e+05
3.844070000000000000e+05
3.844370000000000000e+05
3.844690000000000000e+05
3.844730000000000000e+05
3.844790000000000000e+05
3.844810000000000000e+05
3.844870000000000000e+05
3.844970000000000000e+05
3.845090000000000000e+05
3.845330000000000000e+05
3.845470000000000000e+05
3.845770000000000000e+05
3.845810000000000000e+05
3.845890000000000000e+05
3.845990000000000000e+05
3.846110000000000000e+05
3.846190000000000000e+05
3.846230000000000000e+05
3.846410000000000000e+05
3.846730000000000000e+05
3.846910000000000000e+05
3.846970000000000000e+05
3.847010000000000000e+05
3.847190000000000000e+05
3.847330000000000000e+05
3.847370000000000000e+05
3.847510000000000000e+05
3.847570000000000000e+05
3.847730000000000000e+05
3.847790000000000000e+05
3.848170000000000000e+05
3.848210000000000000e+05
3.848270000000000000e+05
3.848410000000000000e+05
3.848470000000000000e+05
3.848510000000000000e+05
3.848890000000000000e+05
3.849070000000000000e+05
3.849130000000000000e+05
3.849190000000000000e+05
3.849410000000000000e+05
3.849610000000000000e+05
3.849730000000000000e+05
3.850010000000000000e+05
3.850130000000000000e+05
3.850270000000000000e+05
3.850390000000000000e+05
3.850570000000000000e+05
3.850690000000000000e+05
3.850790000000000000e+05
3.850810000000000000e+05
3.850870000000000000e+05
3.851090000000000000e+05
3.851270000000000000e+05
3.851290000000000000e+05
3.851390000000000000e+05
3.851410000000000000e+05
3.851530000000000000e+05
3.851590000000000000e+05
3.851710000000000000e+05
3.851930000000000000e+05
3.851990000000000000e+05
