3.864310000000000000e+05
3.864370000000000000e+05
3.864710000000000000e+05
3.864890000000000000e+05
3.865010000000000000e+05
3.865210000000000000e+05
3.865370000000000000e+05
3.865430000000000000e+05
3.865490000000000000e+05
3.865690000000000000e+05
3.865870000000000000e+05
3.866090000000000000e+05
3.866110000000000000e+05
3.866210000000000000e+05
3.866290000000000000e+05
3.866410000000000000e+05
3.866470000000000000e+05
3.866510000000000000e+05
3.866770000000000000e+05
3.866890000000000000e+05
3.866930000000000000e+05
3.867130000000000000e+05
3.867190000000000000e+05
3.867230000000000000e+05
3.867310000000000000e+05
3.867470000000000000e+05
3.867770000000000000e+05
3.868090000000000000e+05
3.868390000000000000e+05
3.868510000000000000e+05
3.868870000000000000e+05
3.868910000000000000e+05
3.869210000000000000e+05
3.869270000000000000e+05
3.869630000000000000e+05
3.869770000000000000e+05
3.869870000000000000e+05
3.869890000000000000e+05
3.869930000000000000e+05
3.870070000000000000e+05
3.870170000000000000e+05
3.870310000000000000e+05
3.870470000000000000e+05
3.870710000000000000e+05
3.870770000000000000e+05
3.870830000000000000e+05
3.870890000000000000e+05
3.871090000000000000e+05
3.871370000000000000e+05
3.871510000000000000e+05
3.871610000000000000e+05
3.871690000000000000e+05
3.871730000000000000e+05
3.871870000000000000e+05
3.871970000000000000e+05
3.871990000000000000e+05
3.872030000000000000e+05
3.872270000000000000e+05
3.872530000000000000e+05
3.872630000000000000e+05
3.872690000000000000e+05
3.872810000000000000e+05
3.873070000000000000e+05
3.873130000000000000e+05
3.873290000000000000e+05
3.873410000000000000e+05
3.873710000000000000e+05
3.873970000000000000e+05
3.874030000000000000e+05
3.874330000000000000e+05
3.874370000000000000e+05
3.874490000000000000e+05
3.874630000000000000e+05
3.874930000000000000e+05
3.875030000000000000e+05
3.875090000000000000e+05
3.875290000000000000e+05
3.875510000000000000e+05
3.875770000000000000e+05
3.875870000000000000e+05
3.876130000000000000e+05
3.876230000000000000e+05
3.876310000000000000e+05
3.876410000000000000e+05
3.876590000000000000e+05
3.876770000000000000e+05
3.876790000000000000e+05
3.876830000000000000e+05
3.877070000000000000e+05
3.877210000000000000e+05
3.877270000000000000e+05
3.877430000000000000e+05
3.877490000000000000e+05
3.877630000000000000e+05
3.877810000000000000e+05
3.877910000000000000e+05
3.877990000000000000e+05
3.878390000000000000e+05
3.878530000000000000e+05
3.878570000000000000e+05
