3.879110000000000000e+05
3.879130000000000000e+05
3.879170000000000000e+05
3.879530000000000000e+05
3.879670000000000000e+05
3.879710000000000000e+05
3.879730000000000000e+05
3.879770000000000000e+05
3.880090000000000000e+05
3.880510000000000000e+05
3.880570000000000000e+05
3.880670000000000000e+05
3.880810000000000000e+05
3.880990000000000000e+05
3.881090000000000000e+05
3.881110000000000000e+05
3.881170000000000000e+05
3.881330000000000000e+05
3.881590000000000000e+05
3.881630000000000000e+05
3.881690000000000000e+05
3.881770000000000000e+05
3.881810000000000000e+05
3.881830000000000000e+05
3.881870000000000000e+05
3.882110000000000000e+05
3.882310000000000000e+05
3.882370000000000000e+05
3.882530000000000000e+05
3.882590000000000000e+05
3.882730000000000000e+05
3.882770000000000000e+05
3.883010000000000000e+05
3.883130000000000000e+05
3.883190000000000000e+05
3.883510000000000000e+05
3.883630000000000000e+05
3.883690000000000000e+05
3.883730000000000000e+05
3.883910000000000000e+05
3.884030000000000000e+05
3.884590000000000000e+05
3.884710000000000000e+05
3.884770000000000000e+05
3.884810000000000000e+05
3.884830000000000000e+05
3.884890000000000000e+05
3.884990000000000000e+05
3.885190000000000000e+05
3.885290000000000000e+05
3.885410000000000000e+05
3.885670000000000000e+05
3.885730000000000000e+05
3.886210000000000000e+05
3.886510000000000000e+05
3.886570000000000000e+05
3.886730000000000000e+05
3.886910000000000000e+05
3.886930000000000000e+05
3.886970000000000000e+05
3.886990000000000000e+05
3.887110000000000000e+05
3.887270000000000000e+05
3.887570000000000000e+05
3.887770000000000000e+05
3.887810000000000000e+05
3.887890000000000000e+05
3.887930000000000000e+05
3.888130000000000000e+05
3.888230000000000000e+05
3.888370000000000000e+05
3.888590000000000000e+05
3.888790000000000000e+05
3.888910000000000000e+05
3.888970000000000000e+05
3.889010000000000000e+05
3.889030000000000000e+05
3.889310000000000000e+05
3.889330000000000000e+05
3.889370000000000000e+05
3.889610000000000000e+05
3.889630000000000000e+05
3.889910000000000000e+05
3.890030000000000000e+05
3.890230000000000000e+05
3.890270000000000000e+05
3.890290000000000000e+05
3.890410000000000000e+05
3.890470000000000000e+05
3.890570000000000000e+05
3.890830000000000000e+05
3.890890000000000000e+05
3.890990000000000000e+05
3.891110000000000000e+05
3.891170000000000000e+05
3.891410000000000000e+05
3.891490000000000000e+05
3.891610000000000000e+05
3.891670000000000000e+05
3.891710000000000000e+05
