3.891730000000000000e+05
3.891890000000000000e+05
3.892190000000000000e+05
3.892270000000000000e+05
3.892310000000000000e+05
3.892690000000000000e+05
3.892730000000000000e+05
3.892870000000000000e+05
3.892970000000000000e+05
3.892990000000000000e+05
3.893030000000000000e+05
3.893570000000000000e+05
3.893690000000000000e+05
3.893810000000000000e+05
3.893990000000000000e+05
3.894010000000000000e+05
3.894370000000000000e+05
3.894470000000000000e+05
3.894610000000000000e+05
3.894790000000000000e+05
3.894830000000000000e+05
3.895070000000000000e+05
3.895130000000000000e+05
3.895270000000000000e+05
3.895310000000000000e+05
3.895330000000000000e+05
3.895390000000000000e+05
3.895610000000000000e+05
3.895630000000000000e+05
3.895670000000000000e+05
3.895690000000000000e+05
3.895790000000000000e+05
3.895910000000000000e+05
3.896210000000000000e+05
3.896290000000000000e+05
3.896510000000000000e+05
3.896590000000000000e+05
3.896630000000000000e+05
3.896870000000000000e+05
3.896990000000000000e+05
3.897130000000000000e+05
3.897230000000000000e+05
3.897430000000000000e+05
3.897490000000000000e+05
3.897610000000000000e+05
3.897730000000000000e+05
3.897830000000000000e+05
3.897910000000000000e+05
3.897970000000000000e+05
3.898190000000000000e+05
3.898390000000000000e+05
3.898490000000000000e+05
3.898670000000000000e+05
3.898910000000000000e+05
3.898970000000000000e+05
3.899030000000000000e+05
3.899110000000000000e+05
3.899230000000000000e+05
3.899270000000000000e+05
3.899410000000000000e+05
3.899470000000000000e+05
3.899530000000000000e+05
3.899570000000000000e+05
3.899710000000000000e+05
3.899810000000000000e+05
3.899890000000000000e+05
3.899990000000000000e+05
3.900010000000000000e+05
3.900430000000000000e+05
3.900670000000000000e+05
3.900770000000000000e+05
3.900830000000000000e+05
3.900970000000000000e+05
3.901010000000000000e+05
3.901070000000000000e+05
3.901090000000000000e+05
3.901130000000000000e+05
3.901190000000000000e+05
3.901510000000000000e+05
3.901570000000000000e+05
3.901610000000000000e+05
3.901910000000000000e+05
3.901930000000000000e+05
3.901990000000000000e+05
3.902090000000000000e+05
3.902110000000000000e+05
3.902230000000000000e+05
3.902630000000000000e+05
3.902810000000000000e+05
3.902890000000000000e+05
3.903070000000000000e+05
3.903230000000000000e+05
3.903430000000000000e+05
3.903470000000000000e+05
3.903530000000000000e+05
3.903590000000000000e+05
3.903670000000000000e+05
3.903730000000000000e+05
3.903890000000000000e+05
3.903910000000000000e+05
