3.904070000000000000e+05
3.904130000000000000e+05
3.904190000000000000e+05
3.904210000000000000e+05
3.904330000000000000e+05
3.904370000000000000e+05
3.904490000000000000e+05
3.904630000000000000e+05
3.904790000000000000e+05
3.904870000000000000e+05
3.904910000000000000e+05
3.904930000000000000e+05
3.904990000000000000e+05
3.905030000000000000e+05
3.905270000000000000e+05
3.905390000000000000e+05
3.905530000000000000e+05
3.905810000000000000e+05
3.906470000000000000e+05
3.906530000000000000e+05
3.906710000000000000e+05
3.906730000000000000e+05
3.907030000000000000e+05
3.907070000000000000e+05
3.907210000000000000e+05
3.907270000000000000e+05
3.907370000000000000e+05
3.907390000000000000e+05
3.907430000000000000e+05
3.907510000000000000e+05
3.907630000000000000e+05
3.907810000000000000e+05
3.907910000000000000e+05
3.908090000000000000e+05
3.908210000000000000e+05
3.908290000000000000e+05
3.908510000000000000e+05
3.908690000000000000e+05
3.908770000000000000e+05
3.908830000000000000e+05
3.908890000000000000e+05
3.908930000000000000e+05
3.909530000000000000e+05
3.909590000000000000e+05
3.909610000000000000e+05
3.909670000000000000e+05
3.909890000000000000e+05
3.909910000000000000e+05
3.910090000000000000e+05
3.910190000000000000e+05
3.910210000000000000e+05
3.910310000000000000e+05
3.910490000000000000e+05
3.910570000000000000e+05
3.910630000000000000e+05
3.910670000000000000e+05
3.910730000000000000e+05
3.911030000000000000e+05
3.911170000000000000e+05
3.911330000000000000e+05
3.911510000000000000e+05
3.911590000000000000e+05
3.911630000000000000e+05
3.911770000000000000e+05
3.911990000000000000e+05
3.912170000000000000e+05
3.912190000000000000e+05
3.912310000000000000e+05
3.912470000000000000e+05
3.912490000000000000e+05
3.912730000000000000e+05
3.912830000000000000e+05
3.912910000000000000e+05
3.913010000000000000e+05
3.913310000000000000e+05
3.913370000000000000e+05
3.913510000000000000e+05
3.913670000000000000e+05
3.913730000000000000e+05
3.913790000000000000e+05
3.913870000000000000e+05
3.913930000000000000e+05
3.913970000000000000e+05
3.913990000000000000e+05
3.914030000000000000e+05
3.914410000000000000e+05
3.914510000000000000e+05
3.914530000000000000e+05
3.914870000000000000e+05
3.915190000000000000e+05
3.915370000000000000e+05
3.915530000000000000e+05
3.915790000000000000e+05
3.916130000000000000e+05
3.916190000000000000e+05
3.916270000000000000e+05
3.916310000000000000e+05
3.916390000000000000e+05
3.916610000000000000e+05
3.916790000000000000e+05
