3.916910000000000000e+05
3.916930000000000000e+05
3.917110000000000000e+05
3.917170000000000000e+05
3.917330000000000000e+05
3.917390000000000000e+05
3.917510000000000000e+05
3.917530000000000000e+05
3.917570000000000000e+05
3.917890000000000000e+05
3.918010000000000000e+05
3.918170000000000000e+05
3.918230000000000000e+05
3.918470000000000000e+05
3.918610000000000000e+05
3.918730000000000000e+05
3.918790000000000000e+05
3.918890000000000000e+05
3.918910000000000000e+05
3.919030000000000000e+05
3.919070000000000000e+05
3.919210000000000000e+05
3.919390000000000000e+05
3.919610000000000000e+05
3.919670000000000000e+05
3.919870000000000000e+05
3.919990000000000000e+05
3.920110000000000000e+05
3.920330000000000000e+05
3.920530000000000000e+05
3.920590000000000000e+05
3.920690000000000000e+05
3.920870000000000000e+05
3.920990000000000000e+05
3.921010000000000000e+05
3.921110000000000000e+05
3.921130000000000000e+05
3.921310000000000000e+05
3.921430000000000000e+05
3.921490000000000000e+05
3.921530000000000000e+05
3.921590000000000000e+05
3.921770000000000000e+05
3.922010000000000000e+05
3.922090000000000000e+05
3.922130000000000000e+05
3.922210000000000000e+05
3.922330000000000000e+05
3.922390000000000000e+05
3.922510000000000000e+05
3.922610000000000000e+05
3.922630000000000000e+05
3.922670000000000000e+05
3.922690000000000000e+05
3.922790000000000000e+05
3.922810000000000000e+05
3.922970000000000000e+05
3.922990000000000000e+05
3.923210000000000000e+05
3.923330000000000000e+05
3.923390000000000000e+05
3.923470000000000000e+05
3.923510000000000000e+05
3.923630000000000000e+05
3.923830000000000000e+05
3.923890000000000000e+05
3.924230000000000000e+05
3.924370000000000000e+05
3.924430000000000000e+05
3.924670000000000000e+05
3.924730000000000000e+05
3.924770000000000000e+05
3.924890000000000000e+05
3.925030000000000000e+05
3.925190000000000000e+05
3.925310000000000000e+05
3.925430000000000000e+05
3.925490000000000000e+05
3.925690000000000000e+05
3.925930000000000000e+05
3.925990000000000000e+05
3.926110000000000000e+05
3.926290000000000000e+05
3.926470000000000000e+05
3.926630000000000000e+05
3.926690000000000000e+05
3.926990000000000000e+05
3.927230000000000000e+05
3.927370000000000000e+05
3.927410000000000000e+05
3.927590000000000000e+05
3.927610000000000000e+05
3.927670000000000000e+05
3.928030000000000000e+05
3.928070000000000000e+05
3.928090000000000000e+05
3.928270000000000000e+05
3.928310000000000000e+05
3.928370000000000000e+05
3.928490000000000000e+05
