3.940070000000000000e+05
3.940190000000000000e+05
3.940390000000000000e+05
3.940490000000000000e+05
3.940630000000000000e+05
3.940730000000000000e+05
3.940990000000000000e+05
3.941230000000000000e+05
3.941290000000000000e+05
3.941530000000000000e+05
3.941570000000000000e+05
3.941690000000000000e+05
3.941870000000000000e+05
3.942010000000000000e+05
3.942110000000000000e+05
3.942230000000000000e+05
3.942410000000000000e+05
3.942490000000000000e+05
3.942590000000000000e+05
3.942710000000000000e+05
3.942910000000000000e+05
3.943190000000000000e+05
3.943270000000000000e+05
3.943570000000000000e+05
3.943630000000000000e+05
3.943670000000000000e+05
3.943690000000000000e+05
3.943930000000000000e+05
3.944090000000000000e+05
3.944110000000000000e+05
3.944530000000000000e+05
3.944810000000000000e+05
3.944890000000000000e+05
3.945010000000000000e+05
3.945070000000000000e+05
3.945230000000000000e+05
3.945290000000000000e+05
3.945490000000000000e+05
3.945710000000000000e+05
3.945770000000000000e+05
3.945790000000000000e+05
3.946010000000000000e+05
3.946190000000000000e+05
3.946310000000000000e+05
3.946330000000000000e+05
3.946370000000000000e+05
3.946430000000000000e+05
3.946730000000000000e+05
3.946990000000000000e+05
3.947170000000000000e+05
3.947210000000000000e+05
3.947270000000000000e+05
3.947290000000000000e+05
3.947330000000000000e+05
3.947390000000000000e+05
3.947470000000000000e+05
3.947590000000000000e+05
3.947870000000000000e+05
3.948110000000000000e+05
3.948130000000000000e+05
3.948170000000000000e+05
3.948190000000000000e+05
3.948290000000000000e+05
3.948370000000000000e+05
3.948610000000000000e+05
3.948790000000000000e+05
3.948970000000000000e+05
3.949310000000000000e+05
3.949430000000000000e+05
3.949630000000000000e+05
3.949670000000000000e+05
3.949690000000000000e+05
3.949810000000000000e+05
3.949870000000000000e+05
3.949930000000000000e+05
3.950230000000000000e+05
3.950270000000000000e+05
3.950390000000000000e+05
3.950470000000000000e+05
3.950690000000000000e+05
3.950890000000000000e+05
3.950930000000000000e+05
3.951070000000000000e+05
3.951110000000000000e+05
3.951130000000000000e+05
3.951190000000000000e+05
3.951370000000000000e+05
3.951410000000000000e+05
3.951470000000000000e+05
3.951590000000000000e+05
3.951730000000000000e+05
3.951890000000000000e+05
3.951910000000000000e+05
3.952010000000000000e+05
3.952310000000000000e+05
3.952430000000000000e+05
3.952510000000000000e+05
3.952610000000000000e+05
3.952730000000000000e+05
3.952870000000000000e+05
