3.952930000000000000e+05
3.953030000000000000e+05
3.953090000000000000e+05
3.953210000000000000e+05
3.953230000000000000e+05
3.953770000000000000e+05
3.953830000000000000e+05
3.954070000000000000e+05
3.954290000000000000e+05
3.954310000000000000e+05
3.954430000000000000e+05
3.954490000000000000e+05
3.954530000000000000e+05
3.954590000000000000e+05
3.954910000000000000e+05
3.955090000000000000e+05
3.955130000000000000e+05
3.955330000000000000e+05
3.955370000000000000e+05
3.955430000000000000e+05
3.955810000000000000e+05
3.955970000000000000e+05
3.956110000000000000e+05
3.956210000000000000e+05
3.956270000000000000e+05
3.956570000000000000e+05
3.956710000000000000e+05
3.956770000000000000e+05
3.956870000000000000e+05
3.957010000000000000e+05
3.957190000000000000e+05
3.957370000000000000e+05
3.957410000000000000e+05
3.957490000000000000e+05
3.957670000000000000e+05
3.958030000000000000e+05
3.958490000000000000e+05
3.958510000000000000e+05
3.958730000000000000e+05
3.958870000000000000e+05
3.958910000000000000e+05
3.958970000000000000e+05
3.959090000000000000e+05
3.959210000000000000e+05
3.959530000000000000e+05
3.959590000000000000e+05
3.959710000000000000e+05
3.960010000000000000e+05
3.960290000000000000e+05
3.960310000000000000e+05
3.960410000000000000e+05
3.960430000000000000e+05
3.960610000000000000e+05
3.960790000000000000e+05
3.960910000000000000e+05
3.961030000000000000e+05
3.961070000000000000e+05
3.961190000000000000e+05
3.961570000000000000e+05
3.961730000000000000e+05
3.961810000000000000e+05
3.961970000000000000e+05
3.961990000000000000e+05
3.962030000000000000e+05
3.962170000000000000e+05
3.962390000000000000e+05
3.962470000000000000e+05
3.962590000000000000e+05
3.962690000000000000e+05
3.962930000000000000e+05
3.962990000000000000e+05
3.963010000000000000e+05
3.963110000000000000e+05
3.963230000000000000e+05
3.963490000000000000e+05
3.963530000000000000e+05
3.963730000000000000e+05
3.963770000000000000e+05
3.963790000000000000e+05
3.964130000000000000e+05
3.964270000000000000e+05
3.964370000000000000e+05
3.964430000000000000e+05
3.964490000000000000e+05
3.964790000000000000e+05
3.965090000000000000e+05
3.965230000000000000e+05
3.965270000000000000e+05
3.965330000000000000e+05
3.965410000000000000e+05
3.965470000000000000e+05
3.965630000000000000e+05
3.965770000000000000e+05
3.965810000000000000e+05
3.966010000000000000e+05
3.966190000000000000e+05
3.966230000000000000e+05
3.966290000000000000e+05
3.966310000000000000e+05
3.966370000000000000e+05
