3.966470000000000000e+05
3.966670000000000000e+05
3.966790000000000000e+05
3.967030000000000000e+05
3.967090000000000000e+05
3.967130000000000000e+05
3.967190000000000000e+05
3.967330000000000000e+05
3.968330000000000000e+05
3.968710000000000000e+05
3.968810000000000000e+05
3.968830000000000000e+05
3.968870000000000000e+05
3.969190000000000000e+05
3.969310000000000000e+05
3.969370000000000000e+05
3.969430000000000000e+05
3.969470000000000000e+05
3.969530000000000000e+05
3.969710000000000000e+05
3.969830000000000000e+05
3.969970000000000000e+05
3.970130000000000000e+05
3.970270000000000000e+05
3.970370000000000000e+05
3.970510000000000000e+05
3.970570000000000000e+05
3.970630000000000000e+05
3.970730000000000000e+05
3.970930000000000000e+05
3.970990000000000000e+05
3.971270000000000000e+05
3.971510000000000000e+05
3.971530000000000000e+05
3.971810000000000000e+05
3.971830000000000000e+05
3.972110000000000000e+05
3.972170000000000000e+05
3.972230000000000000e+05
3.972370000000000000e+05
3.972530000000000000e+05
3.972590000000000000e+05
3.972830000000000000e+05
3.972890000000000000e+05
3.972970000000000000e+05
3.973010000000000000e+05
3.973030000000000000e+05
3.973370000000000000e+05
3.973510000000000000e+05
3.973570000000000000e+05
3.973610000000000000e+05
3.973730000000000000e+05
3.973790000000000000e+05
3.974270000000000000e+05
3.974290000000000000e+05
3.974330000000000000e+05
3.974590000000000000e+05
3.974690000000000000e+05
3.974890000000000000e+05
3.974930000000000000e+05
3.975170000000000000e+05
3.975190000000000000e+05
3.975410000000000000e+05
3.975430000000000000e+05
3.975470000000000000e+05
3.975490000000000000e+05
3.975670000000000000e+05
3.975890000000000000e+05
3.975910000000000000e+05
3.975970000000000000e+05
3.976330000000000000e+05
3.976430000000000000e+05
3.976730000000000000e+05
3.976870000000000000e+05
3.976970000000000000e+05
3.977210000000000000e+05
3.977230000000000000e+05
3.977290000000000000e+05
3.977510000000000000e+05
3.977530000000000000e+05
3.977570000000000000e+05
3.977590000000000000e+05
3.977630000000000000e+05
3.977990000000000000e+05
3.978070000000000000e+05
3.978110000000000000e+05
3.978290000000000000e+05
3.978490000000000000e+05
3.978670000000000000e+05
3.978970000000000000e+05
3.979070000000000000e+05
3.979210000000000000e+05
3.979390000000000000e+05
3.979510000000000000e+05
3.979630000000000000e+05
3.979730000000000000e+05
3.979810000000000000e+05
3.980110000000000000e+05
3.980230000000000000e+05
3.980290000000000000e+05
