3.980330000000000000e+05
3.980390000000000000e+05
3.980530000000000000e+05
3.980590000000000000e+05
3.980630000000000000e+05
3.980770000000000000e+05
3.980870000000000000e+05
3.981130000000000000e+05
3.981170000000000000e+05
3.981190000000000000e+05
3.981290000000000000e+05
3.981430000000000000e+05
3.981490000000000000e+05
3.981710000000000000e+05
3.982070000000000000e+05
3.982130000000000000e+05
3.982190000000000000e+05
3.982270000000000000e+05
3.982490000000000000e+05
3.982610000000000000e+05
3.982670000000000000e+05
3.982730000000000000e+05
3.982870000000000000e+05
3.983030000000000000e+05
3.983110000000000000e+05
3.983230000000000000e+05
3.983390000000000000e+05
3.983410000000000000e+05
3.983470000000000000e+05
3.983530000000000000e+05
3.983570000000000000e+05
3.983690000000000000e+05
3.983930000000000000e+05
3.984070000000000000e+05
3.984170000000000000e+05
3.984230000000000000e+05
3.984410000000000000e+05
3.984590000000000000e+05
3.984670000000000000e+05
3.984710000000000000e+05
3.984730000000000000e+05
3.984770000000000000e+05
3.984910000000000000e+05
3.985090000000000000e+05
3.985390000000000000e+05
3.985430000000000000e+05
3.985490000000000000e+05
3.985570000000000000e+05
3.985690000000000000e+05
3.985810000000000000e+05
3.985910000000000000e+05
3.986090000000000000e+05
3.986110000000000000e+05
3.986210000000000000e+05
3.986270000000000000e+05
3.986690000000000000e+05
3.986810000000000000e+05
3.986830000000000000e+05
3.986930000000000000e+05
3.987110000000000000e+05
3.987290000000000000e+05
3.987310000000000000e+05
3.987590000000000000e+05
3.987710000000000000e+05
3.988130000000000000e+05
3.988190000000000000e+05
3.988210000000000000e+05
3.988330000000000000e+05
3.988570000000000000e+05
3.988630000000000000e+05
3.988870000000000000e+05
3.989030000000000000e+05
3.989170000000000000e+05
3.989210000000000000e+05
3.989330000000000000e+05
3.989410000000000000e+05
3.989690000000000000e+05
3.989770000000000000e+05
3.989890000000000000e+05
3.990230000000000000e+05
3.990310000000000000e+05
3.990430000000000000e+05
3.990590000000000000e+05
3.990670000000000000e+05
3.990710000000000000e+05
3.990790000000000000e+05
3.990970000000000000e+05
3.991010000000000000e+05
3.991070000000000000e+05
3.991310000000000000e+05
3.991370000000000000e+05
3.991490000000000000e+05
3.991510000000000000e+05
3.991630000000000000e+05
3.991730000000000000e+05
3.991810000000000000e+05
3.991970000000000000e+05
3.992210000000000000e+05
3.992270000000000000e+05
3.992390000000000000e+05
