4.005790000000000000e+05
4.005970000000000000e+05
4.006010000000000000e+05
4.006070000000000000e+05
4.006190000000000000e+05
4.006430000000000000e+05
4.006510000000000000e+05
4.006570000000000000e+05
4.006790000000000000e+05
4.006810000000000000e+05
4.007030000000000000e+05
4.007110000000000000e+05
4.007210000000000000e+05
4.007230000000000000e+05
4.007390000000000000e+05
4.007530000000000000e+05
4.007590000000000000e+05
4.008230000000000000e+05
4.008370000000000000e+05
4.008490000000000000e+05
4.008530000000000000e+05
4.008590000000000000e+05
4.008710000000000000e+05
4.009030000000000000e+05
4.009270000000000000e+05
4.009310000000000000e+05
4.009430000000000000e+05
4.009490000000000000e+05
4.009630000000000000e+05
4.009970000000000000e+05
4.010170000000000000e+05
4.010290000000000000e+05
4.010390000000000000e+05
4.010530000000000000e+05
4.010570000000000000e+05
4.010690000000000000e+05
4.010770000000000000e+05
4.010870000000000000e+05
4.011010000000000000e+05
4.011130000000000000e+05
4.011190000000000000e+05
4.011610000000000000e+05
4.011730000000000000e+05
4.011790000000000000e+05
4.012010000000000000e+05
4.012090000000000000e+05
4.012310000000000000e+05
4.012370000000000000e+05
4.012430000000000000e+05
4.012790000000000000e+05
4.012870000000000000e+05
4.013090000000000000e+05
4.013110000000000000e+05
4.013210000000000000e+05
4.013290000000000000e+05
4.013410000000000000e+05
4.013470000000000000e+05
4.013710000000000000e+05
4.013810000000000000e+05
4.013930000000000000e+05
4.014070000000000000e+05
4.014110000000000000e+05
4.014170000000000000e+05
4.014730000000000000e+05
4.014770000000000000e+05
4.015070000000000000e+05
4.015190000000000000e+05
4.015370000000000000e+05
4.015390000000000000e+05
4.015510000000000000e+05
4.015670000000000000e+05
4.015870000000000000e+05
4.015930000000000000e+05
4.016270000000000000e+05
4.016290000000000000e+05
4.016510000000000000e+05
4.016690000000000000e+05
4.016710000000000000e+05
4.016890000000000000e+05
4.017070000000000000e+05
4.017110000000000000e+05
4.017430000000000000e+05
4.017710000000000000e+05
4.017730000000000000e+05
4.018090000000000000e+05
4.018130000000000000e+05
4.018270000000000000e+05
4.018390000000000000e+05
4.018610000000000000e+05
4.018670000000000000e+05
4.018870000000000000e+05
4.019030000000000000e+05
4.019090000000000000e+05
4.019170000000000000e+05
4.019390000000000000e+05
4.019530000000000000e+05
4.019570000000000000e+05
4.019590000000000000e+05
4.019810000000000000e+05
4.019870000000000000e+05
