4.045570000000000000e+05
4.045970000000000000e+05
4.046710000000000000e+05
4.046930000000000000e+05
4.046990000000000000e+05
4.047130000000000000e+05
4.047730000000000000e+05
4.047790000000000000e+05
4.047830000000000000e+05
4.048190000000000000e+05
4.048270000000000000e+05
4.048370000000000000e+05
4.048430000000000000e+05
4.048490000000000000e+05
4.048510000000000000e+05
4.049410000000000000e+05
4.049510000000000000e+05
4.049590000000000000e+05
4.049690000000000000e+05
4.049770000000000000e+05
4.049810000000000000e+05
4.049830000000000000e+05
4.050010000000000000e+05
4.050110000000000000e+05
4.050290000000000000e+05
4.050370000000000000e+05
4.050470000000000000e+05
4.050490000000000000e+05
4.050710000000000000e+05
4.050730000000000000e+05
4.050890000000000000e+05
4.050910000000000000e+05
4.051430000000000000e+05
4.051570000000000000e+05
4.051790000000000000e+05
4.051990000000000000e+05
4.052110000000000000e+05
4.052210000000000000e+05
4.052270000000000000e+05
4.052390000000000000e+05
4.052410000000000000e+05
4.052470000000000000e+05
4.052530000000000000e+05
4.052690000000000000e+05
4.052770000000000000e+05
4.052870000000000000e+05
4.052990000000000000e+05
4.053230000000000000e+05
4.053410000000000000e+05
4.053430000000000000e+05
4.053470000000000000e+05
4.053730000000000000e+05
4.054010000000000000e+05
4.054070000000000000e+05
4.054130000000000000e+05
4.054370000000000000e+05
4.054390000000000000e+05
4.054730000000000000e+05
4.054870000000000000e+05
4.054910000000000000e+05
4.054970000000000000e+05
4.054990000000000000e+05
4.055210000000000000e+05
4.055270000000000000e+05
4.055290000000000000e+05
4.055410000000000000e+05
4.055530000000000000e+05
4.055770000000000000e+05
4.055990000000000000e+05
4.056070000000000000e+05
4.056110000000000000e+05
4.056410000000000000e+05
4.056590000000000000e+05
4.056670000000000000e+05
4.056770000000000000e+05
4.056790000000000000e+05
4.056830000000000000e+05
4.056890000000000000e+05
4.057010000000000000e+05
4.057030000000000000e+05
4.057090000000000000e+05
4.057190000000000000e+05
4.057310000000000000e+05
4.057490000000000000e+05
4.057630000000000000e+05
4.057670000000000000e+05
4.057810000000000000e+05
4.057990000000000000e+05
4.058170000000000000e+05
4.058270000000000000e+05
4.058290000000000000e+05
4.058570000000000000e+05
4.058630000000000000e+05
4.058690000000000000e+05
4.058710000000000000e+05
4.058930000000000000e+05
4.059010000000000000e+05
4.059170000000000000e+05
4.059470000000000000e+05
4.059490000000000000e+05
