4.086230000000000000e+05
4.086310000000000000e+05
4.086370000000000000e+05
4.086430000000000000e+05
4.086590000000000000e+05
4.086770000000000000e+05
4.086890000000000000e+05
4.086910000000000000e+05
4.087010000000000000e+05
4.087030000000000000e+05
4.087130000000000000e+05
4.087190000000000000e+05
4.087430000000000000e+05
4.087630000000000000e+05
4.087690000000000000e+05
4.087730000000000000e+05
4.087870000000000000e+05
4.088030000000000000e+05
4.088090000000000000e+05
4.088170000000000000e+05
4.088410000000000000e+05
4.088570000000000000e+05
4.088690000000000000e+05
4.089110000000000000e+05
4.089130000000000000e+05
4.089230000000000000e+05
4.089430000000000000e+05
4.089530000000000000e+05
4.089590000000000000e+05
4.089710000000000000e+05
4.089790000000000000e+05
4.089970000000000000e+05
4.090070000000000000e+05
4.090210000000000000e+05
4.090270000000000000e+05
4.090330000000000000e+05
4.090430000000000000e+05
4.090630000000000000e+05
4.090690000000000000e+05
4.090810000000000000e+05
4.090990000000000000e+05
4.091210000000000000e+05
4.091530000000000000e+05
4.091630000000000000e+05
4.091770000000000000e+05
4.091870000000000000e+05
4.092170000000000000e+05
4.092370000000000000e+05
4.092590000000000000e+05
4.092610000000000000e+05
4.092670000000000000e+05
4.092710000000000000e+05
4.092890000000000000e+05
4.092910000000000000e+05
4.093270000000000000e+05
4.093330000000000000e+05
4.093370000000000000e+05
4.093490000000000000e+05
4.093510000000000000e+05
4.093690000000000000e+05
4.093790000000000000e+05
4.093910000000000000e+05
4.093970000000000000e+05
4.094290000000000000e+05
4.094330000000000000e+05
4.094410000000000000e+05
4.094630000000000000e+05
4.094710000000000000e+05
4.094770000000000000e+05
4.094830000000000000e+05
4.094990000000000000e+05
4.095170000000000000e+05
4.095230000000000000e+05
4.095290000000000000e+05
4.095430000000000000e+05
4.095730000000000000e+05
4.095790000000000000e+05
4.095890000000000000e+05
4.095970000000000000e+05
4.096090000000000000e+05
4.096390000000000000e+05
4.096570000000000000e+05
4.096910000000000000e+05
4.096930000000000000e+05
4.097090000000000000e+05
4.097110000000000000e+05
4.097230000000000000e+05
4.097290000000000000e+05
4.097330000000000000e+05
4.097530000000000000e+05
4.097690000000000000e+05
4.097770000000000000e+05
4.097810000000000000e+05
4.098130000000000000e+05
4.098170000000000000e+05
4.098230000000000000e+05
4.098310000000000000e+05
4.098410000000000000e+05
4.098610000000000000e+05
4.098670000000000000e+05
