4.123330000000000000e+05
4.123390000000000000e+05
4.123430000000000000e+05
4.123870000000000000e+05
4.123970000000000000e+05
4.124110000000000000e+05
4.124570000000000000e+05
4.124630000000000000e+05
4.124810000000000000e+05
4.124870000000000000e+05
4.124930000000000000e+05
4.125370000000000000e+05
4.125610000000000000e+05
4.125670000000000000e+05
4.125710000000000000e+05
4.125890000000000000e+05
4.125910000000000000e+05
4.126030000000000000e+05
4.126090000000000000e+05
4.126190000000000000e+05
4.126270000000000000e+05
4.126370000000000000e+05
4.126390000000000000e+05
4.126510000000000000e+05
4.126630000000000000e+05
4.126670000000000000e+05
4.127170000000000000e+05
4.127390000000000000e+05
4.127710000000000000e+05
4.127930000000000000e+05
4.128070000000000000e+05
4.128310000000000000e+05
4.128490000000000000e+05
4.128590000000000000e+05
4.128910000000000000e+05
4.129010000000000000e+05
4.129030000000000000e+05
4.129390000000000000e+05
4.129430000000000000e+05
4.129490000000000000e+05
4.129670000000000000e+05
4.129870000000000000e+05
4.130090000000000000e+05
4.130270000000000000e+05
4.130330000000000000e+05
4.130530000000000000e+05
4.130690000000000000e+05
4.130710000000000000e+05
4.130810000000000000e+05
4.130870000000000000e+05
4.130890000000000000e+05
4.130930000000000000e+05
4.131110000000000000e+05
4.131130000000000000e+05
4.131290000000000000e+05
4.131410000000000000e+05
4.131430000000000000e+05
4.131590000000000000e+05
4.131670000000000000e+05
4.131830000000000000e+05
4.131970000000000000e+05
4.132010000000000000e+05
4.132070000000000000e+05
4.132330000000000000e+05
4.132430000000000000e+05
4.132510000000000000e+05
4.132630000000000000e+05
4.132670000000000000e+05
4.132930000000000000e+05
4.132990000000000000e+05
4.133530000000000000e+05
4.134110000000000000e+05
4.134170000000000000e+05
4.134290000000000000e+05
4.134430000000000000e+05
4.134610000000000000e+05
4.134770000000000000e+05
4.135210000000000000e+05
4.135270000000000000e+05
4.135330000000000000e+05
4.135370000000000000e+05
4.135510000000000000e+05
4.135570000000000000e+05
4.135790000000000000e+05
4.135870000000000000e+05
4.135970000000000000e+05
4.136290000000000000e+05
4.136530000000000000e+05
4.136810000000000000e+05
4.136830000000000000e+05
4.136890000000000000e+05
4.137110000000000000e+05
4.137130000000000000e+05
4.137190000000000000e+05
4.137370000000000000e+05
4.137530000000000000e+05
4.137590000000000000e+05
4.137790000000000000e+05
4.137830000000000000e+05
4.138070000000000000e+05
