4.138270000000000000e+05
4.138490000000000000e+05
4.138630000000000000e+05
4.138670000000000000e+05
4.138690000000000000e+05
4.138790000000000000e+05
4.138870000000000000e+05
4.139110000000000000e+05
4.139230000000000000e+05
4.139510000000000000e+05
4.139810000000000000e+05
4.140130000000000000e+05
4.140170000000000000e+05
4.140190000000000000e+05
4.140310000000000000e+05
4.140490000000000000e+05
4.140530000000000000e+05
4.140610000000000000e+05
4.140770000000000000e+05
4.140830000000000000e+05
4.140970000000000000e+05
4.141010000000000000e+05
4.141070000000000000e+05
4.141090000000000000e+05
4.141310000000000000e+05
4.141570000000000000e+05
4.141790000000000000e+05
4.141990000000000000e+05
4.142030000000000000e+05
4.142090000000000000e+05
4.142170000000000000e+05
4.142210000000000000e+05
4.142410000000000000e+05
4.142590000000000000e+05
4.142690000000000000e+05
4.142770000000000000e+05
4.142830000000000000e+05
4.143110000000000000e+05
4.143130000000000000e+05
4.143290000000000000e+05
4.143310000000000000e+05
4.143470000000000000e+05
4.143610000000000000e+05
4.143670000000000000e+05
4.143830000000000000e+05
4.143890000000000000e+05
4.143970000000000000e+05
4.144130000000000000e+05
4.144310000000000000e+05
4.144330000000000000e+05
4.144510000000000000e+05
4.144570000000000000e+05
4.144610000000000000e+05
4.144670000000000000e+05
4.144870000000000000e+05
4.145030000000000000e+05
4.145210000000000000e+05
4.145390000000000000e+05
4.145530000000000000e+05
4.145590000000000000e+05
4.145710000000000000e+05
4.145770000000000000e+05
4.146070000000000000e+05
4.146110000000000000e+05
4.146290000000000000e+05
4.146410000000000000e+05
4.146430000000000000e+05
4.146530000000000000e+05
4.146770000000000000e+05
4.146790000000000000e+05
4.146830000000000000e+05
4.146910000000000000e+05
4.146970000000000000e+05
4.147030000000000000e+05
4.147070000000000000e+05
4.147090000000000000e+05
4.147210000000000000e+05
4.147310000000000000e+05
4.147370000000000000e+05
4.147630000000000000e+05
4.147670000000000000e+05
4.147690000000000000e+05
4.147730000000000000e+05
4.147790000000000000e+05
4.147930000000000000e+05
4.148030000000000000e+05
4.148090000000000000e+05
4.148330000000000000e+05
4.148570000000000000e+05
4.148710000000000000e+05
4.148890000000000000e+05
4.148930000000000000e+05
4.148990000000000000e+05
4.149130000000000000e+05
4.149230000000000000e+05
4.149290000000000000e+05
4.149490000000000000e+05
4.149590000000000000e+05
4.149710000000000000e+05
4.149770000000000000e+05
