4.176430000000000000e+05
4.176490000000000000e+05
4.176710000000000000e+05
4.176910000000000000e+05
4.177190000000000000e+05
4.177210000000000000e+05
4.177270000000000000e+05
4.177310000000000000e+05
4.177330000000000000e+05
4.177370000000000000e+05
4.177510000000000000e+05
4.177630000000000000e+05
4.177730000000000000e+05
4.177930000000000000e+05
4.178110000000000000e+05
4.178210000000000000e+05
4.178390000000000000e+05
4.178630000000000000e+05
4.178690000000000000e+05
4.178810000000000000e+05
4.178830000000000000e+05
4.178990000000000000e+05
4.179310000000000000e+05
4.179410000000000000e+05
4.179470000000000000e+05
4.179530000000000000e+05
4.179590000000000000e+05
4.179610000000000000e+05
4.179830000000000000e+05
4.179970000000000000e+05
4.180070000000000000e+05
4.180090000000000000e+05
4.180270000000000000e+05
4.180310000000000000e+05
4.180430000000000000e+05
4.180510000000000000e+05
4.180690000000000000e+05
4.180730000000000000e+05
4.180790000000000000e+05
4.180870000000000000e+05
4.181090000000000000e+05
4.181290000000000000e+05
4.181570000000000000e+05
4.181690000000000000e+05
4.181770000000000000e+05
4.181810000000000000e+05
4.181890000000000000e+05
4.181990000000000000e+05
4.182070000000000000e+05
4.182190000000000000e+05
4.182590000000000000e+05
4.182730000000000000e+05
4.182790000000000000e+05
4.182890000000000000e+05
4.183030000000000000e+05
4.183210000000000000e+05
4.183310000000000000e+05
4.183370000000000000e+05
4.183390000000000000e+05
4.183430000000000000e+05
4.183490000000000000e+05
4.183510000000000000e+05
4.183570000000000000e+05
4.183730000000000000e+05
4.183810000000000000e+05
4.183910000000000000e+05
4.184230000000000000e+05
4.184270000000000000e+05
4.184470000000000000e+05
4.184590000000000000e+05
4.184710000000000000e+05
4.184930000000000000e+05
4.185110000000000000e+05
4.185530000000000000e+05
4.185590000000000000e+05
4.185970000000000000e+05
4.186010000000000000e+05
4.186030000000000000e+05
4.186310000000000000e+05
4.186330000000000000e+05
4.186370000000000000e+05
4.186570000000000000e+05
4.186670000000000000e+05
4.186990000000000000e+05
4.187090000000000000e+05
4.187210000000000000e+05
4.187390000000000000e+05
4.187510000000000000e+05
4.187630000000000000e+05
4.187710000000000000e+05
4.187830000000000000e+05
4.187870000000000000e+05
4.187930000000000000e+05
4.187990000000000000e+05
4.188110000000000000e+05
4.188130000000000000e+05
4.188190000000000000e+05
4.188370000000000000e+05
4.188430000000000000e+05
4.188490000000000000e+05
