4.201910000000000000e+05
4.201930000000000000e+05
4.202210000000000000e+05
4.202410000000000000e+05
4.202530000000000000e+05
4.202630000000000000e+05
4.202690000000000000e+05
4.202710000000000000e+05
4.202930000000000000e+05
4.203070000000000000e+05
4.203130000000000000e+05
4.203170000000000000e+05
4.203190000000000000e+05
4.203230000000000000e+05
4.203310000000000000e+05
4.203410000000000000e+05
4.203490000000000000e+05
4.203530000000000000e+05
4.203610000000000000e+05
4.203670000000000000e+05
4.203830000000000000e+05
4.203970000000000000e+05
4.204190000000000000e+05
4.204210000000000000e+05
4.204390000000000000e+05
4.204570000000000000e+05
4.204670000000000000e+05
4.204790000000000000e+05
4.204810000000000000e+05
4.204990000000000000e+05
4.205030000000000000e+05
4.205210000000000000e+05
4.205510000000000000e+05
4.205570000000000000e+05
4.205690000000000000e+05
4.205710000000000000e+05
4.205930000000000000e+05
4.205990000000000000e+05
4.206130000000000000e+05
4.206710000000000000e+05
4.206770000000000000e+05
4.206830000000000000e+05
4.206910000000000000e+05
4.207310000000000000e+05
4.207370000000000000e+05
4.207430000000000000e+05
4.207570000000000000e+05
4.207690000000000000e+05
4.207790000000000000e+05
4.207810000000000000e+05
4.207990000000000000e+05
4.208030000000000000e+05
4.208090000000000000e+05
4.208110000000000000e+05
4.208510000000000000e+05
4.208530000000000000e+05
4.208570000000000000e+05
4.208590000000000000e+05
4.208990000000000000e+05
4.209190000000000000e+05
4.209290000000000000e+05
4.209410000000000000e+05
4.209670000000000000e+05
4.209770000000000000e+05
4.209970000000000000e+05
4.210090000000000000e+05
4.210190000000000000e+05
4.210330000000000000e+05
4.210370000000000000e+05
4.210490000000000000e+05
4.210790000000000000e+05
4.210810000000000000e+05
4.210930000000000000e+05
4.211030000000000000e+05
4.211210000000000000e+05
4.211230000000000000e+05
4.211330000000000000e+05
4.211470000000000000e+05
4.211590000000000000e+05
4.211630000000000000e+05
4.211770000000000000e+05
4.211810000000000000e+05
4.211890000000000000e+05
4.212070000000000000e+05
4.212410000000000000e+05
4.212730000000000000e+05
4.212790000000000000e+05
4.213030000000000000e+05
4.213130000000000000e+05
4.213310000000000000e+05
4.213390000000000000e+05
4.213490000000000000e+05
4.213610000000000000e+05
4.213810000000000000e+05
4.213970000000000000e+05
4.214090000000000000e+05
4.214170000000000000e+05
4.214230000000000000e+05
4.214330000000000000e+05
4.214530000000000000e+05
