4.214590000000000000e+05
4.214690000000000000e+05
4.214710000000000000e+05
4.214830000000000000e+05
4.214930000000000000e+05
4.215010000000000000e+05
4.215170000000000000e+05
4.215590000000000000e+05
4.216070000000000000e+05
4.216090000000000000e+05
4.216210000000000000e+05
4.216330000000000000e+05
4.216390000000000000e+05
4.216430000000000000e+05
4.216570000000000000e+05
4.216610000000000000e+05
4.216910000000000000e+05
4.216970000000000000e+05
4.216990000000000000e+05
4.217030000000000000e+05
4.217090000000000000e+05
4.217110000000000000e+05
4.217170000000000000e+05
4.217270000000000000e+05
4.217390000000000000e+05
4.217410000000000000e+05
4.217830000000000000e+05
4.218010000000000000e+05
4.218070000000000000e+05
4.218310000000000000e+05
4.218470000000000000e+05
4.218910000000000000e+05
4.219070000000000000e+05
4.219130000000000000e+05
4.219430000000000000e+05
4.219730000000000000e+05
4.219870000000000000e+05
4.219970000000000000e+05
4.220290000000000000e+05
4.220410000000000000e+05
4.220570000000000000e+05
4.220630000000000000e+05
4.220690000000000000e+05
4.220770000000000000e+05
4.220830000000000000e+05
4.220870000000000000e+05
4.220890000000000000e+05
4.220990000000000000e+05
4.221010000000000000e+05
4.221110000000000000e+05
4.221130000000000000e+05
4.221290000000000000e+05
4.221370000000000000e+05
4.221410000000000000e+05
4.221830000000000000e+05
4.222030000000000000e+05
4.222090000000000000e+05
4.222310000000000000e+05
4.222390000000000000e+05
4.222430000000000000e+05
4.222490000000000000e+05
4.222670000000000000e+05
4.222870000000000000e+05
4.222910000000000000e+05
4.223090000000000000e+05
4.223110000000000000e+05
4.223210000000000000e+05
4.223390000000000000e+05
4.223530000000000000e+05
4.223630000000000000e+05
4.223690000000000000e+05
4.223770000000000000e+05
4.223930000000000000e+05
4.224070000000000000e+05
4.224310000000000000e+05
4.224530000000000000e+05
4.224590000000000000e+05
4.224790000000000000e+05
4.225370000000000000e+05
4.225490000000000000e+05
4.225510000000000000e+05
4.225570000000000000e+05
4.225630000000000000e+05
4.225670000000000000e+05
4.225730000000000000e+05
4.225810000000000000e+05
4.226210000000000000e+05
4.226270000000000000e+05
4.226570000000000000e+05
4.226890000000000000e+05
4.227010000000000000e+05
4.227070000000000000e+05
4.227110000000000000e+05
4.227490000000000000e+05
4.227530000000000000e+05
4.227590000000000000e+05
4.227610000000000000e+05
4.227890000000000000e+05
4.227970000000000000e+05
4.228030000000000000e+05
