4.228270000000000000e+05
4.228570000000000000e+05
4.228610000000000000e+05
4.228670000000000000e+05
4.228690000000000000e+05
4.228790000000000000e+05
4.228810000000000000e+05
4.228930000000000000e+05
4.228970000000000000e+05
4.228990000000000000e+05
4.229110000000000000e+05
4.229230000000000000e+05
4.229270000000000000e+05
4.229690000000000000e+05
4.229870000000000000e+05
4.230010000000000000e+05
4.230130000000000000e+05
4.230190000000000000e+05
4.230430000000000000e+05
4.230530000000000000e+05
4.230610000000000000e+05
4.230670000000000000e+05
4.230830000000000000e+05
4.230910000000000000e+05
4.230970000000000000e+05
4.231030000000000000e+05
4.231090000000000000e+05
4.231210000000000000e+05
4.231270000000000000e+05
4.231330000000000000e+05
4.231730000000000000e+05
4.231790000000000000e+05
4.231910000000000000e+05
4.232090000000000000e+05
4.232210000000000000e+05
4.232290000000000000e+05
4.232330000000000000e+05
4.232510000000000000e+05
4.232570000000000000e+05
4.232590000000000000e+05
4.232770000000000000e+05
4.232810000000000000e+05
4.232870000000000000e+05
4.232890000000000000e+05
4.232990000000000000e+05
4.233070000000000000e+05
4.233230000000000000e+05
4.233410000000000000e+05
4.233470000000000000e+05
4.233890000000000000e+05
4.234030000000000000e+05
4.234130000000000000e+05
4.234270000000000000e+05
4.234310000000000000e+05
4.234390000000000000e+05
4.234570000000000000e+05
4.234610000000000000e+05
4.234630000000000000e+05
4.234690000000000000e+05
4.234810000000000000e+05
4.234970000000000000e+05
4.235030000000000000e+05
4.235090000000000000e+05
4.235410000000000000e+05
4.235470000000000000e+05
4.235570000000000000e+05
4.235590000000000000e+05
4.235810000000000000e+05
4.235870000000000000e+05
4.236010000000000000e+05
4.236170000000000000e+05
4.236490000000000000e+05
4.236670000000000000e+05
4.236970000000000000e+05
4.237070000000000000e+05
4.237130000000000000e+05
4.237270000000000000e+05
4.237490000000000000e+05
4.237510000000000000e+05
4.237630000000000000e+05
4.237690000000000000e+05
4.237790000000000000e+05
4.237810000000000000e+05
4.237910000000000000e+05
4.238030000000000000e+05
4.238230000000000000e+05
4.238470000000000000e+05
4.238530000000000000e+05
4.238590000000000000e+05
4.238690000000000000e+05
4.238830000000000000e+05
4.238870000000000000e+05
4.239310000000000000e+05
4.239490000000000000e+05
4.239610000000000000e+05
4.239770000000000000e+05
4.239890000000000000e+05
4.239910000000000000e+05
4.240010000000000000e+05
4.240030000000000000e+05
