4.240070000000000000e+05
4.240190000000000000e+05
4.240270000000000000e+05
4.240370000000000000e+05
4.240790000000000000e+05
4.240910000000000000e+05
4.240930000000000000e+05
4.241030000000000000e+05
4.241170000000000000e+05
4.241210000000000000e+05
4.241290000000000000e+05
4.241390000000000000e+05
4.241470000000000000e+05
4.241570000000000000e+05
4.241630000000000000e+05
4.241690000000000000e+05
4.241870000000000000e+05
4.241990000000000000e+05
4.242230000000000000e+05
4.242310000000000000e+05
4.242430000000000000e+05
4.242470000000000000e+05
4.242610000000000000e+05
4.242670000000000000e+05
4.242710000000000000e+05
4.242730000000000000e+05
4.243130000000000000e+05
4.243310000000000000e+05
4.243390000000000000e+05
4.243430000000000000e+05
4.243510000000000000e+05
4.243970000000000000e+05
4.244230000000000000e+05
4.244290000000000000e+05
4.244330000000000000e+05
4.244510000000000000e+05
4.244710000000000000e+05
4.244810000000000000e+05
4.244930000000000000e+05
4.245190000000000000e+05
4.245370000000000000e+05
4.245470000000000000e+05
4.245490000000000000e+05
4.245590000000000000e+05
4.245730000000000000e+05
4.245770000000000000e+05
4.245970000000000000e+05
4.246010000000000000e+05
4.246390000000000000e+05
4.246610000000000000e+05
4.246670000000000000e+05
4.246790000000000000e+05
4.246870000000000000e+05
4.246930000000000000e+05
4.247090000000000000e+05
4.247270000000000000e+05
4.247290000000000000e+05
4.247570000000000000e+05
4.247690000000000000e+05
4.247710000000000000e+05
4.247770000000000000e+05
4.248110000000000000e+05
4.248170000000000000e+05
4.248190000000000000e+05
4.248290000000000000e+05
4.248410000000000000e+05
4.248430000000000000e+05
4.248490000000000000e+05
4.248610000000000000e+05
4.248670000000000000e+05
4.248890000000000000e+05
4.248910000000000000e+05
4.249030000000000000e+05
4.249090000000000000e+05
4.249130000000000000e+05
4.249390000000000000e+05
4.249610000000000000e+05
4.249670000000000000e+05
4.249970000000000000e+05
4.250030000000000000e+05
4.250270000000000000e+05
4.250390000000000000e+05
4.250570000000000000e+05
4.250590000000000000e+05
4.250710000000000000e+05
4.250830000000000000e+05
4.251010000000000000e+05
4.251070000000000000e+05
4.251230000000000000e+05
4.251470000000000000e+05
4.251490000000000000e+05
4.251890000000000000e+05
4.251970000000000000e+05
4.252070000000000000e+05
4.252330000000000000e+05
4.252370000000000000e+05
4.252510000000000000e+05
4.252730000000000000e+05
4.252790000000000000e+05
4.252810000000000000e+05
