4.252910000000000000e+05
4.252970000000000000e+05
4.253090000000000000e+05
4.253170000000000000e+05
4.253290000000000000e+05
4.253330000000000000e+05
4.253630000000000000e+05
4.253770000000000000e+05
4.253870000000000000e+05
4.253930000000000000e+05
4.254170000000000000e+05
4.254190000000000000e+05
4.254230000000000000e+05
4.254410000000000000e+05
4.254430000000000000e+05
4.254710000000000000e+05
4.254730000000000000e+05
4.254890000000000000e+05
4.255010000000000000e+05
4.255190000000000000e+05
4.255210000000000000e+05
4.255330000000000000e+05
4.255490000000000000e+05
4.255630000000000000e+05
4.255910000000000000e+05
4.256030000000000000e+05
4.256090000000000000e+05
4.256410000000000000e+05
4.256530000000000000e+05
4.256810000000000000e+05
4.257010000000000000e+05
4.257130000000000000e+05
4.257790000000000000e+05
4.257830000000000000e+05
4.257910000000000000e+05
4.258010000000000000e+05
4.258130000000000000e+05
4.258190000000000000e+05
4.258370000000000000e+05
4.258390000000000000e+05
4.258510000000000000e+05
4.258570000000000000e+05
4.258610000000000000e+05
4.258690000000000000e+05
4.258790000000000000e+05
4.258990000000000000e+05
4.259030000000000000e+05
4.259110000000000000e+05
4.259390000000000000e+05
4.259590000000000000e+05
4.259770000000000000e+05
4.259870000000000000e+05
4.259890000000000000e+05
4.260070000000000000e+05
4.260110000000000000e+05
4.260610000000000000e+05
4.260730000000000000e+05
4.260770000000000000e+05
4.260890000000000000e+05
4.260910000000000000e+05
4.261030000000000000e+05
4.261310000000000000e+05
4.261610000000000000e+05
4.261630000000000000e+05
4.261930000000000000e+05
4.261970000000000000e+05
4.262110000000000000e+05
4.262290000000000000e+05
4.262330000000000000e+05
4.262530000000000000e+05
4.262870000000000000e+05
4.263010000000000000e+05
4.263110000000000000e+05
4.263190000000000000e+05
4.263310000000000000e+05
4.263530000000000000e+05
4.263830000000000000e+05
4.263890000000000000e+05
4.264010000000000000e+05
4.264070000000000000e+05
4.264210000000000000e+05
4.264270000000000000e+05
4.264690000000000000e+05
4.264870000000000000e+05
4.265270000000000000e+05
4.265410000000000000e+05
4.265510000000000000e+05
4.265530000000000000e+05
4.265630000000000000e+05
4.265830000000000000e+05
4.266110000000000000e+05
4.266310000000000000e+05
4.266370000000000000e+05
4.266410000000000000e+05
4.266610000000000000e+05
4.266910000000000000e+05
4.266970000000000000e+05
4.267070000000000000e+05
4.267090000000000000e+05
4.267310000000000000e+05
