4.267370000000000000e+05
4.267390000000000000e+05
4.267430000000000000e+05
4.267570000000000000e+05
4.267610000000000000e+05
4.267630000000000000e+05
4.267730000000000000e+05
4.267790000000000000e+05
4.267870000000000000e+05
4.267990000000000000e+05
4.268410000000000000e+05
4.268590000000000000e+05
4.268630000000000000e+05
4.268710000000000000e+05
4.268890000000000000e+05
4.268930000000000000e+05
4.269130000000000000e+05
4.269170000000000000e+05
4.269190000000000000e+05
4.269310000000000000e+05
4.269410000000000000e+05
4.269710000000000000e+05
4.269730000000000000e+05
4.269970000000000000e+05
4.270010000000000000e+05
4.270130000000000000e+05
4.270390000000000000e+05
4.270430000000000000e+05
4.270670000000000000e+05
4.270690000000000000e+05
4.270730000000000000e+05
4.270790000000000000e+05
4.270810000000000000e+05
4.271030000000000000e+05
4.271170000000000000e+05
4.271510000000000000e+05
4.271690000000000000e+05
4.271810000000000000e+05
4.272130000000000000e+05
4.272370000000000000e+05
4.272410000000000000e+05
4.272430000000000000e+05
4.272470000000000000e+05
4.272490000000000000e+05
4.272790000000000000e+05
4.272830000000000000e+05
4.273070000000000000e+05
4.273090000000000000e+05
4.273270000000000000e+05
4.273330000000000000e+05
4.273510000000000000e+05
4.273690000000000000e+05
4.273790000000000000e+05
4.273810000000000000e+05
4.274030000000000000e+05
4.274170000000000000e+05
4.274210000000000000e+05
4.274230000000000000e+05
4.274290000000000000e+05
4.274330000000000000e+05
4.274390000000000000e+05
4.274470000000000000e+05
4.274510000000000000e+05
4.274570000000000000e+05
4.274770000000000000e+05
4.275130000000000000e+05
4.275170000000000000e+05
4.275230000000000000e+05
4.275290000000000000e+05
4.275410000000000000e+05
4.275790000000000000e+05
4.275910000000000000e+05
4.275970000000000000e+05
4.276190000000000000e+05
4.276210000000000000e+05
4.276810000000000000e+05
4.277110000000000000e+05
4.277170000000000000e+05
4.277230000000000000e+05
4.277270000000000000e+05
4.277330000000000000e+05
4.277510000000000000e+05
4.277810000000000000e+05
4.277870000000000000e+05
4.277890000000000000e+05
4.278130000000000000e+05
4.278490000000000000e+05
4.278590000000000000e+05
4.278770000000000000e+05
4.278790000000000000e+05
4.278830000000000000e+05
4.279130000000000000e+05
4.279190000000000000e+05
4.279390000000000000e+05
4.279490000000000000e+05
4.279510000000000000e+05
4.279570000000000000e+05
4.279670000000000000e+05
4.279690000000000000e+05
4.279910000000000000e+05
