4.293670000000000000e+05
4.293890000000000000e+05
4.293970000000000000e+05
4.294090000000000000e+05
4.294130000000000000e+05
4.294270000000000000e+05
4.294310000000000000e+05
4.294490000000000000e+05
4.294630000000000000e+05
4.294670000000000000e+05
4.294690000000000000e+05
4.294870000000000000e+05
4.294970000000000000e+05
4.295030000000000000e+05
4.295090000000000000e+05
4.295110000000000000e+05
4.295210000000000000e+05
4.295290000000000000e+05
4.295470000000000000e+05
4.295510000000000000e+05
4.295630000000000000e+05
4.295810000000000000e+05
4.295870000000000000e+05
4.295890000000000000e+05
4.295990000000000000e+05
4.296310000000000000e+05
4.296430000000000000e+05
4.296590000000000000e+05
4.296610000000000000e+05
4.296730000000000000e+05
4.296770000000000000e+05
4.296790000000000000e+05
4.296830000000000000e+05
4.297010000000000000e+05
4.297190000000000000e+05
4.297270000000000000e+05
4.297310000000000000e+05
4.297330000000000000e+05
4.297730000000000000e+05
4.297910000000000000e+05
4.297970000000000000e+05
4.298170000000000000e+05
4.298230000000000000e+05
4.298270000000000000e+05
4.298510000000000000e+05
4.298530000000000000e+05
4.298810000000000000e+05
4.298870000000000000e+05
4.298890000000000000e+05
4.298990000000000000e+05
4.299010000000000000e+05
4.299070000000000000e+05
4.299110000000000000e+05
4.299170000000000000e+05
4.299290000000000000e+05
4.299310000000000000e+05
4.299370000000000000e+05
4.299430000000000000e+05
4.299530000000000000e+05
4.299710000000000000e+05
4.299730000000000000e+05
4.299910000000000000e+05
4.300070000000000000e+05
4.300090000000000000e+05
4.300130000000000000e+05
4.300190000000000000e+05
4.300570000000000000e+05
4.300610000000000000e+05
4.300810000000000000e+05
4.300910000000000000e+05
4.300930000000000000e+05
4.301210000000000000e+05
4.301390000000000000e+05
4.301470000000000000e+05
4.301930000000000000e+05
4.302590000000000000e+05
4.302670000000000000e+05
4.302770000000000000e+05
4.302790000000000000e+05
4.302890000000000000e+05
4.303030000000000000e+05
4.303190000000000000e+05
4.303330000000000000e+05
4.303430000000000000e+05
4.303570000000000000e+05
4.303930000000000000e+05
4.304110000000000000e+05
4.304270000000000000e+05
4.304330000000000000e+05
4.304530000000000000e+05
4.304870000000000000e+05
4.304990000000000000e+05
4.305110000000000000e+05
4.305130000000000000e+05
4.305170000000000000e+05
4.305430000000000000e+05
4.305530000000000000e+05
4.305710000000000000e+05
4.305790000000000000e+05
4.305890000000000000e+05
