4.306010000000000000e+05
4.306030000000000000e+05
4.306490000000000000e+05
4.306630000000000000e+05
4.306910000000000000e+05
4.306970000000000000e+05
4.306990000000000000e+05
4.307090000000000000e+05
4.307230000000000000e+05
4.307390000000000000e+05
4.307410000000000000e+05
4.307470000000000000e+05
4.307510000000000000e+05
4.307530000000000000e+05
4.307690000000000000e+05
4.307830000000000000e+05
4.307890000000000000e+05
4.307990000000000000e+05
4.308110000000000000e+05
4.308190000000000000e+05
4.308230000000000000e+05
4.308410000000000000e+05
4.308470000000000000e+05
4.308610000000000000e+05
4.308730000000000000e+05
4.308790000000000000e+05
4.308830000000000000e+05
4.308910000000000000e+05
4.308970000000000000e+05
4.309070000000000000e+05
4.309090000000000000e+05
4.309210000000000000e+05
4.309490000000000000e+05
4.309570000000000000e+05
4.309790000000000000e+05
4.309810000000000000e+05
4.309870000000000000e+05
4.309990000000000000e+05
4.310170000000000000e+05
4.310210000000000000e+05
4.310290000000000000e+05
4.310470000000000000e+05
4.310510000000000000e+05
4.310630000000000000e+05
4.310770000000000000e+05
4.310830000000000000e+05
4.310990000000000000e+05
4.311070000000000000e+05
4.311410000000000000e+05
4.311470000000000000e+05
4.311530000000000000e+05
4.311730000000000000e+05
4.311910000000000000e+05
4.312030000000000000e+05
4.312130000000000000e+05
4.312190000000000000e+05
4.312370000000000000e+05
4.312510000000000000e+05
4.312570000000000000e+05
4.312670000000000000e+05
4.312690000000000000e+05
4.312870000000000000e+05
4.312970000000000000e+05
4.313110000000000000e+05
4.313290000000000000e+05
4.313390000000000000e+05
4.313630000000000000e+05
4.313690000000000000e+05
4.313770000000000000e+05
4.313810000000000000e+05
4.313990000000000000e+05
4.314230000000000000e+05
4.314290000000000000e+05
4.314410000000000000e+05
4.314470000000000000e+05
4.314490000000000000e+05
4.314790000000000000e+05
4.315130000000000000e+05
4.315210000000000000e+05
4.315330000000000000e+05
4.315670000000000000e+05
4.315810000000000000e+05
4.315970000000000000e+05
4.316030000000000000e+05
4.316110000000000000e+05
4.316170000000000000e+05
4.316210000000000000e+05
4.316570000000000000e+05
4.316590000000000000e+05
4.316630000000000000e+05
4.316710000000000000e+05
4.316930000000000000e+05
4.317070000000000000e+05
4.317290000000000000e+05
4.317310000000000000e+05
4.317590000000000000e+05
4.317770000000000000e+05
4.317970000000000000e+05
4.318010000000000000e+05
4.318030000000000000e+05
