4.367270000000000000e+05
4.367290000000000000e+05
4.367390000000000000e+05
4.367410000000000000e+05
4.367570000000000000e+05
4.368010000000000000e+05
4.368110000000000000e+05
4.368190000000000000e+05
4.368310000000000000e+05
4.368410000000000000e+05
4.368530000000000000e+05
4.368710000000000000e+05
4.368890000000000000e+05
4.369130000000000000e+05
4.369570000000000000e+05
4.369630000000000000e+05
4.369670000000000000e+05
4.369730000000000000e+05
4.369790000000000000e+05
4.369930000000000000e+05
4.369990000000000000e+05
4.370110000000000000e+05
4.370330000000000000e+05
4.370710000000000000e+05
4.370770000000000000e+05
4.370830000000000000e+05
4.370930000000000000e+05
4.371110000000000000e+05
4.371130000000000000e+05
4.371370000000000000e+05
4.371410000000000000e+05
4.371490000000000000e+05
4.371530000000000000e+05
4.371590000000000000e+05
4.371910000000000000e+05
4.372010000000000000e+05
4.372190000000000000e+05
4.372370000000000000e+05
4.372430000000000000e+05
4.372630000000000000e+05
4.372730000000000000e+05
4.372790000000000000e+05
4.372870000000000000e+05
4.372930000000000000e+05
4.373210000000000000e+05
4.373510000000000000e+05
4.373570000000000000e+05
4.373630000000000000e+05
4.373870000000000000e+05
4.373890000000000000e+05
4.374010000000000000e+05
4.374130000000000000e+05
4.374670000000000000e+05
4.374710000000000000e+05
4.374730000000000000e+05
4.374970000000000000e+05
4.375010000000000000e+05
4.375090000000000000e+05
4.375190000000000000e+05
4.375270000000000000e+05
4.375330000000000000e+05
4.375390000000000000e+05
4.375430000000000000e+05
4.375570000000000000e+05
4.375870000000000000e+05
4.376290000000000000e+05
4.376410000000000000e+05
4.376510000000000000e+05
4.376530000000000000e+05
4.376770000000000000e+05
4.376810000000000000e+05
4.376870000000000000e+05
4.376930000000000000e+05
4.377190000000000000e+05
4.377290000000000000e+05
4.377430000000000000e+05
4.377530000000000000e+05
4.377710000000000000e+05
4.378090000000000000e+05
4.378190000000000000e+05
4.378370000000000000e+05
4.378490000000000000e+05
4.378610000000000000e+05
4.378670000000000000e+05
4.378810000000000000e+05
4.379090000000000000e+05
4.379230000000000000e+05
4.379470000000000000e+05
4.379530000000000000e+05
4.379590000000000000e+05
4.379770000000000000e+05
4.380010000000000000e+05
4.380170000000000000e+05
4.380290000000000000e+05
4.380470000000000000e+05
4.380490000000000000e+05
4.380910000000000000e+05
4.381310000000000000e+05
4.381330000000000000e+05
4.381430000000000000e+05
