4.381690000000000000e+05
4.382030000000000000e+05
4.382110000000000000e+05
4.382230000000000000e+05
4.382330000000000000e+05
4.382410000000000000e+05
4.382530000000000000e+05
4.382590000000000000e+05
4.382710000000000000e+05
4.382810000000000000e+05
4.382870000000000000e+05
4.383010000000000000e+05
4.383130000000000000e+05
4.383290000000000000e+05
4.383410000000000000e+05
4.383770000000000000e+05
4.383910000000000000e+05
4.384010000000000000e+05
4.384090000000000000e+05
4.384190000000000000e+05
4.384390000000000000e+05
4.384430000000000000e+05
4.384670000000000000e+05
4.384790000000000000e+05
4.384990000000000000e+05
4.385170000000000000e+05
4.385210000000000000e+05
4.385230000000000000e+05
4.385270000000000000e+05
4.385330000000000000e+05
4.385510000000000000e+05
4.385690000000000000e+05
4.385890000000000000e+05
4.386010000000000000e+05
4.386110000000000000e+05
4.386230000000000000e+05
4.386310000000000000e+05
4.386370000000000000e+05
4.386610000000000000e+05
4.386670000000000000e+05
4.386710000000000000e+05
4.387010000000000000e+05
4.387070000000000000e+05
4.387210000000000000e+05
4.387330000000000000e+05
4.387610000000000000e+05
4.387690000000000000e+05
4.387930000000000000e+05
4.388270000000000000e+05
4.388290000000000000e+05
4.388330000000000000e+05
4.388470000000000000e+05
4.388530000000000000e+05
4.388690000000000000e+05
4.388770000000000000e+05
4.388870000000000000e+05
4.388990000000000000e+05
4.389130000000000000e+05
4.389370000000000000e+05
4.389410000000000000e+05
4.389530000000000000e+05
4.389610000000000000e+05
4.389670000000000000e+05
4.389790000000000000e+05
4.389830000000000000e+05
4.389890000000000000e+05
4.390070000000000000e+05
4.390090000000000000e+05
4.390630000000000000e+05
4.390810000000000000e+05
4.391230000000000000e+05
4.391330000000000000e+05
4.391410000000000000e+05
4.391570000000000000e+05
4.391630000000000000e+05
4.391710000000000000e+05
4.391830000000000000e+05
4.391990000000000000e+05
4.392170000000000000e+05
4.392530000000000000e+05
4.392730000000000000e+05
4.392790000000000000e+05
4.392890000000000000e+05
4.393030000000000000e+05
4.393390000000000000e+05
4.393490000000000000e+05
4.393570000000000000e+05
4.393670000000000000e+05
4.393810000000000000e+05
4.394090000000000000e+05
4.394210000000000000e+05
4.394270000000000000e+05
4.394290000000000000e+05
4.394410000000000000e+05
4.394590000000000000e+05
4.394630000000000000e+05
4.394710000000000000e+05
4.394930000000000000e+05
4.395110000000000000e+05
4.395190000000000000e+05
