4.407310000000000000e+05
4.407530000000000000e+05
4.407610000000000000e+05
4.407730000000000000e+05
4.408070000000000000e+05
4.408090000000000000e+05
4.408210000000000000e+05
4.408310000000000000e+05
4.408490000000000000e+05
4.408630000000000000e+05
4.408930000000000000e+05
4.409030000000000000e+05
4.409110000000000000e+05
4.409390000000000000e+05
4.409410000000000000e+05
4.409530000000000000e+05
4.409590000000000000e+05
4.409830000000000000e+05
4.409870000000000000e+05
4.409890000000000000e+05
4.410110000000000000e+05
4.410290000000000000e+05
4.410410000000000000e+05
4.410430000000000000e+05
4.410530000000000000e+05
4.410730000000000000e+05
4.410790000000000000e+05
4.411010000000000000e+05
4.411070000000000000e+05
4.411090000000000000e+05
4.411130000000000000e+05
4.411210000000000000e+05
4.411270000000000000e+05
4.411570000000000000e+05
4.411690000000000000e+05
4.411790000000000000e+05
4.411870000000000000e+05
4.411910000000000000e+05
4.411930000000000000e+05
4.412290000000000000e+05
4.412470000000000000e+05
4.412510000000000000e+05
4.412570000000000000e+05
4.412630000000000000e+05
4.412810000000000000e+05
4.413070000000000000e+05
4.413190000000000000e+05
4.413490000000000000e+05
4.413590000000000000e+05
4.413610000000000000e+05
4.414030000000000000e+05
4.414210000000000000e+05
4.414430000000000000e+05
4.414490000000000000e+05
4.414610000000000000e+05
4.414790000000000000e+05
4.414990000000000000e+05
4.415170000000000000e+05
4.415230000000000000e+05
4.415270000000000000e+05
4.415470000000000000e+05
4.415570000000000000e+05
4.415630000000000000e+05
4.415690000000000000e+05
4.415870000000000000e+05
4.416070000000000000e+05
4.416130000000000000e+05
4.416190000000000000e+05
4.416310000000000000e+05
4.416470000000000000e+05
4.416670000000000000e+05
4.416970000000000000e+05
4.417030000000000000e+05
4.417130000000000000e+05
4.417370000000000000e+05
4.417510000000000000e+05
4.417870000000000000e+05
4.417970000000000000e+05
4.417990000000000000e+05
4.418110000000000000e+05
4.418270000000000000e+05
4.418290000000000000e+05
4.418390000000000000e+05
4.418410000000000000e+05
4.418770000000000000e+05
4.418870000000000000e+05
4.419070000000000000e+05
4.419130000000000000e+05
4.419230000000000000e+05
4.419370000000000000e+05
4.419530000000000000e+05
4.419710000000000000e+05
4.420030000000000000e+05
4.420070000000000000e+05
4.420090000000000000e+05
4.420190000000000000e+05
4.420270000000000000e+05
4.420310000000000000e+05
4.420330000000000000e+05
4.420610000000000000e+05
