4.432370000000000000e+05
4.432430000000000000e+05
4.432490000000000000e+05
4.432630000000000000e+05
4.432730000000000000e+05
4.432810000000000000e+05
4.432910000000000000e+05
4.432930000000000000e+05
4.433410000000000000e+05
4.433470000000000000e+05
4.433530000000000000e+05
4.433630000000000000e+05
4.433690000000000000e+05
4.433890000000000000e+05
4.434070000000000000e+05
4.434130000000000000e+05
4.434190000000000000e+05
4.434230000000000000e+05
4.434310000000000000e+05
4.434370000000000000e+05
4.434530000000000000e+05
4.434670000000000000e+05
4.434890000000000000e+05
4.435010000000000000e+05
4.435330000000000000e+05
4.435430000000000000e+05
4.435510000000000000e+05
4.435610000000000000e+05
4.435630000000000000e+05
4.435670000000000000e+05
4.435870000000000000e+05
4.435910000000000000e+05
4.436030000000000000e+05
4.436090000000000000e+05
4.436290000000000000e+05
4.436590000000000000e+05
4.436870000000000000e+05
4.436890000000000000e+05
4.437010000000000000e+05
4.437110000000000000e+05
4.437310000000000000e+05
4.437490000000000000e+05
4.437530000000000000e+05
4.437590000000000000e+05
4.437610000000000000e+05
4.437710000000000000e+05
4.437770000000000000e+05
4.437910000000000000e+05
4.438370000000000000e+05
4.438510000000000000e+05
4.438670000000000000e+05
4.438690000000000000e+05
4.438730000000000000e+05
4.438790000000000000e+05
4.438810000000000000e+05
4.438930000000000000e+05
4.438990000000000000e+05
4.439090000000000000e+05
4.439170000000000000e+05
4.439390000000000000e+05
4.439410000000000000e+05
4.439530000000000000e+05
4.439830000000000000e+05
4.439870000000000000e+05
4.439990000000000000e+05
4.440010000000000000e+05
4.440070000000000000e+05
4.440290000000000000e+05
4.440430000000000000e+05
4.440470000000000000e+05
4.440790000000000000e+05
4.440890000000000000e+05
4.441090000000000000e+05
4.441130000000000000e+05
4.441210000000000000e+05
4.441270000000000000e+05
4.441310000000000000e+05
4.441510000000000000e+05
4.441670000000000000e+05
4.441730000000000000e+05
4.441790000000000000e+05
4.441810000000000000e+05
4.441870000000000000e+05
4.442090000000000000e+05
4.442530000000000000e+05
4.442710000000000000e+05
4.442810000000000000e+05
4.442870000000000000e+05
4.442890000000000000e+05
4.442930000000000000e+05
4.443070000000000000e+05
4.443410000000000000e+05
4.443430000000000000e+05
4.443470000000000000e+05
4.443490000000000000e+05
4.444010000000000000e+05
4.444030000000000000e+05
4.444210000000000000e+05
4.444430000000000000e+05
4.444490000000000000e+05
