4.457890000000000000e+05
4.457990000000000000e+05
4.458070000000000000e+05
4.458290000000000000e+05
4.458470000000000000e+05
4.458530000000000000e+05
4.458710000000000000e+05
4.458770000000000000e+05
4.458830000000000000e+05
4.458910000000000000e+05
4.459310000000000000e+05
4.459370000000000000e+05
4.459430000000000000e+05
4.459670000000000000e+05
4.459690000000000000e+05
4.460030000000000000e+05
4.460090000000000000e+05
4.460410000000000000e+05
4.460530000000000000e+05
4.460810000000000000e+05
4.460870000000000000e+05
4.461110000000000000e+05
4.461230000000000000e+05
4.461290000000000000e+05
4.461410000000000000e+05
4.461790000000000000e+05
4.461890000000000000e+05
4.461910000000000000e+05
4.461970000000000000e+05
4.462210000000000000e+05
4.462270000000000000e+05
4.462310000000000000e+05
4.462610000000000000e+05
4.462630000000000000e+05
4.462730000000000000e+05
4.462790000000000000e+05
4.462930000000000000e+05
4.463090000000000000e+05
4.463230000000000000e+05
4.463330000000000000e+05
4.463530000000000000e+05
4.463630000000000000e+05
4.463870000000000000e+05
4.463890000000000000e+05
4.463990000000000000e+05
4.464010000000000000e+05
4.464170000000000000e+05
4.464410000000000000e+05
4.464470000000000000e+05
4.464610000000000000e+05
4.464730000000000000e+05
4.464770000000000000e+05
4.465030000000000000e+05
4.465330000000000000e+05
4.465490000000000000e+05
4.465610000000000000e+05
4.465690000000000000e+05
4.465970000000000000e+05
4.466030000000000000e+05
4.466090000000000000e+05
4.466470000000000000e+05
4.466570000000000000e+05
4.467130000000000000e+05
4.467170000000000000e+05
4.467310000000000000e+05
4.467530000000000000e+05
4.467590000000000000e+05
4.467670000000000000e+05
4.467730000000000000e+05
4.468190000000000000e+05
4.468270000000000000e+05
4.468390000000000000e+05
4.468630000000000000e+05
4.468810000000000000e+05
4.468910000000000000e+05
4.468930000000000000e+05
4.469090000000000000e+05
4.469110000000000000e+05
4.469210000000000000e+05
4.469330000000000000e+05
4.469510000000000000e+05
4.469690000000000000e+05
4.469830000000000000e+05
4.470010000000000000e+05
4.470110000000000000e+05
4.470190000000000000e+05
4.470530000000000000e+05
4.470670000000000000e+05
4.470790000000000000e+05
4.471010000000000000e+05
4.471070000000000000e+05
4.471190000000000000e+05
4.471330000000000000e+05
4.471370000000000000e+05
4.471730000000000000e+05
4.471790000000000000e+05
4.471930000000000000e+05
4.471970000000000000e+05
4.472110000000000000e+05
4.472170000000000000e+05
