4.472210000000000000e+05
4.472330000000000000e+05
4.472470000000000000e+05
4.472570000000000000e+05
4.472590000000000000e+05
4.472630000000000000e+05
4.473110000000000000e+05
4.473190000000000000e+05
4.473230000000000000e+05
4.473310000000000000e+05
4.473530000000000000e+05
4.474010000000000000e+05
4.474090000000000000e+05
4.474270000000000000e+05
4.474390000000000000e+05
4.474430000000000000e+05
4.474490000000000000e+05
4.474510000000000000e+05
4.474630000000000000e+05
4.474670000000000000e+05
4.474810000000000000e+05
4.475090000000000000e+05
4.475210000000000000e+05
4.475270000000000000e+05
4.475410000000000000e+05
4.475690000000000000e+05
4.475710000000000000e+05
4.476110000000000000e+05
4.476170000000000000e+05
4.476370000000000000e+05
4.476410000000000000e+05
4.476770000000000000e+05
4.476830000000000000e+05
4.477010000000000000e+05
4.477030000000000000e+05
4.477430000000000000e+05
4.477490000000000000e+05
4.477570000000000000e+05
4.477790000000000000e+05
4.477910000000000000e+05
4.477930000000000000e+05
4.478170000000000000e+05
4.478230000000000000e+05
4.478270000000000000e+05
4.478290000000000000e+05
4.478410000000000000e+05
4.478590000000000000e+05
4.478770000000000000e+05
4.478830000000000000e+05
4.478930000000000000e+05
4.479010000000000000e+05
4.479070000000000000e+05
4.479430000000000000e+05
4.479610000000000000e+05
4.479830000000000000e+05
4.479910000000000000e+05
4.480030000000000000e+05
4.480130000000000000e+05
4.480270000000000000e+05
4.480310000000000000e+05
4.480570000000000000e+05
4.480670000000000000e+05
4.480730000000000000e+05
4.480930000000000000e+05
4.481110000000000000e+05
4.481210000000000000e+05
4.481390000000000000e+05
4.481410000000000000e+05
4.481570000000000000e+05
4.481590000000000000e+05
4.481690000000000000e+05
4.481770000000000000e+05
4.481870000000000000e+05
4.481930000000000000e+05
4.481990000000000000e+05
4.482070000000000000e+05
4.482410000000000000e+05
4.482490000000000000e+05
4.483030000000000000e+05
4.483090000000000000e+05
4.483130000000000000e+05
4.483210000000000000e+05
4.483510000000000000e+05
4.483630000000000000e+05
4.483670000000000000e+05
4.483730000000000000e+05
4.483790000000000000e+05
4.483870000000000000e+05
4.483970000000000000e+05
4.484210000000000000e+05
4.484510000000000000e+05
4.485190000000000000e+05
4.485310000000000000e+05
4.485610000000000000e+05
4.485970000000000000e+05
4.486070000000000000e+05
4.486270000000000000e+05
4.486310000000000000e+05
4.486330000000000000e+05
4.486670000000000000e+05
