4.486870000000000000e+05
4.486970000000000000e+05
4.487030000000000000e+05
4.487270000000000000e+05
4.487330000000000000e+05
4.487410000000000000e+05
4.487690000000000000e+05
4.487930000000000000e+05
4.488010000000000000e+05
4.488070000000000000e+05
4.488290000000000000e+05
4.488430000000000000e+05
4.488530000000000000e+05
4.488590000000000000e+05
4.488670000000000000e+05
4.488710000000000000e+05
4.488730000000000000e+05
4.488790000000000000e+05
4.488830000000000000e+05
4.489070000000000000e+05
4.489270000000000000e+05
4.489390000000000000e+05
4.489690000000000000e+05
4.489930000000000000e+05
4.489970000000000000e+05
4.489990000000000000e+05
4.490030000000000000e+05
4.490110000000000000e+05
4.490510000000000000e+05
4.490770000000000000e+05
4.490830000000000000e+05
4.490930000000000000e+05
4.491070000000000000e+05
4.491170000000000000e+05
4.491290000000000000e+05
4.491310000000000000e+05
4.491490000000000000e+05
4.491530000000000000e+05
4.491610000000000000e+05
4.491710000000000000e+05
4.491730000000000000e+05
4.492010000000000000e+05
4.492030000000000000e+05
4.492090000000000000e+05
4.492270000000000000e+05
4.492430000000000000e+05
4.492490000000000000e+05
4.492610000000000000e+05
4.492630000000000000e+05
4.492690000000000000e+05
4.492870000000000000e+05
4.492990000000000000e+05
4.493030000000000000e+05
4.493110000000000000e+05
4.493210000000000000e+05
4.493330000000000000e+05
4.493470000000000000e+05
4.493530000000000000e+05
4.493630000000000000e+05
4.493810000000000000e+05
4.493990000000000000e+05
4.494110000000000000e+05
4.494170000000000000e+05
4.494190000000000000e+05
4.494370000000000000e+05
4.494410000000000000e+05
4.494590000000000000e+05
4.494730000000000000e+05
4.495430000000000000e+05
4.495490000000000000e+05
4.495570000000000000e+05
4.495630000000000000e+05
4.495670000000000000e+05
4.495690000000000000e+05
4.495910000000000000e+05
4.496090000000000000e+05
4.496210000000000000e+05
4.496290000000000000e+05
4.496530000000000000e+05
4.496630000000000000e+05
4.496710000000000000e+05
4.496770000000000000e+05
4.496810000000000000e+05
4.496890000000000000e+05
4.496930000000000000e+05
4.496990000000000000e+05
4.497410000000000000e+05
4.497590000000000000e+05
4.497670000000000000e+05
4.497730000000000000e+05
4.497830000000000000e+05
4.497970000000000000e+05
4.498070000000000000e+05
4.498210000000000000e+05
4.498330000000000000e+05
4.498510000000000000e+05
4.498790000000000000e+05
4.499210000000000000e+05
4.499290000000000000e+05
4.499410000000000000e+05
