4.499510000000000000e+05
4.499590000000000000e+05
4.499630000000000000e+05
4.499710000000000000e+05
4.499870000000000000e+05
4.499890000000000000e+05
4.500010000000000000e+05
4.500110000000000000e+05
4.500190000000000000e+05
4.500290000000000000e+05
4.500670000000000000e+05
4.500710000000000000e+05
4.500770000000000000e+05
4.500830000000000000e+05
4.501010000000000000e+05
4.501030000000000000e+05
4.501130000000000000e+05
4.501270000000000000e+05
4.501370000000000000e+05
4.501610000000000000e+05
4.501690000000000000e+05
4.501930000000000000e+05
4.501990000000000000e+05
4.502090000000000000e+05
4.502170000000000000e+05
4.502230000000000000e+05
4.502270000000000000e+05
4.502390000000000000e+05
4.502570000000000000e+05
4.502590000000000000e+05
4.502770000000000000e+05
4.502870000000000000e+05
4.502930000000000000e+05
4.502990000000000000e+05
4.503010000000000000e+05
4.503110000000000000e+05
4.503430000000000000e+05
4.503490000000000000e+05
4.503610000000000000e+05
4.503670000000000000e+05
4.503770000000000000e+05
4.503830000000000000e+05
4.503910000000000000e+05
4.504030000000000000e+05
4.504130000000000000e+05
4.504210000000000000e+05
4.504310000000000000e+05
4.504510000000000000e+05
4.504730000000000000e+05
4.504790000000000000e+05
4.504810000000000000e+05
4.504870000000000000e+05
4.504930000000000000e+05
4.505030000000000000e+05
4.505290000000000000e+05
4.505330000000000000e+05
4.505570000000000000e+05
4.505630000000000000e+05
4.505810000000000000e+05
4.505870000000000000e+05
4.505990000000000000e+05
4.506010000000000000e+05
4.506170000000000000e+05
4.506410000000000000e+05
4.506430000000000000e+05
4.506490000000000000e+05
4.506770000000000000e+05
4.506910000000000000e+05
4.507070000000000000e+05
4.507190000000000000e+05
4.507270000000000000e+05
4.507610000000000000e+05
4.507670000000000000e+05
4.507870000000000000e+05
4.507970000000000000e+05
4.507990000000000000e+05
4.508030000000000000e+05
4.508090000000000000e+05
4.508110000000000000e+05
4.508170000000000000e+05
4.508290000000000000e+05
4.508390000000000000e+05
4.508410000000000000e+05
4.508470000000000000e+05
4.508590000000000000e+05
4.508810000000000000e+05
4.508830000000000000e+05
4.508870000000000000e+05
4.508930000000000000e+05
4.508990000000000000e+05
4.509130000000000000e+05
4.509170000000000000e+05
4.509290000000000000e+05
4.509430000000000000e+05
4.509490000000000000e+05
4.509710000000000000e+05
4.509910000000000000e+05
4.509970000000000000e+05
4.510130000000000000e+05
4.510390000000000000e+05
