4.510510000000000000e+05
4.510570000000000000e+05
4.510690000000000000e+05
4.510930000000000000e+05
4.510970000000000000e+05
4.511030000000000000e+05
4.511090000000000000e+05
4.511590000000000000e+05
4.511770000000000000e+05
4.511810000000000000e+05
4.511830000000000000e+05
4.512010000000000000e+05
4.512070000000000000e+05
4.512490000000000000e+05
4.512770000000000000e+05
4.512790000000000000e+05
4.513010000000000000e+05
4.513030000000000000e+05
4.513090000000000000e+05
4.513130000000000000e+05
4.513310000000000000e+05
4.513370000000000000e+05
4.513430000000000000e+05
4.513610000000000000e+05
4.513870000000000000e+05
4.513970000000000000e+05
4.514110000000000000e+05
4.514390000000000000e+05
4.514410000000000000e+05
4.514810000000000000e+05
4.514990000000000000e+05
4.515190000000000000e+05
4.515230000000000000e+05
4.515410000000000000e+05
4.515470000000000000e+05
4.515530000000000000e+05
4.515790000000000000e+05
4.516010000000000000e+05
4.516090000000000000e+05
4.516210000000000000e+05
4.516370000000000000e+05
4.516570000000000000e+05
4.516630000000000000e+05
4.516670000000000000e+05
4.516690000000000000e+05
4.516790000000000000e+05
4.516810000000000000e+05
4.516910000000000000e+05
4.516990000000000000e+05
4.517090000000000000e+05
4.517230000000000000e+05
4.517470000000000000e+05
4.517530000000000000e+05
4.517710000000000000e+05
4.517830000000000000e+05
4.517930000000000000e+05
4.517990000000000000e+05
4.518230000000000000e+05
4.518310000000000000e+05
4.518370000000000000e+05
4.518590000000000000e+05
4.518730000000000000e+05
4.518790000000000000e+05
4.518970000000000000e+05
4.519010000000000000e+05
4.519030000000000000e+05
4.519090000000000000e+05
4.519210000000000000e+05
4.519330000000000000e+05
4.519370000000000000e+05
4.519390000000000000e+05
4.519610000000000000e+05
4.519670000000000000e+05
4.519870000000000000e+05
4.520090000000000000e+05
4.520170000000000000e+05
4.520270000000000000e+05
4.520330000000000000e+05
4.520410000000000000e+05
4.520770000000000000e+05
4.520830000000000000e+05
4.520870000000000000e+05
4.521310000000000000e+05
4.521590000000000000e+05
4.521610000000000000e+05
4.521710000000000000e+05
4.521910000000000000e+05
4.522010000000000000e+05
4.522130000000000000e+05
4.522270000000000000e+05
4.522330000000000000e+05
4.522390000000000000e+05
4.522690000000000000e+05
4.522790000000000000e+05
4.522930000000000000e+05
4.522970000000000000e+05
4.523290000000000000e+05
4.523630000000000000e+05
4.523770000000000000e+05
4.523930000000000000e+05
