4.539070000000000000e+05
4.539130000000000000e+05
4.539230000000000000e+05
4.539310000000000000e+05
4.539490000000000000e+05
4.539610000000000000e+05
4.539770000000000000e+05
4.539830000000000000e+05
4.539910000000000000e+05
4.540090000000000000e+05
4.540210000000000000e+05
4.540310000000000000e+05
4.540330000000000000e+05
4.540390000000000000e+05
4.540610000000000000e+05
4.540630000000000000e+05
4.540790000000000000e+05
4.541090000000000000e+05
4.541410000000000000e+05
4.541510000000000000e+05
4.541590000000000000e+05
4.541830000000000000e+05
4.541990000000000000e+05
4.542110000000000000e+05
4.542130000000000000e+05
4.542190000000000000e+05
4.542290000000000000e+05
4.542310000000000000e+05
4.542470000000000000e+05
4.542530000000000000e+05
4.542770000000000000e+05
4.542970000000000000e+05
4.543030000000000000e+05
4.543130000000000000e+05
4.543310000000000000e+05
4.543510000000000000e+05
4.543570000000000000e+05
4.543610000000000000e+05
4.543790000000000000e+05
4.543870000000000000e+05
4.544090000000000000e+05
4.544170000000000000e+05
4.544510000000000000e+05
4.544530000000000000e+05
4.544830000000000000e+05
4.545010000000000000e+05
4.545070000000000000e+05
4.545130000000000000e+05
4.545410000000000000e+05
4.545430000000000000e+05
4.545470000000000000e+05
4.545770000000000000e+05
4.545790000000000000e+05
4.546030000000000000e+05
4.546090000000000000e+05
4.546270000000000000e+05
4.546370000000000000e+05
4.546730000000000000e+05
4.546790000000000000e+05
4.547090000000000000e+05
4.547110000000000000e+05
4.547210000000000000e+05
4.547230000000000000e+05
4.547590000000000000e+05
4.547630000000000000e+05
4.547770000000000000e+05
4.547990000000000000e+05
4.548230000000000000e+05
4.548430000000000000e+05
4.548470000000000000e+05
4.548490000000000000e+05
4.548590000000000000e+05
4.548890000000000000e+05
4.548910000000000000e+05
4.549070000000000000e+05
4.549190000000000000e+05
4.549210000000000000e+05
4.549310000000000000e+05
4.549430000000000000e+05
4.549670000000000000e+05
4.549690000000000000e+05
4.549730000000000000e+05
4.549910000000000000e+05
4.550030000000000000e+05
4.550110000000000000e+05
4.550330000000000000e+05
4.550470000000000000e+05
4.550530000000000000e+05
4.550930000000000000e+05
4.550990000000000000e+05
4.551230000000000000e+05
4.551490000000000000e+05
4.551590000000000000e+05
4.551670000000000000e+05
4.551710000000000000e+05
4.551770000000000000e+05
4.552010000000000000e+05
4.552190000000000000e+05
4.552270000000000000e+05
4.552330000000000000e+05
