4.565290000000000000e+05
4.565390000000000000e+05
4.565530000000000000e+05
4.565570000000000000e+05
4.565590000000000000e+05
4.565710000000000000e+05
4.565810000000000000e+05
4.565870000000000000e+05
4.566070000000000000e+05
4.566110000000000000e+05
4.566130000000000000e+05
4.566230000000000000e+05
4.566410000000000000e+05
4.566470000000000000e+05
4.566490000000000000e+05
4.566530000000000000e+05
4.566790000000000000e+05
4.566830000000000000e+05
4.566970000000000000e+05
4.567270000000000000e+05
4.567370000000000000e+05
4.567630000000000000e+05
4.567670000000000000e+05
4.567690000000000000e+05
4.567910000000000000e+05
4.568090000000000000e+05
4.568110000000000000e+05
4.568210000000000000e+05
4.568710000000000000e+05
4.568770000000000000e+05
4.568810000000000000e+05
4.568990000000000000e+05
4.569010000000000000e+05
4.569230000000000000e+05
4.569490000000000000e+05
4.569590000000000000e+05
4.569790000000000000e+05
4.569910000000000000e+05
4.570010000000000000e+05
4.570030000000000000e+05
4.570130000000000000e+05
4.570210000000000000e+05
4.570430000000000000e+05
4.570490000000000000e+05
4.570570000000000000e+05
4.570870000000000000e+05
4.570910000000000000e+05
4.570970000000000000e+05
4.570990000000000000e+05
4.571170000000000000e+05
4.571390000000000000e+05
4.571510000000000000e+05
4.571530000000000000e+05
4.571830000000000000e+05
4.571890000000000000e+05
4.572010000000000000e+05
4.572130000000000000e+05
4.572290000000000000e+05
4.572410000000000000e+05
4.572530000000000000e+05
4.572670000000000000e+05
4.572710000000000000e+05
4.572770000000000000e+05
4.572790000000000000e+05
4.573070000000000000e+05
4.573190000000000000e+05
4.573330000000000000e+05
4.573390000000000000e+05
4.573630000000000000e+05
4.573670000000000000e+05
4.573810000000000000e+05
4.573930000000000000e+05
4.573970000000000000e+05
4.573990000000000000e+05
4.574030000000000000e+05
4.574110000000000000e+05
4.574210000000000000e+05
4.574330000000000000e+05
4.574590000000000000e+05
4.574690000000000000e+05
4.575070000000000000e+05
4.575110000000000000e+05
4.575170000000000000e+05
4.575470000000000000e+05
4.575530000000000000e+05
4.575590000000000000e+05
4.575710000000000000e+05
4.576070000000000000e+05
4.576090000000000000e+05
4.576210000000000000e+05
4.576430000000000000e+05
4.576510000000000000e+05
4.576610000000000000e+05
4.576690000000000000e+05
4.576730000000000000e+05
4.576790000000000000e+05
4.576870000000000000e+05
4.576970000000000000e+05
4.577110000000000000e+05
4.577390000000000000e+05
