4.591270000000000000e+05
4.591670000000000000e+05
4.591690000000000000e+05
4.591810000000000000e+05
4.592090000000000000e+05
4.592230000000000000e+05
4.592290000000000000e+05
4.592330000000000000e+05
4.592570000000000000e+05
4.592710000000000000e+05
4.592930000000000000e+05
4.593010000000000000e+05
4.593130000000000000e+05
4.593170000000000000e+05
4.593370000000000000e+05
4.593410000000000000e+05
4.593430000000000000e+05
4.593530000000000000e+05
4.593730000000000000e+05
4.593770000000000000e+05
4.593830000000000000e+05
4.593970000000000000e+05
4.594210000000000000e+05
4.594270000000000000e+05
4.594430000000000000e+05
4.594630000000000000e+05
4.594670000000000000e+05
4.594690000000000000e+05
4.594790000000000000e+05
4.595090000000000000e+05
4.595210000000000000e+05
4.595230000000000000e+05
4.595930000000000000e+05
4.596070000000000000e+05
4.596110000000000000e+05
4.596190000000000000e+05
4.596230000000000000e+05
4.596310000000000000e+05
4.596470000000000000e+05
4.596490000000000000e+05
4.596710000000000000e+05
4.596770000000000000e+05
4.596910000000000000e+05
4.597030000000000000e+05
4.597490000000000000e+05
4.597630000000000000e+05
4.597910000000000000e+05
4.598030000000000000e+05
4.598170000000000000e+05
4.598290000000000000e+05
4.598410000000000000e+05
4.598470000000000000e+05
4.598830000000000000e+05
4.599130000000000000e+05
4.599230000000000000e+05
4.599290000000000000e+05
4.599370000000000000e+05
4.599610000000000000e+05
4.600130000000000000e+05
4.600390000000000000e+05
4.600510000000000000e+05
4.600630000000000000e+05
4.600730000000000000e+05
4.600790000000000000e+05
4.600810000000000000e+05
4.600870000000000000e+05
4.600910000000000000e+05
4.600990000000000000e+05
4.601110000000000000e+05
4.601270000000000000e+05
4.601470000000000000e+05
4.601570000000000000e+05
4.601710000000000000e+05
4.601810000000000000e+05
4.601890000000000000e+05
4.602110000000000000e+05
4.602170000000000000e+05
4.602310000000000000e+05
4.602470000000000000e+05
4.602670000000000000e+05
4.602890000000000000e+05
4.602970000000000000e+05
4.603010000000000000e+05
4.603370000000000000e+05
4.603490000000000000e+05
4.603730000000000000e+05
4.603790000000000000e+05
4.603870000000000000e+05
4.603930000000000000e+05
4.604030000000000000e+05
4.604090000000000000e+05
4.604170000000000000e+05
4.604510000000000000e+05
4.604630000000000000e+05
4.604770000000000000e+05
4.605310000000000000e+05
4.605430000000000000e+05
4.605610000000000000e+05
4.605710000000000000e+05
4.605890000000000000e+05
