4.606090000000000000e+05
4.606190000000000000e+05
4.606270000000000000e+05
4.606330000000000000e+05
4.606370000000000000e+05
4.606430000000000000e+05
4.606570000000000000e+05
4.606730000000000000e+05
4.606970000000000000e+05
4.607090000000000000e+05
4.607110000000000000e+05
4.607210000000000000e+05
4.607710000000000000e+05
4.607770000000000000e+05
4.607870000000000000e+05
4.607930000000000000e+05
4.608130000000000000e+05
4.608290000000000000e+05
4.608410000000000000e+05
4.608430000000000000e+05
4.608710000000000000e+05
4.608910000000000000e+05
4.609030000000000000e+05
4.609070000000000000e+05
4.609130000000000000e+05
4.609190000000000000e+05
4.609370000000000000e+05
4.609490000000000000e+05
4.609510000000000000e+05
4.609690000000000000e+05
4.609730000000000000e+05
4.609790000000000000e+05
4.609810000000000000e+05
4.609870000000000000e+05
4.609910000000000000e+05
4.610090000000000000e+05
4.610110000000000000e+05
4.610170000000000000e+05
4.610510000000000000e+05
4.610530000000000000e+05
4.610590000000000000e+05
4.610930000000000000e+05
4.611010000000000000e+05
4.611190000000000000e+05
4.611430000000000000e+05
4.611470000000000000e+05
4.611710000000000000e+05
4.611830000000000000e+05
4.611910000000000000e+05
4.612070000000000000e+05
4.612330000000000000e+05
4.612390000000000000e+05
4.612570000000000000e+05
4.612690000000000000e+05
4.612730000000000000e+05
4.612970000000000000e+05
4.612990000000000000e+05
4.613090000000000000e+05
4.613170000000000000e+05
4.613230000000000000e+05
4.613270000000000000e+05
4.613330000000000000e+05
4.613590000000000000e+05
4.613810000000000000e+05
4.613930000000000000e+05
4.614070000000000000e+05
4.614110000000000000e+05
4.614130000000000000e+05
4.614370000000000000e+05
4.614410000000000000e+05
4.614430000000000000e+05
4.614670000000000000e+05
4.614790000000000000e+05
4.615070000000000000e+05
4.615210000000000000e+05
4.615610000000000000e+05
4.615690000000000000e+05
4.615810000000000000e+05
4.615990000000000000e+05
4.616030000000000000e+05
4.616090000000000000e+05
4.616270000000000000e+05
4.616390000000000000e+05
4.616530000000000000e+05
4.616770000000000000e+05
4.616870000000000000e+05
4.616890000000000000e+05
4.616930000000000000e+05
4.617070000000000000e+05
4.617170000000000000e+05
4.618010000000000000e+05
4.618030000000000000e+05
4.618190000000000000e+05
4.618430000000000000e+05
4.618610000000000000e+05
4.618870000000000000e+05
4.618910000000000000e+05
4.619170000000000000e+05
4.619210000000000000e+05
4.619330000000000000e+05
