4.633210000000000000e+05
4.633390000000000000e+05
4.633430000000000000e+05
4.633630000000000000e+05
4.633870000000000000e+05
4.633990000000000000e+05
4.634330000000000000e+05
4.634470000000000000e+05
4.634510000000000000e+05
4.634530000000000000e+05
4.634570000000000000e+05
4.634590000000000000e+05
4.634830000000000000e+05
4.635010000000000000e+05
4.635110000000000000e+05
4.635130000000000000e+05
4.635230000000000000e+05
4.635310000000000000e+05
4.635370000000000000e+05
4.635490000000000000e+05
4.635790000000000000e+05
4.636130000000000000e+05
4.636270000000000000e+05
4.636330000000000000e+05
4.636430000000000000e+05
4.636490000000000000e+05
4.636630000000000000e+05
4.636790000000000000e+05
4.636930000000000000e+05
4.637110000000000000e+05
4.637170000000000000e+05
4.637410000000000000e+05
4.637470000000000000e+05
4.637530000000000000e+05
4.637630000000000000e+05
4.637810000000000000e+05
4.637870000000000000e+05
4.638070000000000000e+05
4.638230000000000000e+05
4.638290000000000000e+05
4.638310000000000000e+05
4.638490000000000000e+05
4.638610000000000000e+05
4.638670000000000000e+05
4.638730000000000000e+05
4.638890000000000000e+05
4.638910000000000000e+05
4.639070000000000000e+05
4.639190000000000000e+05
4.639210000000000000e+05
4.639490000000000000e+05
4.639630000000000000e+05
4.639730000000000000e+05
4.639870000000000000e+05
4.639930000000000000e+05
4.640030000000000000e+05
4.640110000000000000e+05
4.640210000000000000e+05
4.640330000000000000e+05
4.640470000000000000e+05
4.640690000000000000e+05
4.640810000000000000e+05
4.640890000000000000e+05
4.641190000000000000e+05
4.641290000000000000e+05
4.641310000000000000e+05
4.641370000000000000e+05
4.641410000000000000e+05
4.641430000000000000e+05
4.641710000000000000e+05
4.641730000000000000e+05
4.641970000000000000e+05
4.642010000000000000e+05
4.642130000000000000e+05
4.642370000000000000e+05
4.642510000000000000e+05
4.642570000000000000e+05
4.642630000000000000e+05
4.642790000000000000e+05
4.642810000000000000e+05
4.642910000000000000e+05
4.643090000000000000e+05
4.643110000000000000e+05
4.643270000000000000e+05
4.643510000000000000e+05
4.643710000000000000e+05
4.643810000000000000e+05
4.643830000000000000e+05
4.644130000000000000e+05
4.644190000000000000e+05
4.644370000000000000e+05
4.644470000000000000e+05
4.644590000000000000e+05
4.644670000000000000e+05
4.644790000000000000e+05
4.644830000000000000e+05
4.645210000000000000e+05
4.645370000000000000e+05
4.645390000000000000e+05
4.645490000000000000e+05
