4.645570000000000000e+05
4.645610000000000000e+05
4.645870000000000000e+05
4.645910000000000000e+05
4.646030000000000000e+05
4.646170000000000000e+05
4.646210000000000000e+05
4.646470000000000000e+05
4.646630000000000000e+05
4.646870000000000000e+05
4.646990000000000000e+05
4.647410000000000000e+05
4.647470000000000000e+05
4.647490000000000000e+05
4.647530000000000000e+05
4.647670000000000000e+05
4.647710000000000000e+05
4.647730000000000000e+05
4.647770000000000000e+05
4.648010000000000000e+05
4.648030000000000000e+05
4.648090000000000000e+05
4.648130000000000000e+05
4.648190000000000000e+05
4.648430000000000000e+05
4.648570000000000000e+05
4.648790000000000000e+05
4.648970000000000000e+05
4.649090000000000000e+05
4.649170000000000000e+05
4.649230000000000000e+05
4.649270000000000000e+05
4.649390000000000000e+05
4.649410000000000000e+05
4.649510000000000000e+05
4.649530000000000000e+05
4.649630000000000000e+05
4.649830000000000000e+05
4.649930000000000000e+05
4.649990000000000000e+05
4.650070000000000000e+05
4.650110000000000000e+05
4.650130000000000000e+05
4.650190000000000000e+05
4.650410000000000000e+05
4.650610000000000000e+05
4.650670000000000000e+05
4.650710000000000000e+05
4.650770000000000000e+05
4.650790000000000000e+05
4.650890000000000000e+05
4.651070000000000000e+05
4.651190000000000000e+05
4.651330000000000000e+05
4.651510000000000000e+05
4.651610000000000000e+05
4.651630000000000000e+05
4.651670000000000000e+05
4.651690000000000000e+05
4.651730000000000000e+05
4.651870000000000000e+05
4.652090000000000000e+05
4.652110000000000000e+05
4.652590000000000000e+05
4.652710000000000000e+05
4.652770000000000000e+05
4.652810000000000000e+05
4.652930000000000000e+05
4.652990000000000000e+05
4.653170000000000000e+05
4.653190000000000000e+05
4.653310000000000000e+05
4.653370000000000000e+05
4.653730000000000000e+05
4.653790000000000000e+05
4.653830000000000000e+05
4.654070000000000000e+05
4.654190000000000000e+05
4.654330000000000000e+05
4.654630000000000000e+05
4.654690000000000000e+05
4.655230000000000000e+05
4.655290000000000000e+05
4.655410000000000000e+05
4.655510000000000000e+05
4.655810000000000000e+05
4.655870000000000000e+05
4.656110000000000000e+05
4.656310000000000000e+05
4.656430000000000000e+05
4.656490000000000000e+05
4.656590000000000000e+05
4.656790000000000000e+05
4.657010000000000000e+05
4.657210000000000000e+05
4.657390000000000000e+05
4.657430000000000000e+05
4.657610000000000000e+05
4.657810000000000000e+05
4.657970000000000000e+05
