4.672370000000000000e+05
4.672390000000000000e+05
4.672610000000000000e+05
4.672930000000000000e+05
4.672970000000000000e+05
4.673170000000000000e+05
4.673290000000000000e+05
4.673330000000000000e+05
4.673530000000000000e+05
4.673710000000000000e+05
4.673990000000000000e+05
4.674170000000000000e+05
4.674310000000000000e+05
4.674370000000000000e+05
4.674470000000000000e+05
4.674710000000000000e+05
4.674730000000000000e+05
4.674770000000000000e+05
4.674790000000000000e+05
4.674910000000000000e+05
4.674970000000000000e+05
4.675030000000000000e+05
4.675070000000000000e+05
4.675270000000000000e+05
4.675310000000000000e+05
4.675430000000000000e+05
4.675490000000000000e+05
4.675570000000000000e+05
4.675870000000000000e+05
4.675910000000000000e+05
4.676110000000000000e+05
4.676170000000000000e+05
4.676270000000000000e+05
4.676290000000000000e+05
4.676330000000000000e+05
4.676410000000000000e+05
4.676510000000000000e+05
4.676570000000000000e+05
4.676690000000000000e+05
4.676710000000000000e+05
4.676810000000000000e+05
4.676890000000000000e+05
4.676990000000000000e+05
4.677130000000000000e+05
4.677290000000000000e+05
4.677370000000000000e+05
4.677430000000000000e+05
4.677490000000000000e+05
4.677730000000000000e+05
4.677830000000000000e+05
4.678130000000000000e+05
4.678270000000000000e+05
4.678330000000000000e+05
4.678670000000000000e+05
4.678690000000000000e+05
4.678790000000000000e+05
4.678810000000000000e+05
4.678930000000000000e+05
4.678970000000000000e+05
4.678990000000000000e+05
4.679030000000000000e+05
4.679270000000000000e+05
4.679410000000000000e+05
4.679530000000000000e+05
4.679630000000000000e+05
4.679770000000000000e+05
4.680010000000000000e+05
4.680110000000000000e+05
4.680190000000000000e+05
4.680290000000000000e+05
4.680490000000000000e+05
4.680590000000000000e+05
4.680670000000000000e+05
4.680710000000000000e+05
4.680790000000000000e+05
4.681070000000000000e+05
4.681090000000000000e+05
4.681130000000000000e+05
4.681210000000000000e+05
4.681330000000000000e+05
4.681370000000000000e+05
4.681510000000000000e+05
4.681570000000000000e+05
4.681730000000000000e+05
4.681870000000000000e+05
4.681910000000000000e+05
4.681990000000000000e+05
4.682390000000000000e+05
4.682410000000000000e+05
4.682530000000000000e+05
4.682710000000000000e+05
4.682770000000000000e+05
4.682890000000000000e+05
4.683190000000000000e+05
4.683230000000000000e+05
4.683530000000000000e+05
4.683590000000000000e+05
4.683710000000000000e+05
4.683890000000000000e+05
4.684210000000000000e+05
