4.684390000000000000e+05
4.684510000000000000e+05
4.684630000000000000e+05
4.684730000000000000e+05
4.684910000000000000e+05
4.684930000000000000e+05
4.684990000000000000e+05
4.685090000000000000e+05
4.685270000000000000e+05
4.685510000000000000e+05
4.685570000000000000e+05
4.685770000000000000e+05
4.685810000000000000e+05
4.685930000000000000e+05
4.685990000000000000e+05
4.686130000000000000e+05
4.686190000000000000e+05
4.686230000000000000e+05
4.686410000000000000e+05
4.686470000000000000e+05
4.686530000000000000e+05
4.686610000000000000e+05
4.686670000000000000e+05
4.686830000000000000e+05
4.686910000000000000e+05
4.686970000000000000e+05
4.687030000000000000e+05
4.687090000000000000e+05
4.687190000000000000e+05
4.687370000000000000e+05
4.687390000000000000e+05
4.687610000000000000e+05
4.687730000000000000e+05
4.687810000000000000e+05
4.688030000000000000e+05
4.688170000000000000e+05
4.688210000000000000e+05
4.688410000000000000e+05
4.688510000000000000e+05
4.688590000000000000e+05
4.688690000000000000e+05
4.688830000000000000e+05
4.688870000000000000e+05
4.688890000000000000e+05
4.688930000000000000e+05
4.688990000000000000e+05
4.689130000000000000e+05
4.689530000000000000e+05
4.689670000000000000e+05
4.689730000000000000e+05
4.689830000000000000e+05
4.690090000000000000e+05
4.690310000000000000e+05
4.690370000000000000e+05
4.690690000000000000e+05
4.690990000000000000e+05
4.691210000000000000e+05
4.691270000000000000e+05
4.691410000000000000e+05
4.691530000000000000e+05
4.691690000000000000e+05
4.691930000000000000e+05
4.692070000000000000e+05
4.692190000000000000e+05
4.692290000000000000e+05
4.692370000000000000e+05
4.692410000000000000e+05
4.692530000000000000e+05
4.692670000000000000e+05
4.692790000000000000e+05
4.692830000000000000e+05
4.693030000000000000e+05
4.693210000000000000e+05
4.693310000000000000e+05
4.693510000000000000e+05
4.693630000000000000e+05
4.693670000000000000e+05
4.693690000000000000e+05
4.693790000000000000e+05
4.693970000000000000e+05
4.694110000000000000e+05
4.694290000000000000e+05
4.694390000000000000e+05
4.694570000000000000e+05
4.694870000000000000e+05
4.695010000000000000e+05
4.695290000000000000e+05
4.695410000000000000e+05
4.695430000000000000e+05
4.695610000000000000e+05
4.695830000000000000e+05
4.695890000000000000e+05
4.696130000000000000e+05
4.696270000000000000e+05
4.696310000000000000e+05
4.696490000000000000e+05
4.696570000000000000e+05
4.696730000000000000e+05
4.696870000000000000e+05
4.696910000000000000e+05
