4.697170000000000000e+05
4.697230000000000000e+05
4.697470000000000000e+05
4.697530000000000000e+05
4.697570000000000000e+05
4.697690000000000000e+05
4.697870000000000000e+05
4.697930000000000000e+05
4.698010000000000000e+05
4.698110000000000000e+05
4.698230000000000000e+05
4.698410000000000000e+05
4.698490000000000000e+05
4.698770000000000000e+05
4.698790000000000000e+05
4.698910000000000000e+05
4.699070000000000000e+05
4.699190000000000000e+05
4.699390000000000000e+05
4.699570000000000000e+05
4.699690000000000000e+05
4.699790000000000000e+05
4.699930000000000000e+05
4.700210000000000000e+05
4.700390000000000000e+05
4.700590000000000000e+05
4.700770000000000000e+05
4.700810000000000000e+05
4.700830000000000000e+05
4.700870000000000000e+05
4.700890000000000000e+05
4.701310000000000000e+05
4.701490000000000000e+05
4.701530000000000000e+05
4.701610000000000000e+05
4.701670000000000000e+05
4.701790000000000000e+05
4.702010000000000000e+05
4.702070000000000000e+05
4.702090000000000000e+05
4.702130000000000000e+05
4.702190000000000000e+05
4.702270000000000000e+05
4.702430000000000000e+05
4.702510000000000000e+05
4.702630000000000000e+05
4.702790000000000000e+05
4.702970000000000000e+05
4.702990000000000000e+05
4.703030000000000000e+05
4.703170000000000000e+05
4.703330000000000000e+05
4.703470000000000000e+05
4.703590000000000000e+05
4.703890000000000000e+05
4.703990000000000000e+05
4.704110000000000000e+05
4.704130000000000000e+05
4.704170000000000000e+05
4.704290000000000000e+05
4.704430000000000000e+05
4.704470000000000000e+05
4.704530000000000000e+05
4.704610000000000000e+05
4.704710000000000000e+05
4.704730000000000000e+05
4.704890000000000000e+05
4.705010000000000000e+05
4.705130000000000000e+05
4.705210000000000000e+05
4.705310000000000000e+05
4.705390000000000000e+05
4.705510000000000000e+05
4.705790000000000000e+05
4.705930000000000000e+05
4.705970000000000000e+05
4.705990000000000000e+05
4.706090000000000000e+05
4.706210000000000000e+05
4.706270000000000000e+05
4.706470000000000000e+05
4.706510000000000000e+05
4.706530000000000000e+05
4.706630000000000000e+05
4.706690000000000000e+05
4.706890000000000000e+05
4.707110000000000000e+05
4.707190000000000000e+05
4.707310000000000000e+05
4.707490000000000000e+05
4.707790000000000000e+05
4.707830000000000000e+05
4.707910000000000000e+05
4.708190000000000000e+05
4.708310000000000000e+05
4.708370000000000000e+05
4.708630000000000000e+05
4.708670000000000000e+05
4.708810000000000000e+05
4.708870000000000000e+05
