4.708910000000000000e+05
4.709030000000000000e+05
4.709270000000000000e+05
4.709330000000000000e+05
4.709410000000000000e+05
4.709470000000000000e+05
4.709570000000000000e+05
4.709590000000000000e+05
4.709930000000000000e+05
4.709990000000000000e+05
4.710070000000000000e+05
4.710410000000000000e+05
4.710610000000000000e+05
4.710730000000000000e+05
4.710890000000000000e+05
4.710910000000000000e+05
4.711010000000000000e+05
4.711370000000000000e+05
4.711390000000000000e+05
4.711610000000000000e+05
4.711730000000000000e+05
4.711790000000000000e+05
4.711870000000000000e+05
4.711930000000000000e+05
4.712090000000000000e+05
4.712170000000000000e+05
4.712410000000000000e+05
4.712530000000000000e+05
4.712590000000000000e+05
4.712770000000000000e+05
4.712810000000000000e+05
4.712830000000000000e+05
4.712990000000000000e+05
4.713010000000000000e+05
4.713130000000000000e+05
4.713530000000000000e+05
4.713890000000000000e+05
4.713910000000000000e+05
4.714030000000000000e+05
4.714070000000000000e+05
4.714390000000000000e+05
4.714510000000000000e+05
4.714670000000000000e+05
4.714810000000000000e+05
4.714870000000000000e+05
4.715030000000000000e+05
4.715090000000000000e+05
4.715210000000000000e+05
4.715330000000000000e+05
4.715390000000000000e+05
4.715530000000000000e+05
4.715710000000000000e+05
4.715890000000000000e+05
4.715930000000000000e+05
4.716070000000000000e+05
4.716170000000000000e+05
4.716190000000000000e+05
4.716410000000000000e+05
4.716490000000000000e+05
4.716590000000000000e+05
4.716710000000000000e+05
4.716730000000000000e+05
4.716770000000000000e+05
4.716830000000000000e+05
4.716970000000000000e+05
4.717030000000000000e+05
4.717190000000000000e+05
4.717210000000000000e+05
4.717490000000000000e+05
4.717690000000000000e+05
4.717810000000000000e+05
4.717910000000000000e+05
4.718030000000000000e+05
4.718170000000000000e+05
4.718410000000000000e+05
4.718470000000000000e+05
4.718530000000000000e+05
4.718710000000000000e+05
4.718930000000000000e+05
4.719010000000000000e+05
4.719070000000000000e+05
4.719230000000000000e+05
4.719290000000000000e+05
4.719310000000000000e+05
4.719430000000000000e+05
4.719490000000000000e+05
4.719590000000000000e+05
4.719970000000000000e+05
4.720190000000000000e+05
4.720270000000000000e+05
4.720510000000000000e+05
4.720570000000000000e+05
4.720630000000000000e+05
4.720670000000000000e+05
4.721030000000000000e+05
4.721110000000000000e+05
4.721230000000000000e+05
4.721270000000000000e+05
4.721330000000000000e+05
4.721390000000000000e+05
