4.721510000000000000e+05
4.721590000000000000e+05
4.721630000000000000e+05
4.721890000000000000e+05
4.721930000000000000e+05
4.722470000000000000e+05
4.722490000000000000e+05
4.722530000000000000e+05
4.722610000000000000e+05
4.722730000000000000e+05
4.722890000000000000e+05
4.723010000000000000e+05
4.723090000000000000e+05
4.723190000000000000e+05
4.723310000000000000e+05
4.723330000000000000e+05
4.723490000000000000e+05
4.723690000000000000e+05
4.723910000000000000e+05
4.723930000000000000e+05
4.723990000000000000e+05
4.724110000000000000e+05
4.724210000000000000e+05
4.724570000000000000e+05
4.724690000000000000e+05
4.724770000000000000e+05
4.725230000000000000e+05
4.725410000000000000e+05
4.725430000000000000e+05
4.725590000000000000e+05
4.725610000000000000e+05
4.725730000000000000e+05
4.725970000000000000e+05
4.726310000000000000e+05
4.726390000000000000e+05
4.726430000000000000e+05
4.726690000000000000e+05
4.726870000000000000e+05
4.726910000000000000e+05
4.726970000000000000e+05
4.727090000000000000e+05
4.727110000000000000e+05
4.727210000000000000e+05
4.727410000000000000e+05
4.727510000000000000e+05
4.727630000000000000e+05
4.727930000000000000e+05
4.727990000000000000e+05
4.728170000000000000e+05
4.728310000000000000e+05
4.728370000000000000e+05
4.728470000000000000e+05
4.728590000000000000e+05
4.728830000000000000e+05
4.729070000000000000e+05
4.729090000000000000e+05
4.729210000000000000e+05
4.729370000000000000e+05
4.729390000000000000e+05
4.729630000000000000e+05
4.729930000000000000e+05
4.730090000000000000e+05
4.730210000000000000e+05
4.730270000000000000e+05
4.730890000000000000e+05
4.731010000000000000e+05
4.731170000000000000e+05
4.731410000000000000e+05
4.731470000000000000e+05
4.731590000000000000e+05
4.731670000000000000e+05
4.731730000000000000e+05
4.731910000000000000e+05
4.731970000000000000e+05
4.732010000000000000e+05
4.732030000000000000e+05
4.732190000000000000e+05
4.732270000000000000e+05
4.732570000000000000e+05
4.732790000000000000e+05
4.732870000000000000e+05
4.732930000000000000e+05
4.733110000000000000e+05
4.733210000000000000e+05
4.733270000000000000e+05
4.733510000000000000e+05
4.733530000000000000e+05
4.733770000000000000e+05
4.733810000000000000e+05
4.733830000000000000e+05
4.734110000000000000e+05
4.734190000000000000e+05
4.734410000000000000e+05
4.734430000000000000e+05
4.734530000000000000e+05
4.734710000000000000e+05
4.734770000000000000e+05
4.734790000000000000e+05
4.734970000000000000e+05
4.735030000000000000e+05
