4.735070000000000000e+05
4.735130000000000000e+05
4.735190000000000000e+05
4.735270000000000000e+05
4.735310000000000000e+05
4.735330000000000000e+05
4.735490000000000000e+05
4.735790000000000000e+05
4.735970000000000000e+05
4.736110000000000000e+05
4.736170000000000000e+05
4.736330000000000000e+05
4.736470000000000000e+05
4.736590000000000000e+05
4.737190000000000000e+05
4.737230000000000000e+05
4.737290000000000000e+05
4.737410000000000000e+05
4.737430000000000000e+05
4.737610000000000000e+05
4.737890000000000000e+05
4.738330000000000000e+05
4.738390000000000000e+05
4.738570000000000000e+05
4.738610000000000000e+05
4.738670000000000000e+05
4.738870000000000000e+05
4.738990000000000000e+05
4.739110000000000000e+05
4.739230000000000000e+05
4.739270000000000000e+05
4.739290000000000000e+05
4.739390000000000000e+05
4.739510000000000000e+05
4.739530000000000000e+05
4.739710000000000000e+05
4.739810000000000000e+05
4.739870000000000000e+05
4.739990000000000000e+05
4.740170000000000000e+05
4.740290000000000000e+05
4.740370000000000000e+05
4.740430000000000000e+05
4.740490000000000000e+05
4.740590000000000000e+05
4.740730000000000000e+05
4.740770000000000000e+05
4.741010000000000000e+05
4.741190000000000000e+05
4.741270000000000000e+05
4.741370000000000000e+05
4.741430000000000000e+05
4.741510000000000000e+05
4.741630000000000000e+05
4.741690000000000000e+05
4.741970000000000000e+05
4.742110000000000000e+05
4.742230000000000000e+05
4.742410000000000000e+05
4.742630000000000000e+05
4.742890000000000000e+05
4.743070000000000000e+05
4.743110000000000000e+05
4.743190000000000000e+05
4.743370000000000000e+05
4.743430000000000000e+05
4.743470000000000000e+05
4.743590000000000000e+05
4.743790000000000000e+05
4.743890000000000000e+05
4.743910000000000000e+05
4.744130000000000000e+05
4.744330000000000000e+05
4.744370000000000000e+05
4.744430000000000000e+05
4.744790000000000000e+05
4.744910000000000000e+05
4.744970000000000000e+05
4.744990000000000000e+05
4.745030000000000000e+05
4.745330000000000000e+05
4.745410000000000000e+05
4.745470000000000000e+05
4.745570000000000000e+05
4.745690000000000000e+05
4.745710000000000000e+05
4.745810000000000000e+05
4.745830000000000000e+05
4.746190000000000000e+05
4.746290000000000000e+05
4.746470000000000000e+05
4.746590000000000000e+05
4.746670000000000000e+05
4.746710000000000000e+05
4.747070000000000000e+05
4.747090000000000000e+05
4.747370000000000000e+05
4.747510000000000000e+05
4.747570000000000000e+05
4.747690000000000000e+05
