4.747790000000000000e+05
4.747870000000000000e+05
4.748090000000000000e+05
4.748110000000000000e+05
4.748390000000000000e+05
4.748470000000000000e+05
4.748570000000000000e+05
4.748990000000000000e+05
4.749070000000000000e+05
4.749110000000000000e+05
4.749170000000000000e+05
4.749230000000000000e+05
4.749310000000000000e+05
4.749370000000000000e+05
4.749410000000000000e+05
4.749490000000000000e+05
4.749590000000000000e+05
4.749770000000000000e+05
4.749830000000000000e+05
4.750370000000000000e+05
4.750510000000000000e+05
4.750730000000000000e+05
4.750810000000000000e+05
4.750910000000000000e+05
4.750930000000000000e+05
4.751030000000000000e+05
4.751090000000000000e+05
4.751410000000000000e+05
4.751470000000000000e+05
4.751510000000000000e+05
4.751590000000000000e+05
4.751690000000000000e+05
4.752070000000000000e+05
4.752190000000000000e+05
4.752290000000000000e+05
4.752430000000000000e+05
4.752710000000000000e+05
4.752730000000000000e+05
4.752830000000000000e+05
4.752890000000000000e+05
4.752970000000000000e+05
4.753010000000000000e+05
4.753270000000000000e+05
4.753310000000000000e+05
4.753330000000000000e+05
4.753510000000000000e+05
4.753670000000000000e+05
4.753690000000000000e+05
4.753790000000000000e+05
4.753810000000000000e+05
4.754030000000000000e+05
4.754170000000000000e+05
4.754210000000000000e+05
4.754270000000000000e+05
4.754290000000000000e+05
4.754410000000000000e+05
4.754570000000000000e+05
4.754690000000000000e+05
4.754830000000000000e+05
4.755110000000000000e+05
4.755230000000000000e+05
4.755290000000000000e+05
4.755490000000000000e+05
4.755830000000000000e+05
4.755970000000000000e+05
4.756130000000000000e+05
4.756190000000000000e+05
4.756210000000000000e+05
4.756370000000000000e+05
4.756390000000000000e+05
4.756490000000000000e+05
4.756690000000000000e+05
4.756790000000000000e+05
4.756810000000000000e+05
4.756910000000000000e+05
4.756930000000000000e+05
4.756970000000000000e+05
4.757210000000000000e+05
4.757290000000000000e+05
4.757510000000000000e+05
4.757530000000000000e+05
4.757590000000000000e+05
4.757630000000000000e+05
4.757770000000000000e+05
4.757890000000000000e+05
4.757930000000000000e+05
4.758070000000000000e+05
4.758230000000000000e+05
4.758310000000000000e+05
4.758370000000000000e+05
4.758410000000000000e+05
4.758590000000000000e+05
4.758770000000000000e+05
4.758790000000000000e+05
4.758890000000000000e+05
4.758970000000000000e+05
4.759030000000000000e+05
4.759070000000000000e+05
4.759210000000000000e+05
4.759270000000000000e+05
