4.759330000000000000e+05
4.759570000000000000e+05
4.759730000000000000e+05
4.759910000000000000e+05
4.759970000000000000e+05
4.760090000000000000e+05
4.760230000000000000e+05
4.760270000000000000e+05
4.760290000000000000e+05
4.760390000000000000e+05
4.760410000000000000e+05
4.760590000000000000e+05
4.760810000000000000e+05
4.760870000000000000e+05
4.760890000000000000e+05
4.761010000000000000e+05
4.761070000000000000e+05
4.761110000000000000e+05
4.761370000000000000e+05
4.761430000000000000e+05
4.761670000000000000e+05
4.761830000000000000e+05
4.762190000000000000e+05
4.762330000000000000e+05
4.762370000000000000e+05
4.762430000000000000e+05
4.762490000000000000e+05
4.762790000000000000e+05
4.762990000000000000e+05
4.763170000000000000e+05
4.763470000000000000e+05
4.763510000000000000e+05
4.763630000000000000e+05
4.763690000000000000e+05
4.763810000000000000e+05
4.764010000000000000e+05
4.764070000000000000e+05
4.764190000000000000e+05
4.764230000000000000e+05
4.764290000000000000e+05
4.764670000000000000e+05
4.764770000000000000e+05
4.764790000000000000e+05
4.765070000000000000e+05
4.765130000000000000e+05
4.765190000000000000e+05
4.765790000000000000e+05
4.765870000000000000e+05
4.765910000000000000e+05
4.765990000000000000e+05
4.766030000000000000e+05
4.766110000000000000e+05
4.766330000000000000e+05
4.766390000000000000e+05
4.766470000000000000e+05
4.766590000000000000e+05
4.766810000000000000e+05
4.766830000000000000e+05
4.767010000000000000e+05
4.767130000000000000e+05
4.767190000000000000e+05
4.767370000000000000e+05
4.767430000000000000e+05
4.767530000000000000e+05
4.767590000000000000e+05
4.767830000000000000e+05
4.768030000000000000e+05
4.768310000000000000e+05
4.768490000000000000e+05
4.768510000000000000e+05
4.768630000000000000e+05
4.768690000000000000e+05
4.768870000000000000e+05
4.768910000000000000e+05
4.769110000000000000e+05
4.769210000000000000e+05
4.769290000000000000e+05
4.769770000000000000e+05
4.769810000000000000e+05
4.769890000000000000e+05
4.770110000000000000e+05
4.770130000000000000e+05
4.770170000000000000e+05
4.770190000000000000e+05
4.770310000000000000e+05
4.770470000000000000e+05
4.770730000000000000e+05
4.770770000000000000e+05
4.770910000000000000e+05
4.771310000000000000e+05
4.771490000000000000e+05
4.771630000000000000e+05
4.772090000000000000e+05
4.772210000000000000e+05
4.772290000000000000e+05
4.772590000000000000e+05
4.772770000000000000e+05
4.772930000000000000e+05
4.773130000000000000e+05
4.773170000000000000e+05
