4.773290000000000000e+05
4.773410000000000000e+05
4.773590000000000000e+05
4.773610000000000000e+05
4.773830000000000000e+05
4.774090000000000000e+05
4.774390000000000000e+05
4.774610000000000000e+05
4.774690000000000000e+05
4.774970000000000000e+05
4.775110000000000000e+05
4.775170000000000000e+05
4.775230000000000000e+05
4.775390000000000000e+05
4.775510000000000000e+05
4.775530000000000000e+05
4.775570000000000000e+05
4.775710000000000000e+05
4.775770000000000000e+05
4.775930000000000000e+05
4.776190000000000000e+05
4.776230000000000000e+05
4.776370000000000000e+05
4.776710000000000000e+05
4.776770000000000000e+05
4.777210000000000000e+05
4.777270000000000000e+05
4.777310000000000000e+05
4.777390000000000000e+05
4.777670000000000000e+05
4.777690000000000000e+05
4.777910000000000000e+05
4.777970000000000000e+05
4.778090000000000000e+05
4.778110000000000000e+05
4.778210000000000000e+05
4.778230000000000000e+05
4.778390000000000000e+05
4.778470000000000000e+05
4.778570000000000000e+05
4.778630000000000000e+05
4.778810000000000000e+05
4.778990000000000000e+05
4.779130000000000000e+05
4.779410000000000000e+05
4.779470000000000000e+05
4.779730000000000000e+05
4.779770000000000000e+05
4.779910000000000000e+05
4.780010000000000000e+05
4.780390000000000000e+05
4.780630000000000000e+05
4.780670000000000000e+05
4.780690000000000000e+05
4.780870000000000000e+05
4.780990000000000000e+05
4.781110000000000000e+05
4.781290000000000000e+05
4.781390000000000000e+05
4.781570000000000000e+05
4.781690000000000000e+05
4.781710000000000000e+05
4.781890000000000000e+05
4.781990000000000000e+05
4.782070000000000000e+05
4.782130000000000000e+05
4.782410000000000000e+05
4.782430000000000000e+05
4.782530000000000000e+05
4.782590000000000000e+05
4.782710000000000000e+05
4.782730000000000000e+05
4.783210000000000000e+05
4.783390000000000000e+05
4.783430000000000000e+05
4.783510000000000000e+05
4.783910000000000000e+05
4.783990000000000000e+05
4.784030000000000000e+05
4.784110000000000000e+05
4.784170000000000000e+05
4.784210000000000000e+05
4.784270000000000000e+05
4.784330000000000000e+05
4.784410000000000000e+05
4.784510000000000000e+05
4.784530000000000000e+05
4.784590000000000000e+05
4.784810000000000000e+05
4.784830000000000000e+05
4.784930000000000000e+05
4.785230000000000000e+05
4.785310000000000000e+05
4.785710000000000000e+05
4.785730000000000000e+05
4.785790000000000000e+05
4.785890000000000000e+05
4.786030000000000000e+05
4.786270000000000000e+05
4.786310000000000000e+05
