4.799390000000000000e+05
4.799510000000000000e+05
4.799530000000000000e+05
4.799570000000000000e+05
4.799710000000000000e+05
4.800130000000000000e+05
4.800170000000000000e+05
4.800190000000000000e+05
4.800230000000000000e+05
4.800430000000000000e+05
4.800470000000000000e+05
4.800490000000000000e+05
4.800590000000000000e+05
4.800610000000000000e+05
4.800710000000000000e+05
4.800910000000000000e+05
4.801010000000000000e+05
4.801070000000000000e+05
4.801130000000000000e+05
4.801330000000000000e+05
4.801430000000000000e+05
4.801570000000000000e+05
4.801670000000000000e+05
4.801690000000000000e+05
4.802030000000000000e+05
4.802090000000000000e+05
4.802870000000000000e+05
4.802990000000000000e+05
4.803170000000000000e+05
4.803290000000000000e+05
4.803410000000000000e+05
4.803430000000000000e+05
4.803490000000000000e+05
4.803670000000000000e+05
4.803730000000000000e+05
4.803790000000000000e+05
4.803830000000000000e+05
4.803910000000000000e+05
4.804090000000000000e+05
4.804190000000000000e+05
4.804270000000000000e+05
4.804490000000000000e+05
4.804510000000000000e+05
4.804610000000000000e+05
4.804630000000000000e+05
4.804990000000000000e+05
4.805030000000000000e+05
4.805090000000000000e+05
4.805170000000000000e+05
4.805210000000000000e+05
4.805270000000000000e+05
4.805330000000000000e+05
4.805410000000000000e+05
4.805530000000000000e+05
4.805630000000000000e+05
4.805690000000000000e+05
4.805830000000000000e+05
4.805870000000000000e+05
4.806470000000000000e+05
4.806610000000000000e+05
4.807070000000000000e+05
4.807130000000000000e+05
4.807310000000000000e+05
4.807370000000000000e+05
4.807490000000000000e+05
4.807610000000000000e+05
4.807730000000000000e+05
4.807870000000000000e+05
4.808030000000000000e+05
4.808270000000000000e+05
4.808390000000000000e+05
4.808530000000000000e+05
4.808810000000000000e+05
4.809110000000000000e+05
4.809190000000000000e+05
4.809290000000000000e+05
4.809370000000000000e+05
4.809410000000000000e+05
4.809590000000000000e+05
4.809670000000000000e+05
4.809790000000000000e+05
4.809890000000000000e+05
4.810010000000000000e+05
4.810030000000000000e+05
4.810090000000000000e+05
4.810210000000000000e+05
4.810430000000000000e+05
4.810510000000000000e+05
4.810670000000000000e+05
4.810730000000000000e+05
4.810870000000000000e+05
4.810930000000000000e+05
4.810970000000000000e+05
4.811090000000000000e+05
4.811230000000000000e+05
4.811330000000000000e+05
4.811410000000000000e+05
4.811470000000000000e+05
4.811530000000000000e+05
4.811570000000000000e+05
