4.852630000000000000e+05
4.853110000000000000e+05
4.853470000000000000e+05
4.853510000000000000e+05
4.853630000000000000e+05
4.853710000000000000e+05
4.853830000000000000e+05
4.853890000000000000e+05
4.854110000000000000e+05
4.854170000000000000e+05
4.854230000000000000e+05
4.854370000000000000e+05
4.854470000000000000e+05
4.854790000000000000e+05
4.854970000000000000e+05
4.855090000000000000e+05
4.855190000000000000e+05
4.855430000000000000e+05
4.855670000000000000e+05
4.855870000000000000e+05
4.855930000000000000e+05
4.856030000000000000e+05
4.856090000000000000e+05
4.856470000000000000e+05
4.856570000000000000e+05
4.856710000000000000e+05
4.856890000000000000e+05
4.857010000000000000e+05
4.857170000000000000e+05
4.857290000000000000e+05
4.857310000000000000e+05
4.857530000000000000e+05
4.857770000000000000e+05
4.858190000000000000e+05
4.858270000000000000e+05
4.858310000000000000e+05
4.858330000000000000e+05
4.858930000000000000e+05
4.858990000000000000e+05
4.859090000000000000e+05
4.859230000000000000e+05
4.859410000000000000e+05
4.859590000000000000e+05
4.859770000000000000e+05
4.859930000000000000e+05
4.860230000000000000e+05
4.860370000000000000e+05
4.860410000000000000e+05
4.860430000000000000e+05
4.860530000000000000e+05
4.860610000000000000e+05
4.860710000000000000e+05
4.860910000000000000e+05
4.861030000000000000e+05
4.861190000000000000e+05
4.861330000000000000e+05
4.861390000000000000e+05
4.861630000000000000e+05
4.861790000000000000e+05
4.861810000000000000e+05
4.861930000000000000e+05
4.862030000000000000e+05
4.862210000000000000e+05
4.862230000000000000e+05
4.862470000000000000e+05
4.862810000000000000e+05
4.862930000000000000e+05
4.863070000000000000e+05
4.863130000000000000e+05
4.863230000000000000e+05
4.863290000000000000e+05
4.863310000000000000e+05
4.863410000000000000e+05
4.863490000000000000e+05
4.863770000000000000e+05
4.863790000000000000e+05
4.863890000000000000e+05
4.863910000000000000e+05
4.863970000000000000e+05
4.864070000000000000e+05
4.864330000000000000e+05
4.864430000000000000e+05
4.864490000000000000e+05
4.864810000000000000e+05
4.864910000000000000e+05
4.865030000000000000e+05
4.865090000000000000e+05
4.865110000000000000e+05
4.865270000000000000e+05
4.865390000000000000e+05
4.865590000000000000e+05
4.865690000000000000e+05
4.865830000000000000e+05
4.865890000000000000e+05
4.866010000000000000e+05
4.866170000000000000e+05
4.866370000000000000e+05
4.866410000000000000e+05
4.866430000000000000e+05
4.866530000000000000e+05
