4.891610000000000000e+05
4.891790000000000000e+05
4.891910000000000000e+05
4.891970000000000000e+05
4.892170000000000000e+05
4.892390000000000000e+05
4.892410000000000000e+05
4.892570000000000000e+05
4.892630000000000000e+05
4.892830000000000000e+05
4.892990000000000000e+05
4.893290000000000000e+05
4.893370000000000000e+05
4.893430000000000000e+05
4.893610000000000000e+05
4.893670000000000000e+05
4.893890000000000000e+05
4.894070000000000000e+05
4.894090000000000000e+05
4.894270000000000000e+05
4.894310000000000000e+05
4.894390000000000000e+05
4.894490000000000000e+05
4.894570000000000000e+05
4.894790000000000000e+05
4.894870000000000000e+05
4.894930000000000000e+05
4.895290000000000000e+05
4.895390000000000000e+05
4.895510000000000000e+05
4.895530000000000000e+05
4.895570000000000000e+05
4.895710000000000000e+05
4.896130000000000000e+05
4.896310000000000000e+05
4.896530000000000000e+05
4.896590000000000000e+05
4.896730000000000000e+05
4.896770000000000000e+05
4.896790000000000000e+05
4.896890000000000000e+05
4.896910000000000000e+05
4.897330000000000000e+05
4.897430000000000000e+05
4.897610000000000000e+05
4.897910000000000000e+05
4.897930000000000000e+05
4.897990000000000000e+05
4.898030000000000000e+05
4.898170000000000000e+05
4.898230000000000000e+05
4.898330000000000000e+05
4.898470000000000000e+05
4.898510000000000000e+05
4.898690000000000000e+05
4.898710000000000000e+05
4.898870000000000000e+05
4.899010000000000000e+05
4.899110000000000000e+05
4.899130000000000000e+05
4.899410000000000000e+05
4.899430000000000000e+05
4.899590000000000000e+05
4.899610000000000000e+05
4.899770000000000000e+05
4.899890000000000000e+05
4.900010000000000000e+05
4.900030000000000000e+05
4.900190000000000000e+05
4.900310000000000000e+05
4.900330000000000000e+05
4.900570000000000000e+05
4.900970000000000000e+05
4.901030000000000000e+05
4.901110000000000000e+05
4.901170000000000000e+05
4.901210000000000000e+05
4.901510000000000000e+05
4.901590000000000000e+05
4.901690000000000000e+05
4.901830000000000000e+05
4.902010000000000000e+05
4.902070000000000000e+05
4.902230000000000000e+05
4.902410000000000000e+05
4.902470000000000000e+05
4.902490000000000000e+05
4.902670000000000000e+05
4.902710000000000000e+05
4.902770000000000000e+05
4.902830000000000000e+05
4.903090000000000000e+05
4.903130000000000000e+05
4.903390000000000000e+05
4.903670000000000000e+05
4.903930000000000000e+05
4.904170000000000000e+05
4.904210000000000000e+05
4.904530000000000000e+05
4.904590000000000000e+05
