4.943870000000000000e+05
4.944070000000000000e+05
4.944130000000000000e+05
4.944410000000000000e+05
4.944430000000000000e+05
4.944710000000000000e+05
4.944970000000000000e+05
4.945190000000000000e+05
4.945210000000000000e+05
4.945390000000000000e+05
4.945610000000000000e+05
4.945630000000000000e+05
4.945670000000000000e+05
4.945870000000000000e+05
4.945910000000000000e+05
4.946090000000000000e+05
4.946170000000000000e+05
4.946210000000000000e+05
4.946390000000000000e+05
4.946470000000000000e+05
4.946510000000000000e+05
4.946710000000000000e+05
4.946770000000000000e+05
4.946870000000000000e+05
4.946930000000000000e+05
4.946990000000000000e+05
4.947130000000000000e+05
4.947190000000000000e+05
4.947230000000000000e+05
4.947310000000000000e+05
4.947370000000000000e+05
4.947430000000000000e+05
4.947490000000000000e+05
4.947590000000000000e+05
4.947610000000000000e+05
4.947830000000000000e+05
4.947890000000000000e+05
4.948030000000000000e+05
4.948430000000000000e+05
4.948490000000000000e+05
4.948730000000000000e+05
4.948990000000000000e+05
4.949030000000000000e+05
4.949170000000000000e+05
4.949270000000000000e+05
4.949330000000000000e+05
4.949390000000000000e+05
4.949590000000000000e+05
4.949870000000000000e+05
4.950170000000000000e+05
4.950370000000000000e+05
4.950410000000000000e+05
4.950430000000000000e+05
4.950670000000000000e+05
4.950710000000000000e+05
4.951090000000000000e+05
4.951130000000000000e+05
4.951190000000000000e+05
4.951330000000000000e+05
4.951390000000000000e+05
4.951490000000000000e+05
4.951510000000000000e+05
4.951610000000000000e+05
4.951810000000000000e+05
4.951990000000000000e+05
4.952110000000000000e+05
4.952210000000000000e+05
4.952410000000000000e+05
4.952690000000000000e+05
4.952770000000000000e+05
4.952890000000000000e+05
4.953010000000000000e+05
4.953070000000000000e+05
4.953230000000000000e+05
4.953370000000000000e+05
4.953430000000000000e+05
4.953470000000000000e+05
4.953590000000000000e+05
4.953610000000000000e+05
4.953710000000000000e+05
4.953770000000000000e+05
4.953890000000000000e+05
4.954010000000000000e+05
4.954130000000000000e+05
4.954210000000000000e+05
4.954330000000000000e+05
4.954370000000000000e+05
4.954490000000000000e+05
4.954570000000000000e+05
4.954610000000000000e+05
4.954910000000000000e+05
4.955110000000000000e+05
4.955270000000000000e+05
4.955570000000000000e+05
4.955590000000000000e+05
4.955630000000000000e+05
4.955690000000000000e+05
4.955710000000000000e+05
4.955870000000000000e+05
4.955890000000000000e+05
