4.956110000000000000e+05
4.956130000000000000e+05
4.956170000000000000e+05
4.956190000000000000e+05
4.956290000000000000e+05
4.956370000000000000e+05
4.956470000000000000e+05
4.956670000000000000e+05
4.956790000000000000e+05
4.957010000000000000e+05
4.957070000000000000e+05
4.957130000000000000e+05
4.957490000000000000e+05
4.957510000000000000e+05
4.957570000000000000e+05
4.957690000000000000e+05
4.957730000000000000e+05
4.957870000000000000e+05
4.957910000000000000e+05
4.957970000000000000e+05
4.957990000000000000e+05
4.958210000000000000e+05
4.958270000000000000e+05
4.958290000000000000e+05
4.958510000000000000e+05
4.958770000000000000e+05
4.958930000000000000e+05
4.958990000000000000e+05
4.959230000000000000e+05
4.959310000000000000e+05
4.959470000000000000e+05
4.959530000000000000e+05
4.959590000000000000e+05
4.959670000000000000e+05
4.959730000000000000e+05
4.959830000000000000e+05
4.960070000000000000e+05
4.960190000000000000e+05
4.960390000000000000e+05
4.960510000000000000e+05
4.960630000000000000e+05
4.960730000000000000e+05
4.960790000000000000e+05
4.961230000000000000e+05
4.961270000000000000e+05
4.961630000000000000e+05
4.961870000000000000e+05
4.961930000000000000e+05
4.962110000000000000e+05
4.962290000000000000e+05
4.962310000000000000e+05
4.962590000000000000e+05
4.962830000000000000e+05
4.962890000000000000e+05
4.962910000000000000e+05
4.962970000000000000e+05
4.963030000000000000e+05
4.963130000000000000e+05
4.963330000000000000e+05
4.963390000000000000e+05
4.963430000000000000e+05
4.963810000000000000e+05
4.963990000000000000e+05
4.964270000000000000e+05
4.964390000000000000e+05
4.964530000000000000e+05
4.964590000000000000e+05
4.964710000000000000e+05
4.964770000000000000e+05
4.964810000000000000e+05
4.964870000000000000e+05
4.964930000000000000e+05
4.964990000000000000e+05
4.965110000000000000e+05
4.965490000000000000e+05
4.965790000000000000e+05
4.965830000000000000e+05
4.966090000000000000e+05
4.966310000000000000e+05
4.966690000000000000e+05
4.966810000000000000e+05
4.966870000000000000e+05
4.967030000000000000e+05
4.967110000000000000e+05
4.967330000000000000e+05
4.967470000000000000e+05
4.967630000000000000e+05
4.967890000000000000e+05
4.968130000000000000e+05
4.968170000000000000e+05
4.968410000000000000e+05
4.968490000000000000e+05
4.968710000000000000e+05
4.968770000000000000e+05
4.968890000000000000e+05
4.968910000000000000e+05
4.968970000000000000e+05
4.969010000000000000e+05
4.969130000000000000e+05
4.969190000000000000e+05
