4.995490000000000000e+05
4.995590000000000000e+05
4.995710000000000000e+05
4.995910000000000000e+05
4.996010000000000000e+05
4.996070000000000000e+05
4.996210000000000000e+05
4.996330000000000000e+05
4.996370000000000000e+05
4.996490000000000000e+05
4.996610000000000000e+05
4.996630000000000000e+05
4.996690000000000000e+05
4.996730000000000000e+05
4.996790000000000000e+05
4.996870000000000000e+05
4.996910000000000000e+05
4.996930000000000000e+05
4.997110000000000000e+05
4.997170000000000000e+05
4.997290000000000000e+05
4.997390000000000000e+05
4.997470000000000000e+05
4.997810000000000000e+05
4.997870000000000000e+05
4.998010000000000000e+05
4.998190000000000000e+05
4.998530000000000000e+05
4.998790000000000000e+05
4.998830000000000000e+05
4.998970000000000000e+05
4.999030000000000000e+05
4.999270000000000000e+05
4.999430000000000000e+05
4.999570000000000000e+05
4.999690000000000000e+05
4.999730000000000000e+05
4.999790000000000000e+05
5.000090000000000000e+05
5.000290000000000000e+05
5.000410000000000000e+05
5.000570000000000000e+05
5.000690000000000000e+05
5.000830000000000000e+05
5.001070000000000000e+05
5.001110000000000000e+05
5.001130000000000000e+05
5.001190000000000000e+05
5.001530000000000000e+05
5.001670000000000000e+05
5.001730000000000000e+05
5.001770000000000000e+05
5.001790000000000000e+05
5.001970000000000000e+05
5.002090000000000000e+05
5.002310000000000000e+05
5.002330000000000000e+05
5.002370000000000000e+05
5.002390000000000000e+05
5.002490000000000000e+05
5.002570000000000000e+05
5.002870000000000000e+05
5.002990000000000000e+05
5.003170000000000000e+05
5.003210000000000000e+05
5.003330000000000000e+05
5.003410000000000000e+05
5.003630000000000000e+05
5.003690000000000000e+05
5.003890000000000000e+05
5.003930000000000000e+05
5.004130000000000000e+05
5.004170000000000000e+05
5.004310000000000000e+05
5.004430000000000000e+05
5.004590000000000000e+05
5.004710000000000000e+05
5.004730000000000000e+05
5.004830000000000000e+05
5.005010000000000000e+05
5.005090000000000000e+05
5.005190000000000000e+05
5.005270000000000000e+05
5.005670000000000000e+05
5.005790000000000000e+05
5.005870000000000000e+05
5.006030000000000000e+05
5.006290000000000000e+05
5.006710000000000000e+05
5.006770000000000000e+05
5.006930000000000000e+05
5.006990000000000000e+05
5.007130000000000000e+05
5.007190000000000000e+05
5.007230000000000000e+05
5.007290000000000000e+05
5.007410000000000000e+05
5.007770000000000000e+05
5.007910000000000000e+05
5.008070000000000000e+05
