5.008090000000000000e+05
5.008310000000000000e+05
5.008390000000000000e+05
5.008610000000000000e+05
5.008730000000000000e+05
5.008810000000000000e+05
5.008870000000000000e+05
5.008910000000000000e+05
5.009090000000000000e+05
5.009110000000000000e+05
5.009210000000000000e+05
5.009230000000000000e+05
5.009330000000000000e+05
5.009470000000000000e+05
5.009530000000000000e+05
5.009570000000000000e+05
5.009770000000000000e+05
5.010010000000000000e+05
5.010130000000000000e+05
5.010190000000000000e+05
5.010290000000000000e+05
5.010310000000000000e+05
5.010370000000000000e+05
5.010430000000000000e+05
5.010770000000000000e+05
5.010890000000000000e+05
5.011030000000000000e+05
5.011210000000000000e+05
5.011310000000000000e+05
5.011330000000000000e+05
5.011390000000000000e+05
5.011570000000000000e+05
5.011730000000000000e+05
5.011870000000000000e+05
5.011910000000000000e+05
5.011970000000000000e+05
5.012030000000000000e+05
5.012090000000000000e+05
5.012170000000000000e+05
5.012230000000000000e+05
5.012290000000000000e+05
5.012330000000000000e+05
5.012570000000000000e+05
5.012710000000000000e+05
5.012870000000000000e+05
5.012990000000000000e+05
5.013170000000000000e+05
5.013410000000000000e+05
5.013430000000000000e+05
5.013670000000000000e+05
5.013830000000000000e+05
5.014010000000000000e+05
5.014090000000000000e+05
5.014190000000000000e+05
5.014270000000000000e+05
5.014510000000000000e+05
5.014630000000000000e+05
5.014930000000000000e+05
5.015030000000000000e+05
5.015110000000000000e+05
5.015630000000000000e+05
5.015770000000000000e+05
5.015930000000000000e+05
5.016010000000000000e+05
5.016170000000000000e+05
5.016230000000000000e+05
5.016370000000000000e+05
5.016590000000000000e+05
5.016910000000000000e+05
5.017010000000000000e+05
5.017030000000000000e+05
5.017070000000000000e+05
5.017190000000000000e+05
5.017310000000000000e+05
5.017690000000000000e+05
5.017790000000000000e+05
5.018030000000000000e+05
5.018170000000000000e+05
5.018210000000000000e+05
5.018270000000000000e+05
5.018290000000000000e+05
5.018410000000000000e+05
5.018630000000000000e+05
5.018890000000000000e+05
5.019110000000000000e+05
5.019310000000000000e+05
5.019470000000000000e+05
5.019530000000000000e+05
5.019670000000000000e+05
5.019710000000000000e+05
5.019970000000000000e+05
5.020010000000000000e+05
5.020130000000000000e+05
5.020390000000000000e+05
5.020430000000000000e+05
5.020570000000000000e+05
5.020630000000000000e+05
5.020790000000000000e+05
5.020810000000000000e+05
5.020870000000000000e+05
