5.035990000000000000e+05
5.036090000000000000e+05
5.036110000000000000e+05
5.036210000000000000e+05
5.036230000000000000e+05
5.036470000000000000e+05
5.036530000000000000e+05
5.036630000000000000e+05
5.037070000000000000e+05
5.037170000000000000e+05
5.037430000000000000e+05
5.037530000000000000e+05
5.037710000000000000e+05
5.037770000000000000e+05
5.037790000000000000e+05
5.037910000000000000e+05
5.038030000000000000e+05
5.038190000000000000e+05
5.038210000000000000e+05
5.038270000000000000e+05
5.038510000000000000e+05
5.038570000000000000e+05
5.038690000000000000e+05
5.038790000000000000e+05
5.039110000000000000e+05
5.039270000000000000e+05
5.039290000000000000e+05
5.039390000000000000e+05
5.039470000000000000e+05
5.039590000000000000e+05
5.039630000000000000e+05
5.039690000000000000e+05
5.039830000000000000e+05
5.039890000000000000e+05
5.040010000000000000e+05
5.040110000000000000e+05
5.040170000000000000e+05
5.040470000000000000e+05
5.040610000000000000e+05
5.040730000000000000e+05
5.041030000000000000e+05
5.041210000000000000e+05
5.041390000000000000e+05
5.041430000000000000e+05
5.041490000000000000e+05
5.041510000000000000e+05
5.041570000000000000e+05
5.041810000000000000e+05
5.041870000000000000e+05
5.041970000000000000e+05
5.042090000000000000e+05
5.042210000000000000e+05
5.042470000000000000e+05
5.042690000000000000e+05
5.042890000000000000e+05
5.042990000000000000e+05
5.043070000000000000e+05
5.043110000000000000e+05
5.043230000000000000e+05
5.043370000000000000e+05
5.043490000000000000e+05
5.043530000000000000e+05
5.043590000000000000e+05
5.043770000000000000e+05
5.043790000000000000e+05
5.043890000000000000e+05
5.044030000000000000e+05
5.044570000000000000e+05
5.044610000000000000e+05
5.044730000000000000e+05
5.044790000000000000e+05
5.045210000000000000e+05
5.045230000000000000e+05
5.045270000000000000e+05
5.045470000000000000e+05
5.045630000000000000e+05
5.045930000000000000e+05
5.045990000000000000e+05
5.046070000000000000e+05
5.046170000000000000e+05
5.046190000000000000e+05
5.046310000000000000e+05
5.046610000000000000e+05
5.046670000000000000e+05
5.046710000000000000e+05
5.046770000000000000e+05
5.046830000000000000e+05
5.047270000000000000e+05
5.047670000000000000e+05
5.047870000000000000e+05
5.047970000000000000e+05
5.047990000000000000e+05
5.048170000000000000e+05
5.048210000000000000e+05
5.048510000000000000e+05
5.048530000000000000e+05
5.048570000000000000e+05
5.048710000000000000e+05
5.048770000000000000e+05
5.048930000000000000e+05
