5.049010000000000000e+05
5.049290000000000000e+05
5.049370000000000000e+05
5.049430000000000000e+05
5.049470000000000000e+05
5.049530000000000000e+05
5.049670000000000000e+05
5.049830000000000000e+05
5.049890000000000000e+05
5.049910000000000000e+05
5.050270000000000000e+05
5.050310000000000000e+05
5.050330000000000000e+05
5.050490000000000000e+05
5.050510000000000000e+05
5.050610000000000000e+05
5.050670000000000000e+05
5.050730000000000000e+05
5.050910000000000000e+05
5.050970000000000000e+05
5.051110000000000000e+05
5.051170000000000000e+05
5.051230000000000000e+05
5.051290000000000000e+05
5.051390000000000000e+05
5.051570000000000000e+05
5.051590000000000000e+05
5.051810000000000000e+05
5.051870000000000000e+05
5.052010000000000000e+05
5.052130000000000000e+05
5.052310000000000000e+05
5.052370000000000000e+05
5.052770000000000000e+05
5.052790000000000000e+05
5.052830000000000000e+05
5.053010000000000000e+05
5.053130000000000000e+05
5.053190000000000000e+05
5.053210000000000000e+05
5.053270000000000000e+05
5.053390000000000000e+05
5.053570000000000000e+05
5.053670000000000000e+05
5.053690000000000000e+05
5.053990000000000000e+05
5.054090000000000000e+05
5.054110000000000000e+05
5.054290000000000000e+05
5.054470000000000000e+05
5.054590000000000000e+05
5.054690000000000000e+05
5.054810000000000000e+05
5.054930000000000000e+05
5.055010000000000000e+05
5.055110000000000000e+05
5.055130000000000000e+05
5.055230000000000000e+05
5.055370000000000000e+05
5.055590000000000000e+05
5.055730000000000000e+05
5.056010000000000000e+05
5.056070000000000000e+05
5.056130000000000000e+05
5.056190000000000000e+05
5.056330000000000000e+05
5.056390000000000000e+05
5.056430000000000000e+05
5.056570000000000000e+05
5.056630000000000000e+05
5.056690000000000000e+05
5.056910000000000000e+05
5.056930000000000000e+05
5.057090000000000000e+05
5.057110000000000000e+05
5.057270000000000000e+05
5.057590000000000000e+05
5.057630000000000000e+05
5.057770000000000000e+05
5.057810000000000000e+05
5.058110000000000000e+05
5.058190000000000000e+05
5.058230000000000000e+05
5.058670000000000000e+05
5.058710000000000000e+05
5.058770000000000000e+05
5.059070000000000000e+05
5.059190000000000000e+05
5.059270000000000000e+05
5.059490000000000000e+05
5.059610000000000000e+05
5.059690000000000000e+05
5.059790000000000000e+05
5.060470000000000000e+05
5.060710000000000000e+05
5.060830000000000000e+05
5.061010000000000000e+05
5.061130000000000000e+05
5.061190000000000000e+05
5.061310000000000000e+05
