5.061470000000000000e+05
5.061710000000000000e+05
5.061730000000000000e+05
5.061830000000000000e+05
5.062010000000000000e+05
5.062130000000000000e+05
5.062510000000000000e+05
5.062630000000000000e+05
5.062690000000000000e+05
5.062810000000000000e+05
5.062910000000000000e+05
5.063270000000000000e+05
5.063290000000000000e+05
5.063330000000000000e+05
5.063390000000000000e+05
5.063470000000000000e+05
5.063510000000000000e+05
5.063570000000000000e+05
5.063810000000000000e+05
5.063930000000000000e+05
5.064170000000000000e+05
5.064230000000000000e+05
5.064490000000000000e+05
5.064590000000000000e+05
5.064610000000000000e+05
5.064790000000000000e+05
5.064910000000000000e+05
5.065010000000000000e+05
5.065070000000000000e+05
5.065310000000000000e+05
5.065330000000000000e+05
5.065370000000000000e+05
5.065510000000000000e+05
5.065630000000000000e+05
5.065730000000000000e+05
5.065910000000000000e+05
5.065930000000000000e+05
5.065990000000000000e+05
5.066090000000000000e+05
5.066290000000000000e+05
5.066470000000000000e+05
5.066630000000000000e+05
5.066830000000000000e+05
5.066870000000000000e+05
5.066890000000000000e+05
5.066990000000000000e+05
5.067290000000000000e+05
5.067310000000000000e+05
5.067430000000000000e+05
5.067730000000000000e+05
5.067830000000000000e+05
5.067910000000000000e+05
5.067970000000000000e+05
5.068090000000000000e+05
5.068370000000000000e+05
5.068430000000000000e+05
5.068610000000000000e+05
5.068730000000000000e+05
5.068870000000000000e+05
5.068930000000000000e+05
5.068990000000000000e+05
5.069030000000000000e+05
5.069110000000000000e+05
5.069290000000000000e+05
5.069410000000000000e+05
5.069630000000000000e+05
5.069830000000000000e+05
5.069930000000000000e+05
5.069990000000000000e+05
5.070290000000000000e+05
5.070490000000000000e+05
5.070710000000000000e+05
5.070770000000000000e+05
5.070790000000000000e+05
5.071030000000000000e+05
5.071090000000000000e+05
5.071130000000000000e+05
5.071190000000000000e+05
5.071370000000000000e+05
5.071390000000000000e+05
5.071490000000000000e+05
5.071510000000000000e+05
5.071630000000000000e+05
5.071930000000000000e+05
5.071970000000000000e+05
5.072170000000000000e+05
5.072890000000000000e+05
5.073010000000000000e+05
5.073130000000000000e+05
5.073170000000000000e+05
5.073290000000000000e+05
5.073470000000000000e+05
5.073490000000000000e+05
5.073590000000000000e+05
5.073610000000000000e+05
5.073710000000000000e+05
5.073830000000000000e+05
5.074010000000000000e+05
5.074210000000000000e+05
5.074310000000000000e+05
