5.088410000000000000e+05
5.088470000000000000e+05
5.088670000000000000e+05
5.089010000000000000e+05
5.089030000000000000e+05
5.089090000000000000e+05
5.089130000000000000e+05
5.089190000000000000e+05
5.089310000000000000e+05
5.089430000000000000e+05
5.089510000000000000e+05
5.089570000000000000e+05
5.089610000000000000e+05
5.089690000000000000e+05
5.089730000000000000e+05
5.089870000000000000e+05
5.090230000000000000e+05
5.090270000000000000e+05
5.090530000000000000e+05
5.090630000000000000e+05
5.090710000000000000e+05
5.090870000000000000e+05
5.091010000000000000e+05
5.091230000000000000e+05
5.091370000000000000e+05
5.091470000000000000e+05
5.091490000000000000e+05
5.092030000000000000e+05
5.092210000000000000e+05
5.092270000000000000e+05
5.092390000000000000e+05
5.092630000000000000e+05
5.092810000000000000e+05
5.092870000000000000e+05
5.092930000000000000e+05
5.092970000000000000e+05
5.093170000000000000e+05
5.093290000000000000e+05
5.093590000000000000e+05
5.093630000000000000e+05
5.093890000000000000e+05
5.093930000000000000e+05
5.094130000000000000e+05
5.094170000000000000e+05
5.094290000000000000e+05
5.094410000000000000e+05
5.094490000000000000e+05
5.094770000000000000e+05
5.095130000000000000e+05
5.095210000000000000e+05
5.095430000000000000e+05
5.095490000000000000e+05
5.095570000000000000e+05
5.095630000000000000e+05
5.095690000000000000e+05
5.095730000000000000e+05
5.095810000000000000e+05
5.095910000000000000e+05
5.096030000000000000e+05
5.096230000000000000e+05
5.096330000000000000e+05
5.096470000000000000e+05
5.096530000000000000e+05
5.096590000000000000e+05
5.096810000000000000e+05
5.096870000000000000e+05
5.096890000000000000e+05
5.096930000000000000e+05
5.096990000000000000e+05
5.097230000000000000e+05
5.097310000000000000e+05
5.097370000000000000e+05
5.097410000000000000e+05
5.097670000000000000e+05
5.097830000000000000e+05
5.097970000000000000e+05
5.098010000000000000e+05
5.098330000000000000e+05
5.098370000000000000e+05
5.098430000000000000e+05
5.098630000000000000e+05
5.098670000000000000e+05
5.098790000000000000e+05
5.099090000000000000e+05
5.099110000000000000e+05
5.099210000000000000e+05
5.099390000000000000e+05
5.099470000000000000e+05
5.099590000000000000e+05
5.099630000000000000e+05
5.099890000000000000e+05
5.100070000000000000e+05
5.100310000000000000e+05
5.100470000000000000e+05
5.100490000000000000e+05
5.100610000000000000e+05
5.100670000000000000e+05
5.100730000000000000e+05
5.100770000000000000e+05
5.100790000000000000e+05
