5.114390000000000000e+05
5.114470000000000000e+05
5.114530000000000000e+05
5.114570000000000000e+05
5.114630000000000000e+05
5.114770000000000000e+05
5.114870000000000000e+05
5.115070000000000000e+05
5.115190000000000000e+05
5.115230000000000000e+05
5.115410000000000000e+05
5.115490000000000000e+05
5.115590000000000000e+05
5.115730000000000000e+05
5.115790000000000000e+05
5.115830000000000000e+05
5.115910000000000000e+05
5.116030000000000000e+05
5.116270000000000000e+05
5.116310000000000000e+05
5.116330000000000000e+05
5.116690000000000000e+05
5.116910000000000000e+05
5.117030000000000000e+05
5.117110000000000000e+05
5.117230000000000000e+05
5.117570000000000000e+05
5.117870000000000000e+05
5.117930000000000000e+05
5.118010000000000000e+05
5.118110000000000000e+05
5.118310000000000000e+05
5.118430000000000000e+05
5.118590000000000000e+05
5.118670000000000000e+05
5.118730000000000000e+05
5.118910000000000000e+05
5.118970000000000000e+05
5.119090000000000000e+05
5.119330000000000000e+05
5.119390000000000000e+05
5.119610000000000000e+05
5.119630000000000000e+05
5.119910000000000000e+05
5.119970000000000000e+05
5.120090000000000000e+05
5.120110000000000000e+05
5.120210000000000000e+05
5.120470000000000000e+05
5.120590000000000000e+05
5.120930000000000000e+05
5.121010000000000000e+05
5.121370000000000000e+05
5.121470000000000000e+05
5.121670000000000000e+05
5.122070000000000000e+05
5.122490000000000000e+05
5.122510000000000000e+05
5.122690000000000000e+05
5.122870000000000000e+05
5.123110000000000000e+05
5.123210000000000000e+05
5.123330000000000000e+05
5.123530000000000000e+05
5.123890000000000000e+05
5.124190000000000000e+05
5.124290000000000000e+05
5.124430000000000000e+05
5.124670000000000000e+05
5.124970000000000000e+05
5.125030000000000000e+05
5.125070000000000000e+05
5.125210000000000000e+05
5.125310000000000000e+05
5.125370000000000000e+05
5.125430000000000000e+05
5.125690000000000000e+05
5.125730000000000000e+05
5.125790000000000000e+05
5.125810000000000000e+05
5.125910000000000000e+05
5.125930000000000000e+05
5.125970000000000000e+05
5.126090000000000000e+05
5.126210000000000000e+05
5.126410000000000000e+05
5.126570000000000000e+05
5.126630000000000000e+05
5.126710000000000000e+05
5.126830000000000000e+05
5.127110000000000000e+05
5.127130000000000000e+05
5.127170000000000000e+05
5.127410000000000000e+05
5.127470000000000000e+05
5.127610000000000000e+05
5.127670000000000000e+05
5.127790000000000000e+05
5.127970000000000000e+05
5.128030000000000000e+05
