5.140790000000000000e+05
5.140810000000000000e+05
5.140930000000000000e+05
5.141030000000000000e+05
5.141170000000000000e+05
5.141230000000000000e+05
5.141270000000000000e+05
5.141470000000000000e+05
5.141770000000000000e+05
5.141870000000000000e+05
5.142010000000000000e+05
5.142190000000000000e+05
5.142290000000000000e+05
5.142430000000000000e+05
5.142470000000000000e+05
5.142490000000000000e+05
5.142710000000000000e+05
5.142770000000000000e+05
5.142890000000000000e+05
5.143090000000000000e+05
5.143130000000000000e+05
5.143330000000000000e+05
5.143430000000000000e+05
5.143570000000000000e+05
5.143610000000000000e+05
5.143790000000000000e+05
5.143990000000000000e+05
5.144170000000000000e+05
5.144290000000000000e+05
5.144330000000000000e+05
5.144530000000000000e+05
5.144990000000000000e+05
5.145130000000000000e+05
5.145190000000000000e+05
5.145230000000000000e+05
5.145290000000000000e+05
5.145310000000000000e+05
5.145430000000000000e+05
5.145610000000000000e+05
5.145710000000000000e+05
5.146210000000000000e+05
5.146370000000000000e+05
5.146390000000000000e+05
5.146430000000000000e+05
5.146490000000000000e+05
5.146510000000000000e+05
5.146690000000000000e+05
5.146810000000000000e+05
5.147110000000000000e+05
5.147330000000000000e+05
5.147390000000000000e+05
5.147410000000000000e+05
5.147470000000000000e+05
5.147510000000000000e+05
5.147570000000000000e+05
5.147690000000000000e+05
5.147830000000000000e+05
5.147930000000000000e+05
5.148190000000000000e+05
5.148230000000000000e+05
5.148310000000000000e+05
5.148410000000000000e+05
5.148470000000000000e+05
5.148530000000000000e+05
5.148590000000000000e+05
5.148670000000000000e+05
5.148730000000000000e+05
5.148890000000000000e+05
5.149030000000000000e+05
5.149330000000000000e+05
5.149390000000000000e+05
5.149490000000000000e+05
5.149670000000000000e+05
5.150410000000000000e+05
5.150870000000000000e+05
5.150890000000000000e+05
5.151110000000000000e+05
5.151430000000000000e+05
5.151490000000000000e+05
5.151530000000000000e+05
5.151730000000000000e+05
5.151910000000000000e+05
5.152270000000000000e+05
5.152310000000000000e+05
5.152330000000000000e+05
5.152370000000000000e+05
5.152790000000000000e+05
5.152930000000000000e+05
5.153110000000000000e+05
5.153230000000000000e+05
5.153510000000000000e+05
5.153570000000000000e+05
5.153690000000000000e+05
5.153710000000000000e+05
5.153770000000000000e+05
5.153810000000000000e+05
5.154010000000000000e+05
5.154290000000000000e+05
5.154770000000000000e+05
5.155070000000000000e+05
