5.167090000000000000e+05
5.167130000000000000e+05
5.167210000000000000e+05
5.167270000000000000e+05
5.167570000000000000e+05
5.167930000000000000e+05
5.168110000000000000e+05
5.168210000000000000e+05
5.168290000000000000e+05
5.168390000000000000e+05
5.168470000000000000e+05
5.168710000000000000e+05
5.168770000000000000e+05
5.168830000000000000e+05
5.169070000000000000e+05
5.169110000000000000e+05
5.169310000000000000e+05
5.169470000000000000e+05
5.169490000000000000e+05
5.169590000000000000e+05
5.169730000000000000e+05
5.169770000000000000e+05
5.169790000000000000e+05
5.169910000000000000e+05
5.170030000000000000e+05
5.170430000000000000e+05
5.170610000000000000e+05
5.170670000000000000e+05
5.170730000000000000e+05
5.170790000000000000e+05
5.170810000000000000e+05
5.170870000000000000e+05
5.170910000000000000e+05
5.171290000000000000e+05
5.171510000000000000e+05
5.171690000000000000e+05
5.171770000000000000e+05
5.171830000000000000e+05
5.171890000000000000e+05
5.172070000000000000e+05
5.172110000000000000e+05
5.172170000000000000e+05
5.172290000000000000e+05
5.172410000000000000e+05
5.172430000000000000e+05
5.172490000000000000e+05
5.172610000000000000e+05
5.172670000000000000e+05
5.172770000000000000e+05
5.172890000000000000e+05
5.173030000000000000e+05
5.173370000000000000e+05
5.173430000000000000e+05
5.173670000000000000e+05
5.173730000000000000e+05
5.173810000000000000e+05
5.173930000000000000e+05
5.173990000000000000e+05
5.174030000000000000e+05
5.174110000000000000e+05
5.174170000000000000e+05
5.174570000000000000e+05
5.174590000000000000e+05
5.174690000000000000e+05
5.174710000000000000e+05
5.174810000000000000e+05
5.174870000000000000e+05
5.174990000000000000e+05
5.175010000000000000e+05
5.175070000000000000e+05
5.175110000000000000e+05
5.175130000000000000e+05
5.175470000000000000e+05
5.175490000000000000e+05
5.175530000000000000e+05
5.175710000000000000e+05
5.175770000000000000e+05
5.175890000000000000e+05
5.175970000000000000e+05
5.176030000000000000e+05
5.176090000000000000e+05
5.176130000000000000e+05
5.176190000000000000e+05
5.176370000000000000e+05
5.176390000000000000e+05
5.177110000000000000e+05
5.177170000000000000e+05
5.177210000000000000e+05
5.177290000000000000e+05
5.177330000000000000e+05
5.177390000000000000e+05
5.177470000000000000e+05
5.178170000000000000e+05
5.178230000000000000e+05
5.178310000000000000e+05
5.178610000000000000e+05
5.178730000000000000e+05
5.178770000000000000e+05
5.179010000000000000e+05
5.179190000000000000e+05
