5.179270000000000000e+05
5.179310000000000000e+05
5.179490000000000000e+05
5.179670000000000000e+05
5.179810000000000000e+05
5.179910000000000000e+05
5.179990000000000000e+05
5.180170000000000000e+05
5.180470000000000000e+05
5.180570000000000000e+05
5.180590000000000000e+05
5.180830000000000000e+05
5.180990000000000000e+05
5.181010000000000000e+05
5.181130000000000000e+05
5.181230000000000000e+05
5.181290000000000000e+05
5.181310000000000000e+05
5.181370000000000000e+05
5.181530000000000000e+05
5.181590000000000000e+05
5.181710000000000000e+05
5.181790000000000000e+05
5.181910000000000000e+05
5.182070000000000000e+05
5.182090000000000000e+05
5.182330000000000000e+05
5.182370000000000000e+05
5.182390000000000000e+05
5.182490000000000000e+05
5.182610000000000000e+05
5.182910000000000000e+05
5.182990000000000000e+05
5.183110000000000000e+05
5.183270000000000000e+05
5.183410000000000000e+05
5.183870000000000000e+05
5.183890000000000000e+05
5.184110000000000000e+05
5.184170000000000000e+05
5.184290000000000000e+05
5.184310000000000000e+05
5.184470000000000000e+05
5.184670000000000000e+05
5.184710000000000000e+05
5.184730000000000000e+05
5.185090000000000000e+05
5.185210000000000000e+05
5.185330000000000000e+05
5.185430000000000000e+05
5.185790000000000000e+05
5.185870000000000000e+05
5.185970000000000000e+05
5.186110000000000000e+05
5.186210000000000000e+05
5.186570000000000000e+05
5.186890000000000000e+05
5.186990000000000000e+05
5.187170000000000000e+05
5.187290000000000000e+05
5.187370000000000000e+05
5.187410000000000000e+05
5.187430000000000000e+05
5.187470000000000000e+05
5.187590000000000000e+05
5.187610000000000000e+05
5.187670000000000000e+05
5.187790000000000000e+05
5.188010000000000000e+05
5.188030000000000000e+05
5.188070000000000000e+05
5.188090000000000000e+05
5.188130000000000000e+05
5.188310000000000000e+05
5.188630000000000000e+05
5.188670000000000000e+05
5.188930000000000000e+05
5.189110000000000000e+05
5.189330000000000000e+05
5.189530000000000000e+05
5.189810000000000000e+05
5.189830000000000000e+05
5.189890000000000000e+05
5.190110000000000000e+05
5.190310000000000000e+05
5.190370000000000000e+05
5.190670000000000000e+05
5.190830000000000000e+05
5.190890000000000000e+05
5.190910000000000000e+05
5.190970000000000000e+05
5.191070000000000000e+05
5.191190000000000000e+05
5.191210000000000000e+05
5.191310000000000000e+05
5.191510000000000000e+05
5.191610000000000000e+05
5.191930000000000000e+05
5.192170000000000000e+05
5.192270000000000000e+05
