5.192290000000000000e+05
5.192470000000000000e+05
5.192570000000000000e+05
5.192690000000000000e+05
5.192830000000000000e+05
5.192870000000000000e+05
5.193010000000000000e+05
5.193070000000000000e+05
5.193490000000000000e+05
5.193530000000000000e+05
5.193590000000000000e+05
5.193710000000000000e+05
5.193730000000000000e+05
5.193830000000000000e+05
5.193910000000000000e+05
5.194130000000000000e+05
5.194270000000000000e+05
5.194330000000000000e+05
5.194570000000000000e+05
5.194870000000000000e+05
5.194990000000000000e+05
5.195090000000000000e+05
5.195210000000000000e+05
5.195230000000000000e+05
5.195270000000000000e+05
5.195390000000000000e+05
5.195510000000000000e+05
5.195530000000000000e+05
5.195770000000000000e+05
5.195810000000000000e+05
5.195870000000000000e+05
5.196110000000000000e+05
5.196190000000000000e+05
5.196430000000000000e+05
5.196470000000000000e+05
5.196670000000000000e+05
5.196830000000000000e+05
5.196910000000000000e+05
5.197030000000000000e+05
5.197130000000000000e+05
5.197330000000000000e+05
5.197370000000000000e+05
5.197690000000000000e+05
5.197870000000000000e+05
5.197930000000000000e+05
5.197970000000000000e+05
5.198030000000000000e+05
5.198170000000000000e+05
5.198630000000000000e+05
5.198810000000000000e+05
5.198890000000000000e+05
5.199070000000000000e+05
5.199170000000000000e+05
5.199190000000000000e+05
5.199230000000000000e+05
5.199310000000000000e+05
5.199430000000000000e+05
5.199470000000000000e+05
5.199710000000000000e+05
5.199890000000000000e+05
5.199970000000000000e+05
5.200190000000000000e+05
5.200210000000000000e+05
5.200310000000000000e+05
5.200430000000000000e+05
5.200630000000000000e+05
5.200670000000000000e+05
5.200730000000000000e+05
5.201030000000000000e+05
5.201110000000000000e+05
5.201230000000000000e+05
5.201290000000000000e+05
5.201510000000000000e+05
5.201930000000000000e+05
5.202130000000000000e+05
5.202410000000000000e+05
5.202790000000000000e+05
5.202910000000000000e+05
5.202970000000000000e+05
5.203070000000000000e+05
5.203090000000000000e+05
5.203130000000000000e+05
5.203390000000000000e+05
5.203490000000000000e+05
5.203570000000000000e+05
5.203610000000000000e+05
5.203630000000000000e+05
5.203690000000000000e+05
5.203790000000000000e+05
5.203810000000000000e+05
5.203930000000000000e+05
5.204090000000000000e+05
5.204110000000000000e+05
5.204230000000000000e+05
5.204270000000000000e+05
5.204330000000000000e+05
5.204470000000000000e+05
5.204510000000000000e+05
5.205290000000000000e+05
5.205470000000000000e+05
