5.205490000000000000e+05
5.205670000000000000e+05
5.205710000000000000e+05
5.205890000000000000e+05
5.206070000000000000e+05
5.206090000000000000e+05
5.206210000000000000e+05
5.206310000000000000e+05
5.206330000000000000e+05
5.206490000000000000e+05
5.206790000000000000e+05
5.206910000000000000e+05
5.206990000000000000e+05
5.207030000000000000e+05
5.207170000000000000e+05
5.207210000000000000e+05
5.207470000000000000e+05
5.207590000000000000e+05
5.207630000000000000e+05
5.207870000000000000e+05
5.208130000000000000e+05
5.208370000000000000e+05
5.208410000000000000e+05
5.208530000000000000e+05
5.208670000000000000e+05
5.208890000000000000e+05
5.209130000000000000e+05
5.209210000000000000e+05
5.209430000000000000e+05
5.209570000000000000e+05
5.209630000000000000e+05
5.209670000000000000e+05
5.209690000000000000e+05
5.209810000000000000e+05
5.210090000000000000e+05
5.210210000000000000e+05
5.210230000000000000e+05
5.210390000000000000e+05
5.210410000000000000e+05
5.210470000000000000e+05
5.210510000000000000e+05
5.210630000000000000e+05
5.211070000000000000e+05
5.211190000000000000e+05
5.211370000000000000e+05
5.211530000000000000e+05
5.211610000000000000e+05
5.211670000000000000e+05
5.211730000000000000e+05
5.211770000000000000e+05
5.211790000000000000e+05
5.212010000000000000e+05
5.212310000000000000e+05
5.212430000000000000e+05
5.212510000000000000e+05
5.212670000000000000e+05
5.212810000000000000e+05
5.212990000000000000e+05
5.213090000000000000e+05
5.213170000000000000e+05
5.213290000000000000e+05
5.213570000000000000e+05
5.213590000000000000e+05
5.213630000000000000e+05
5.213690000000000000e+05
5.213770000000000000e+05
5.213930000000000000e+05
5.213990000000000000e+05
5.214010000000000000e+05
5.214290000000000000e+05
5.214470000000000000e+05
5.214710000000000000e+05
5.214830000000000000e+05
5.214910000000000000e+05
5.214970000000000000e+05
5.215030000000000000e+05
5.215190000000000000e+05
5.215270000000000000e+05
5.215330000000000000e+05
5.215370000000000000e+05
5.215390000000000000e+05
5.215510000000000000e+05
5.215570000000000000e+05
5.215670000000000000e+05
5.215810000000000000e+05
5.216030000000000000e+05
5.216410000000000000e+05
5.216570000000000000e+05
5.216590000000000000e+05
5.216690000000000000e+05
5.216710000000000000e+05
5.216930000000000000e+05
5.217070000000000000e+05
5.217230000000000000e+05
5.217430000000000000e+05
5.217490000000000000e+05
5.217530000000000000e+05
5.217670000000000000e+05
5.217770000000000000e+05
5.217890000000000000e+05
