5.217910000000000000e+05
5.218090000000000000e+05
5.218130000000000000e+05
5.218190000000000000e+05
5.218310000000000000e+05
5.218610000000000000e+05
5.218690000000000000e+05
5.218790000000000000e+05
5.218810000000000000e+05
5.218870000000000000e+05
5.218970000000000000e+05
5.219030000000000000e+05
5.219230000000000000e+05
5.219290000000000000e+05
5.219810000000000000e+05
5.219930000000000000e+05
5.219990000000000000e+05
5.220170000000000000e+05
5.220370000000000000e+05
5.220470000000000000e+05
5.220590000000000000e+05
5.220610000000000000e+05
5.220730000000000000e+05
5.220790000000000000e+05
5.220830000000000000e+05
5.221130000000000000e+05
5.221270000000000000e+05
5.221570000000000000e+05
5.221610000000000000e+05
5.221670000000000000e+05
5.221910000000000000e+05
5.221990000000000000e+05
5.222110000000000000e+05
5.222270000000000000e+05
5.222290000000000000e+05
5.222330000000000000e+05
5.222390000000000000e+05
5.222510000000000000e+05
5.222590000000000000e+05
5.222810000000000000e+05
5.222830000000000000e+05
5.222890000000000000e+05
5.223170000000000000e+05
5.223230000000000000e+05
5.223370000000000000e+05
5.223710000000000000e+05
5.223730000000000000e+05
5.223830000000000000e+05
5.223910000000000000e+05
5.224090000000000000e+05
5.224130000000000000e+05
5.224390000000000000e+05
5.224490000000000000e+05
5.224690000000000000e+05
5.224790000000000000e+05
5.224970000000000000e+05
5.225170000000000000e+05
5.225210000000000000e+05
5.225230000000000000e+05
5.225410000000000000e+05
5.225530000000000000e+05
5.225690000000000000e+05
5.226010000000000000e+05
5.226230000000000000e+05
5.226370000000000000e+05
5.226590000000000000e+05
5.226610000000000000e+05
5.226730000000000000e+05
5.226770000000000000e+05
5.226790000000000000e+05
5.226890000000000000e+05
5.227030000000000000e+05
5.227070000000000000e+05
5.227190000000000000e+05
5.227370000000000000e+05
5.227490000000000000e+05
5.227570000000000000e+05
5.227610000000000000e+05
5.227630000000000000e+05
5.227870000000000000e+05
5.228110000000000000e+05
5.228270000000000000e+05
5.228290000000000000e+05
5.228390000000000000e+05
5.228530000000000000e+05
5.228570000000000000e+05
5.228710000000000000e+05
5.228810000000000000e+05
5.228830000000000000e+05
5.228870000000000000e+05
5.229190000000000000e+05
5.229430000000000000e+05
5.229470000000000000e+05
5.229590000000000000e+05
5.229610000000000000e+05
5.229890000000000000e+05
5.230070000000000000e+05
5.230210000000000000e+05
5.230310000000000000e+05
5.230490000000000000e+05
