5.244290000000000000e+05
5.244530000000000000e+05
5.244970000000000000e+05
5.245070000000000000e+05
5.245090000000000000e+05
5.245190000000000000e+05
5.245210000000000000e+05
5.245910000000000000e+05
5.245930000000000000e+05
5.245990000000000000e+05
5.246330000000000000e+05
5.246690000000000000e+05
5.246810000000000000e+05
5.246830000000000000e+05
5.247010000000000000e+05
5.247070000000000000e+05
5.247310000000000000e+05
5.247430000000000000e+05
5.247890000000000000e+05
5.248010000000000000e+05
5.248030000000000000e+05
5.248270000000000000e+05
5.248310000000000000e+05
5.248570000000000000e+05
5.248630000000000000e+05
5.248690000000000000e+05
5.248730000000000000e+05
5.248930000000000000e+05
5.248990000000000000e+05
5.249210000000000000e+05
5.249330000000000000e+05
5.249390000000000000e+05
5.249410000000000000e+05
5.249470000000000000e+05
5.249570000000000000e+05
5.249590000000000000e+05
5.249630000000000000e+05
5.249690000000000000e+05
5.249710000000000000e+05
5.249810000000000000e+05
5.249830000000000000e+05
5.249990000000000000e+05
5.250010000000000000e+05
5.250130000000000000e+05
5.250170000000000000e+05
5.250290000000000000e+05
5.250430000000000000e+05
5.251010000000000000e+05
5.251270000000000000e+05
5.251370000000000000e+05
5.251430000000000000e+05
5.251570000000000000e+05
5.251630000000000000e+05
5.251670000000000000e+05
5.251910000000000000e+05
5.251930000000000000e+05
5.251990000000000000e+05
5.252090000000000000e+05
5.252210000000000000e+05
5.252410000000000000e+05
5.252470000000000000e+05
5.252530000000000000e+05
5.252570000000000000e+05
5.252990000000000000e+05
5.253130000000000000e+05
5.253530000000000000e+05
5.253590000000000000e+05
5.253610000000000000e+05
5.253730000000000000e+05
5.253770000000000000e+05
5.253790000000000000e+05
5.253910000000000000e+05
5.253970000000000000e+05
5.254090000000000000e+05
5.254310000000000000e+05
5.254330000000000000e+05
5.254390000000000000e+05
5.254570000000000000e+05
5.254610000000000000e+05
5.254670000000000000e+05
5.254910000000000000e+05
5.254930000000000000e+05
5.255170000000000000e+05
5.255290000000000000e+05
5.255330000000000000e+05
5.255410000000000000e+05
5.255710000000000000e+05
5.255830000000000000e+05
5.255930000000000000e+05
5.255990000000000000e+05
5.256070000000000000e+05
5.256410000000000000e+05
5.256490000000000000e+05
5.256710000000000000e+05
5.256770000000000000e+05
5.256970000000000000e+05
5.257090000000000000e+05
5.257130000000000000e+05
5.257190000000000000e+05
5.257270000000000000e+05
