5.257310000000000000e+05
5.257390000000000000e+05
5.257690000000000000e+05
5.257730000000000000e+05
5.257810000000000000e+05
5.258090000000000000e+05
5.258170000000000000e+05
5.258390000000000000e+05
5.258690000000000000e+05
5.258710000000000000e+05
5.258870000000000000e+05
5.258930000000000000e+05
5.259130000000000000e+05
5.259230000000000000e+05
5.259370000000000000e+05
5.259470000000000000e+05
5.259490000000000000e+05
5.259530000000000000e+05
5.259610000000000000e+05
5.259790000000000000e+05
5.259830000000000000e+05
5.260270000000000000e+05
5.260370000000000000e+05
5.260490000000000000e+05
5.260510000000000000e+05
5.260630000000000000e+05
5.260670000000000000e+05
5.260690000000000000e+05
5.260730000000000000e+05
5.260870000000000000e+05
5.261170000000000000e+05
5.261210000000000000e+05
5.261390000000000000e+05
5.261570000000000000e+05
5.261590000000000000e+05
5.261890000000000000e+05
5.261930000000000000e+05
5.261990000000000000e+05
5.262130000000000000e+05
5.262230000000000000e+05
5.262310000000000000e+05
5.262490000000000000e+05
5.262710000000000000e+05
5.262830000000000000e+05
5.262890000000000000e+05
5.262910000000000000e+05
5.262970000000000000e+05
5.263070000000000000e+05
5.263670000000000000e+05
5.263730000000000000e+05
5.263810000000000000e+05
5.263870000000000000e+05
5.263910000000000000e+05
5.263970000000000000e+05
5.264230000000000000e+05
5.264290000000000000e+05
5.264410000000000000e+05
5.264530000000000000e+05
5.264590000000000000e+05
5.264830000000000000e+05
5.264990000000000000e+05
5.265010000000000000e+05
5.265110000000000000e+05
5.265310000000000000e+05
5.265430000000000000e+05
5.265710000000000000e+05
5.265730000000000000e+05
5.265830000000000000e+05
5.266010000000000000e+05
5.266190000000000000e+05
5.266270000000000000e+05
5.266330000000000000e+05
5.266370000000000000e+05
5.266490000000000000e+05
5.266510000000000000e+05
5.266570000000000000e+05
5.266670000000000000e+05
5.266790000000000000e+05
5.266810000000000000e+05
5.267030000000000000e+05
5.267090000000000000e+05
5.267170000000000000e+05
5.267330000000000000e+05
5.267390000000000000e+05
5.267410000000000000e+05
5.267590000000000000e+05
5.267630000000000000e+05
5.267770000000000000e+05
5.267810000000000000e+05
5.268290000000000000e+05
5.268310000000000000e+05
5.268370000000000000e+05
5.268530000000000000e+05
5.268590000000000000e+05
5.268710000000000000e+05
5.269090000000000000e+05
5.269130000000000000e+05
5.269310000000000000e+05
5.269370000000000000e+05
5.269430000000000000e+05
