5.283290000000000000e+05
5.283730000000000000e+05
5.283830000000000000e+05
5.283910000000000000e+05
5.284010000000000000e+05
5.284030000000000000e+05
5.284130000000000000e+05
5.284190000000000000e+05
5.284330000000000000e+05
5.284690000000000000e+05
5.284870000000000000e+05
5.284910000000000000e+05
5.285090000000000000e+05
5.285110000000000000e+05
5.285270000000000000e+05
5.285590000000000000e+05
5.286110000000000000e+05
5.286230000000000000e+05
5.286290000000000000e+05
5.286310000000000000e+05
5.286590000000000000e+05
5.286670000000000000e+05
5.286730000000000000e+05
5.286790000000000000e+05
5.286910000000000000e+05
5.287070000000000000e+05
5.287090000000000000e+05
5.287190000000000000e+05
5.287630000000000000e+05
5.287790000000000000e+05
5.287910000000000000e+05
5.287990000000000000e+05
5.288110000000000000e+05
5.288210000000000000e+05
5.288230000000000000e+05
5.288330000000000000e+05
5.288630000000000000e+05
5.288770000000000000e+05
5.288810000000000000e+05
5.288830000000000000e+05
5.289110000000000000e+05
5.289290000000000000e+05
5.289470000000000000e+05
5.289670000000000000e+05
5.289710000000000000e+05
5.289730000000000000e+05
5.289910000000000000e+05
5.290030000000000000e+05
5.290070000000000000e+05
5.290270000000000000e+05
5.290330000000000000e+05
5.290370000000000000e+05
5.290430000000000000e+05
5.290490000000000000e+05
5.290510000000000000e+05
5.290970000000000000e+05
5.291030000000000000e+05
5.291170000000000000e+05
5.291210000000000000e+05
5.291270000000000000e+05
5.291290000000000000e+05
5.291530000000000000e+05
5.291570000000000000e+05
5.291810000000000000e+05
5.291830000000000000e+05
5.292130000000000000e+05
5.292290000000000000e+05
5.292370000000000000e+05
5.292410000000000000e+05
5.292590000000000000e+05
5.292710000000000000e+05
5.292730000000000000e+05
5.293010000000000000e+05
5.293070000000000000e+05
5.293130000000000000e+05
5.293270000000000000e+05
5.293430000000000000e+05
5.293490000000000000e+05
5.293570000000000000e+05
5.293810000000000000e+05
5.293930000000000000e+05
5.294110000000000000e+05
5.294210000000000000e+05
5.294230000000000000e+05
5.294710000000000000e+05
5.294890000000000000e+05
5.295130000000000000e+05
5.295170000000000000e+05
5.295190000000000000e+05
5.295310000000000000e+05
5.295470000000000000e+05
5.295770000000000000e+05
5.295790000000000000e+05
5.296030000000000000e+05
5.296190000000000000e+05
5.296370000000000000e+05
5.296490000000000000e+05
5.296570000000000000e+05
5.296730000000000000e+05
5.296810000000000000e+05
