5.296870000000000000e+05
5.296910000000000000e+05
5.296930000000000000e+05
5.297090000000000000e+05
5.297230000000000000e+05
5.297410000000000000e+05
5.297470000000000000e+05
5.297510000000000000e+05
5.298070000000000000e+05
5.298110000000000000e+05
5.298130000000000000e+05
5.298190000000000000e+05
5.298290000000000000e+05
5.298470000000000000e+05
5.298710000000000000e+05
5.299270000000000000e+05
5.299330000000000000e+05
5.299390000000000000e+05
5.299570000000000000e+05
5.299610000000000000e+05
5.299730000000000000e+05
5.299790000000000000e+05
5.299810000000000000e+05
5.299870000000000000e+05
5.299990000000000000e+05
5.300170000000000000e+05
5.300210000000000000e+05
5.300270000000000000e+05
5.300410000000000000e+05
5.300510000000000000e+05
5.300630000000000000e+05
5.300870000000000000e+05
5.300930000000000000e+05
5.301290000000000000e+05
5.301370000000000000e+05
5.301430000000000000e+05
5.301770000000000000e+05
5.301830000000000000e+05
5.301970000000000000e+05
5.302030000000000000e+05
5.302090000000000000e+05
5.302270000000000000e+05
5.302370000000000000e+05
5.302490000000000000e+05
5.302510000000000000e+05
5.302610000000000000e+05
5.302670000000000000e+05
5.302790000000000000e+05
5.302930000000000000e+05
5.302970000000000000e+05
5.303030000000000000e+05
5.303290000000000000e+05
5.303330000000000000e+05
5.303390000000000000e+05
5.303530000000000000e+05
5.303590000000000000e+05
5.303890000000000000e+05
5.303930000000000000e+05
5.304010000000000000e+05
5.304290000000000000e+05
5.304430000000000000e+05
5.304470000000000000e+05
5.305010000000000000e+05
5.305070000000000000e+05
5.305130000000000000e+05
5.305270000000000000e+05
5.305310000000000000e+05
5.305330000000000000e+05
5.305390000000000000e+05
5.305490000000000000e+05
5.305670000000000000e+05
5.305970000000000000e+05
5.305990000000000000e+05
5.306030000000000000e+05
5.306090000000000000e+05
5.306410000000000000e+05
5.306530000000000000e+05
5.306590000000000000e+05
5.306690000000000000e+05
5.306930000000000000e+05
5.307010000000000000e+05
5.307110000000000000e+05
5.307130000000000000e+05
5.307310000000000000e+05
5.307410000000000000e+05
5.307430000000000000e+05
5.307530000000000000e+05
5.307670000000000000e+05
5.307730000000000000e+05
5.307970000000000000e+05
5.308070000000000000e+05
5.308330000000000000e+05
5.308370000000000000e+05
5.308430000000000000e+05
5.308510000000000000e+05
5.308570000000000000e+05
5.308610000000000000e+05
5.308690000000000000e+05
5.308970000000000000e+05
5.309110000000000000e+05
