5.350330000000000000e+05
5.350370000000000000e+05
5.350610000000000000e+05
5.350990000000000000e+05
5.351030000000000000e+05
5.351230000000000000e+05
5.351330000000000000e+05
5.351510000000000000e+05
5.351590000000000000e+05
5.351690000000000000e+05
5.351810000000000000e+05
5.351930000000000000e+05
5.352070000000000000e+05
5.352190000000000000e+05
5.352290000000000000e+05
5.352370000000000000e+05
5.352430000000000000e+05
5.352730000000000000e+05
5.353030000000000000e+05
5.353190000000000000e+05
5.353330000000000000e+05
5.353490000000000000e+05
5.353510000000000000e+05
5.353610000000000000e+05
5.353870000000000000e+05
5.353910000000000000e+05
5.353990000000000000e+05
5.354810000000000000e+05
5.354870000000000000e+05
5.354890000000000000e+05
5.354990000000000000e+05
5.355110000000000000e+05
5.355230000000000000e+05
5.355290000000000000e+05
5.355470000000000000e+05
5.355710000000000000e+05
5.355730000000000000e+05
5.355890000000000000e+05
5.356070000000000000e+05
5.356090000000000000e+05
5.356270000000000000e+05
5.356370000000000000e+05
5.356630000000000000e+05
5.356690000000000000e+05
5.356730000000000000e+05
5.356790000000000000e+05
5.356970000000000000e+05
5.357090000000000000e+05
5.357270000000000000e+05
5.357410000000000000e+05
5.357510000000000000e+05
5.357570000000000000e+05
5.357710000000000000e+05
5.357830000000000000e+05
5.357930000000000000e+05
5.358110000000000000e+05
5.358490000000000000e+05
5.358590000000000000e+05
5.358610000000000000e+05
5.358790000000000000e+05
5.359190000000000000e+05
5.359370000000000000e+05
5.359390000000000000e+05
5.359430000000000000e+05
5.359570000000000000e+05
5.359670000000000000e+05
5.359730000000000000e+05
5.359910000000000000e+05
5.359990000000000000e+05
5.360170000000000000e+05
5.360230000000000000e+05
5.360510000000000000e+05
5.360570000000000000e+05
5.360590000000000000e+05
5.360690000000000000e+05
5.360870000000000000e+05
5.360990000000000000e+05
5.361010000000000000e+05
5.361110000000000000e+05
5.361410000000000000e+05
5.361470000000000000e+05
5.361490000000000000e+05
5.361890000000000000e+05
5.361910000000000000e+05
5.362030000000000000e+05
5.362130000000000000e+05
5.362190000000000000e+05
5.362270000000000000e+05
5.362330000000000000e+05
5.362430000000000000e+05
5.362670000000000000e+05
5.362730000000000000e+05
5.362790000000000000e+05
5.362810000000000000e+05
5.362870000000000000e+05
5.362930000000000000e+05
5.363110000000000000e+05
5.363230000000000000e+05
5.363530000000000000e+05
5.363570000000000000e+05
