5.363770000000000000e+05
5.363990000000000000e+05
5.364070000000000000e+05
5.364230000000000000e+05
5.364410000000000000e+05
5.364430000000000000e+05
5.364470000000000000e+05
5.364490000000000000e+05
5.364530000000000000e+05
5.364610000000000000e+05
5.364670000000000000e+05
5.364790000000000000e+05
5.364910000000000000e+05
5.365090000000000000e+05
5.365130000000000000e+05
5.365310000000000000e+05
5.365330000000000000e+05
5.365610000000000000e+05
5.365630000000000000e+05
5.365930000000000000e+05
5.366090000000000000e+05
5.366210000000000000e+05
5.366330000000000000e+05
5.366510000000000000e+05
5.366710000000000000e+05
5.366770000000000000e+05
5.366870000000000000e+05
5.366990000000000000e+05
5.367170000000000000e+05
5.367190000000000000e+05
5.367290000000000000e+05
5.367430000000000000e+05
5.367490000000000000e+05
5.367710000000000000e+05
5.367730000000000000e+05
5.367770000000000000e+05
5.367790000000000000e+05
5.367910000000000000e+05
5.368010000000000000e+05
5.368030000000000000e+05
5.368390000000000000e+05
5.368490000000000000e+05
5.368570000000000000e+05
5.368670000000000000e+05
5.368690000000000000e+05
5.368910000000000000e+05
5.369090000000000000e+05
5.369170000000000000e+05
5.369230000000000000e+05
5.369290000000000000e+05
5.369330000000000000e+05
5.369470000000000000e+05
5.369530000000000000e+05
5.369710000000000000e+05
5.369890000000000000e+05
5.369990000000000000e+05
5.370010000000000000e+05
5.370070000000000000e+05
5.370110000000000000e+05
5.370230000000000000e+05
5.370290000000000000e+05
5.370370000000000000e+05
5.370410000000000000e+05
5.370670000000000000e+05
5.370710000000000000e+05
5.370790000000000000e+05
5.370910000000000000e+05
5.371270000000000000e+05
5.371330000000000000e+05
5.371430000000000000e+05
5.371570000000000000e+05
5.371690000000000000e+05
5.371810000000000000e+05
5.371910000000000000e+05
5.371970000000000000e+05
5.372210000000000000e+05
5.372330000000000000e+05
5.372410000000000000e+05
5.372690000000000000e+05
5.372810000000000000e+05
5.372870000000000000e+05
5.373070000000000000e+05
5.373310000000000000e+05
5.373430000000000000e+05
5.373470000000000000e+05
5.373730000000000000e+05
5.373790000000000000e+05
5.374010000000000000e+05
5.374030000000000000e+05
5.374130000000000000e+05
5.374970000000000000e+05
5.375270000000000000e+05
5.375470000000000000e+05
5.375690000000000000e+05
5.375830000000000000e+05
5.375870000000000000e+05
5.375990000000000000e+05
5.376110000000000000e+05
5.376370000000000000e+05
5.376610000000000000e+05
