5.376730000000000000e+05
5.376790000000000000e+05
5.377030000000000000e+05
5.377090000000000000e+05
5.377390000000000000e+05
5.377430000000000000e+05
5.377490000000000000e+05
5.377690000000000000e+05
5.377730000000000000e+05
5.377810000000000000e+05
5.377870000000000000e+05
5.377930000000000000e+05
5.378110000000000000e+05
5.378410000000000000e+05
5.378470000000000000e+05
5.378530000000000000e+05
5.378770000000000000e+05
5.378830000000000000e+05
5.378990000000000000e+05
5.379130000000000000e+05
5.379190000000000000e+05
5.379410000000000000e+05
5.379910000000000000e+05
5.380010000000000000e+05
5.380190000000000000e+05
5.380490000000000000e+05
5.380510000000000000e+05
5.380730000000000000e+05
5.380790000000000000e+05
5.380930000000000000e+05
5.381170000000000000e+05
5.381210000000000000e+05
5.381230000000000000e+05
5.381270000000000000e+05
5.381470000000000000e+05
5.381510000000000000e+05
5.381570000000000000e+05
5.381590000000000000e+05
5.381630000000000000e+05
5.381990000000000000e+05
5.382010000000000000e+05
5.382470000000000000e+05
5.382490000000000000e+05
5.382590000000000000e+05
5.382670000000000000e+05
5.382830000000000000e+05
5.382970000000000000e+05
5.383010000000000000e+05
5.383030000000000000e+05
5.383090000000000000e+05
5.383310000000000000e+05
5.383330000000000000e+05
5.383570000000000000e+05
5.383670000000000000e+05
5.383970000000000000e+05
5.383990000000000000e+05
5.384110000000000000e+05
5.384230000000000000e+05
5.384570000000000000e+05
5.384710000000000000e+05
5.384810000000000000e+05
5.384870000000000000e+05
5.385110000000000000e+05
5.385130000000000000e+05
5.385190000000000000e+05
5.385230000000000000e+05
5.385290000000000000e+05
5.385530000000000000e+05
5.385610000000000000e+05
5.385670000000000000e+05
5.385790000000000000e+05
5.385890000000000000e+05
5.385970000000000000e+05
5.386210000000000000e+05
5.386490000000000000e+05
5.386510000000000000e+05
5.386970000000000000e+05
5.387090000000000000e+05
5.387110000000000000e+05
5.387210000000000000e+05
5.387230000000000000e+05
5.387390000000000000e+05
5.387510000000000000e+05
5.387630000000000000e+05
5.387710000000000000e+05
5.387770000000000000e+05
5.387890000000000000e+05
5.387990000000000000e+05
5.388010000000000000e+05
5.388170000000000000e+05
5.388230000000000000e+05
5.388290000000000000e+05
5.388410000000000000e+05
5.388710000000000000e+05
5.388770000000000000e+05
5.389210000000000000e+05
5.389270000000000000e+05
5.389310000000000000e+05
5.389390000000000000e+05
5.389430000000000000e+05
