5.417110000000000000e+05
5.417210000000000000e+05
5.417270000000000000e+05
5.417590000000000000e+05
5.417630000000000000e+05
5.417710000000000000e+05
5.417770000000000000e+05
5.417810000000000000e+05
5.417990000000000000e+05
5.418170000000000000e+05
5.418310000000000000e+05
5.418370000000000000e+05
5.418590000000000000e+05
5.418890000000000000e+05
5.419010000000000000e+05
5.419270000000000000e+05
5.419510000000000000e+05
5.419670000000000000e+05
5.419870000000000000e+05
5.419910000000000000e+05
5.419930000000000000e+05
5.419990000000000000e+05
5.420210000000000000e+05
5.420230000000000000e+05
5.420270000000000000e+05
5.420530000000000000e+05
5.420630000000000000e+05
5.420710000000000000e+05
5.420810000000000000e+05
5.420830000000000000e+05
5.420930000000000000e+05
5.421110000000000000e+05
5.421170000000000000e+05
5.421190000000000000e+05
5.421230000000000000e+05
5.421310000000000000e+05
5.421410000000000000e+05
5.421490000000000000e+05
5.421530000000000000e+05
5.421670000000000000e+05
5.421830000000000000e+05
5.421890000000000000e+05
5.421970000000000000e+05
5.422070000000000000e+05
5.422190000000000000e+05
5.422370000000000000e+05
5.422510000000000000e+05
5.422610000000000000e+05
5.422630000000000000e+05
5.422810000000000000e+05
5.422930000000000000e+05
5.422990000000000000e+05
5.423230000000000000e+05
5.423710000000000000e+05
5.424010000000000000e+05
5.424410000000000000e+05
5.424470000000000000e+05
5.424610000000000000e+05
5.424670000000000000e+05
5.424830000000000000e+05
5.424890000000000000e+05
5.424970000000000000e+05
5.425190000000000000e+05
5.425330000000000000e+05
5.425370000000000000e+05
5.425390000000000000e+05
5.425510000000000000e+05
5.425570000000000000e+05
5.425670000000000000e+05
5.425790000000000000e+05
5.425870000000000000e+05
5.425990000000000000e+05
5.426030000000000000e+05
5.426830000000000000e+05
5.426870000000000000e+05
5.426930000000000000e+05
5.427130000000000000e+05
5.427190000000000000e+05
5.427230000000000000e+05
5.427470000000000000e+05
5.427610000000000000e+05
5.427710000000000000e+05
5.427830000000000000e+05
5.427910000000000000e+05
5.427970000000000000e+05
5.428210000000000000e+05
5.428310000000000000e+05
5.428370000000000000e+05
5.428730000000000000e+05
5.428910000000000000e+05
5.429110000000000000e+05
5.429210000000000000e+05
5.429230000000000000e+05
5.429330000000000000e+05
5.429390000000000000e+05
5.429470000000000000e+05
5.429510000000000000e+05
5.429810000000000000e+05
5.429870000000000000e+05
5.429990000000000000e+05
