5.430170000000000000e+05
5.430190000000000000e+05
5.430290000000000000e+05
5.430610000000000000e+05
5.430970000000000000e+05
5.431130000000000000e+05
5.431310000000000000e+05
5.431390000000000000e+05
5.431430000000000000e+05
5.431490000000000000e+05
5.431570000000000000e+05
5.431610000000000000e+05
5.431630000000000000e+05
5.431870000000000000e+05
5.432030000000000000e+05
5.432170000000000000e+05
5.432230000000000000e+05
5.432270000000000000e+05
5.432330000000000000e+05
5.432410000000000000e+05
5.432530000000000000e+05
5.432590000000000000e+05
5.432810000000000000e+05
5.432870000000000000e+05
5.432890000000000000e+05
5.432990000000000000e+05
5.433070000000000000e+05
5.433110000000000000e+05
5.433130000000000000e+05
5.433410000000000000e+05
5.433490000000000000e+05
5.433530000000000000e+05
5.433590000000000000e+05
5.433790000000000000e+05
5.433830000000000000e+05
5.434070000000000000e+05
5.434270000000000000e+05
5.434630000000000000e+05
5.434970000000000000e+05
5.435030000000000000e+05
5.435090000000000000e+05
5.435390000000000000e+05
5.435510000000000000e+05
5.435530000000000000e+05
5.435930000000000000e+05
5.436010000000000000e+05
5.436070000000000000e+05
5.436110000000000000e+05
5.436170000000000000e+05
5.436370000000000000e+05
5.436590000000000000e+05
5.436610000000000000e+05
5.436710000000000000e+05
5.436790000000000000e+05
5.436890000000000000e+05
5.437030000000000000e+05
5.437070000000000000e+05
5.437130000000000000e+05
5.437690000000000000e+05
5.437730000000000000e+05
5.437870000000000000e+05
5.437910000000000000e+05
5.437930000000000000e+05
5.437970000000000000e+05
5.438110000000000000e+05
5.438270000000000000e+05
5.438410000000000000e+05
5.438530000000000000e+05
5.438570000000000000e+05
5.438590000000000000e+05
5.438710000000000000e+05
5.438770000000000000e+05
5.438830000000000000e+05
5.438870000000000000e+05
5.438890000000000000e+05
5.439010000000000000e+05
5.439110000000000000e+05
5.439290000000000000e+05
5.439670000000000000e+05
5.439710000000000000e+05
5.439970000000000000e+05
5.440010000000000000e+05
5.440070000000000000e+05
5.440090000000000000e+05
5.440130000000000000e+05
5.440210000000000000e+05
5.440310000000000000e+05
5.440970000000000000e+05
5.440990000000000000e+05
5.441090000000000000e+05
5.441230000000000000e+05
5.441290000000000000e+05
5.441330000000000000e+05
5.441390000000000000e+05
5.441710000000000000e+05
5.441770000000000000e+05
5.441830000000000000e+05
5.441990000000000000e+05
5.442230000000000000e+05
5.442590000000000000e+05
