5.471330000000000000e+05
5.471390000000000000e+05
5.471710000000000000e+05
5.472230000000000000e+05
5.472290000000000000e+05
5.472370000000000000e+05
5.472410000000000000e+05
5.472490000000000000e+05
5.472710000000000000e+05
5.472730000000000000e+05
5.472910000000000000e+05
5.473010000000000000e+05
5.473210000000000000e+05
5.473570000000000000e+05
5.473610000000000000e+05
5.473630000000000000e+05
5.473690000000000000e+05
5.473730000000000000e+05
5.473870000000000000e+05
5.473970000000000000e+05
5.473990000000000000e+05
5.474110000000000000e+05
5.474410000000000000e+05
5.474530000000000000e+05
5.474710000000000000e+05
5.474830000000000000e+05
5.474870000000000000e+05
5.474930000000000000e+05
5.474990000000000000e+05
5.475010000000000000e+05
5.475130000000000000e+05
5.475290000000000000e+05
5.475370000000000000e+05
5.475590000000000000e+05
5.475670000000000000e+05
5.475770000000000000e+05
5.475830000000000000e+05
5.476010000000000000e+05
5.476090000000000000e+05
5.476190000000000000e+05
5.476270000000000000e+05
5.476390000000000000e+05
5.476430000000000000e+05
5.476610000000000000e+05
5.476630000000000000e+05
5.476810000000000000e+05
5.477090000000000000e+05
5.477270000000000000e+05
5.477410000000000000e+05
5.477470000000000000e+05
5.477530000000000000e+05
5.477630000000000000e+05
5.477690000000000000e+05
5.477870000000000000e+05
5.478170000000000000e+05
5.478190000000000000e+05
5.478230000000000000e+05
5.478310000000000000e+05
5.478490000000000000e+05
5.478530000000000000e+05
5.478710000000000000e+05
5.478890000000000000e+05
5.479010000000000000e+05
5.479090000000000000e+05
5.479510000000000000e+05
5.479570000000000000e+05
5.479990000000000000e+05
5.480030000000000000e+05
5.480390000000000000e+05
5.480590000000000000e+05
5.480690000000000000e+05
5.480830000000000000e+05
5.480890000000000000e+05
5.480990000000000000e+05
5.481170000000000000e+05
5.481230000000000000e+05
5.481430000000000000e+05
5.481530000000000000e+05
5.481890000000000000e+05
5.482010000000000000e+05
5.482130000000000000e+05
5.482210000000000000e+05
5.482270000000000000e+05
5.482390000000000000e+05
5.482430000000000000e+05
5.482630000000000000e+05
5.482910000000000000e+05
5.483090000000000000e+05
5.483230000000000000e+05
5.483470000000000000e+05
5.483510000000000000e+05
5.483630000000000000e+05
5.483710000000000000e+05
5.483930000000000000e+05
5.483990000000000000e+05
5.484070000000000000e+05
5.484170000000000000e+05
5.484230000000000000e+05
5.484410000000000000e+05
5.484530000000000000e+05
