5.497010000000000000e+05
5.497070000000000000e+05
5.497130000000000000e+05
5.497190000000000000e+05
5.497330000000000000e+05
5.497370000000000000e+05
5.497390000000000000e+05
5.497490000000000000e+05
5.497510000000000000e+05
5.497670000000000000e+05
5.498170000000000000e+05
5.498330000000000000e+05
5.498390000000000000e+05
5.498630000000000000e+05
5.498770000000000000e+05
5.498830000000000000e+05
5.499110000000000000e+05
5.499370000000000000e+05
5.499430000000000000e+05
5.499490000000000000e+05
5.499770000000000000e+05
5.499790000000000000e+05
5.500070000000000000e+05
5.500090000000000000e+05
5.500270000000000000e+05
5.500490000000000000e+05
5.500610000000000000e+05
5.500630000000000000e+05
5.500730000000000000e+05
5.501110000000000000e+05
5.501170000000000000e+05
5.501270000000000000e+05
5.501290000000000000e+05
5.501390000000000000e+05
5.501630000000000000e+05
5.501690000000000000e+05
5.501770000000000000e+05
5.501810000000000000e+05
5.501890000000000000e+05
5.502110000000000000e+05
5.502130000000000000e+05
5.502410000000000000e+05
5.502670000000000000e+05
5.502790000000000000e+05
5.502830000000000000e+05
5.502890000000000000e+05
5.503090000000000000e+05
5.503370000000000000e+05
5.503510000000000000e+05
5.503690000000000000e+05
5.503790000000000000e+05
5.504270000000000000e+05
5.504390000000000000e+05
5.504410000000000000e+05
5.504470000000000000e+05
5.504570000000000000e+05
5.504690000000000000e+05
5.504710000000000000e+05
5.504890000000000000e+05
5.505130000000000000e+05
5.505190000000000000e+05
5.505310000000000000e+05
5.505410000000000000e+05
5.505530000000000000e+05
5.505770000000000000e+05
5.506070000000000000e+05
5.506090000000000000e+05
5.506210000000000000e+05
5.506310000000000000e+05
5.506370000000000000e+05
5.506510000000000000e+05
5.506570000000000000e+05
5.506610000000000000e+05
5.506630000000000000e+05
5.506790000000000000e+05
5.506910000000000000e+05
5.507030000000000000e+05
5.507170000000000000e+05
5.507210000000000000e+05
5.507330000000000000e+05
5.507570000000000000e+05
5.507630000000000000e+05
5.507890000000000000e+05
5.508010000000000000e+05
5.508110000000000000e+05
5.508130000000000000e+05
5.508310000000000000e+05
5.508410000000000000e+05
5.508430000000000000e+05
5.508590000000000000e+05
5.508610000000000000e+05
5.509030000000000000e+05
5.509090000000000000e+05
5.509370000000000000e+05
5.509390000000000000e+05
5.509510000000000000e+05
5.509610000000000000e+05
5.509690000000000000e+05
5.509730000000000000e+05
5.509930000000000000e+05
