5.523170000000000000e+05
5.523410000000000000e+05
5.523530000000000000e+05
5.523790000000000000e+05
5.523970000000000000e+05
5.524010000000000000e+05
5.524030000000000000e+05
5.524690000000000000e+05
5.524730000000000000e+05
5.524810000000000000e+05
5.524910000000000000e+05
5.524930000000000000e+05
5.525110000000000000e+05
5.525230000000000000e+05
5.525270000000000000e+05
5.525530000000000000e+05
5.525810000000000000e+05
5.525830000000000000e+05
5.525890000000000000e+05
5.526110000000000000e+05
5.526490000000000000e+05
5.526590000000000000e+05
5.526770000000000000e+05
5.527030000000000000e+05
5.527070000000000000e+05
5.527090000000000000e+05
5.527310000000000000e+05
5.527490000000000000e+05
5.527510000000000000e+05
5.527570000000000000e+05
5.527870000000000000e+05
5.527910000000000000e+05
5.527930000000000000e+05
5.528090000000000000e+05
5.528210000000000000e+05
5.528330000000000000e+05
5.528410000000000000e+05
5.528470000000000000e+05
5.528590000000000000e+05
5.528830000000000000e+05
5.528870000000000000e+05
5.528990000000000000e+05
5.529130000000000000e+05
5.529170000000000000e+05
5.529710000000000000e+05
5.529830000000000000e+05
5.529910000000000000e+05
5.530130000000000000e+05
5.530370000000000000e+05
5.530430000000000000e+05
5.530510000000000000e+05
5.530570000000000000e+05
5.530670000000000000e+05
5.530730000000000000e+05
5.530930000000000000e+05
5.530970000000000000e+05
5.530990000000000000e+05
5.531030000000000000e+05
5.531230000000000000e+05
5.531390000000000000e+05
5.531410000000000000e+05
5.531530000000000000e+05
5.531710000000000000e+05
5.531810000000000000e+05
5.531930000000000000e+05
5.532070000000000000e+05
5.532110000000000000e+05
5.532290000000000000e+05
5.532490000000000000e+05
5.532530000000000000e+05
5.532770000000000000e+05
5.532790000000000000e+05
5.533090000000000000e+05
5.533510000000000000e+05
5.533630000000000000e+05
5.533690000000000000e+05
5.534110000000000000e+05
5.534170000000000000e+05
5.534330000000000000e+05
5.534390000000000000e+05
5.534470000000000000e+05
5.534570000000000000e+05
5.534630000000000000e+05
5.534710000000000000e+05
5.534810000000000000e+05
5.535070000000000000e+05
5.535130000000000000e+05
5.535170000000000000e+05
5.535290000000000000e+05
5.535430000000000000e+05
5.535490000000000000e+05
5.535610000000000000e+05
5.535730000000000000e+05
5.535830000000000000e+05
5.535890000000000000e+05
5.535910000000000000e+05
5.536010000000000000e+05
5.536070000000000000e+05
5.536270000000000000e+05
5.536430000000000000e+05
