5.536490000000000000e+05
5.536670000000000000e+05
5.536810000000000000e+05
5.536870000000000000e+05
5.536990000000000000e+05
5.537030000000000000e+05
5.537270000000000000e+05
5.537330000000000000e+05
5.537470000000000000e+05
5.537570000000000000e+05
5.537590000000000000e+05
5.537690000000000000e+05
5.537890000000000000e+05
5.538110000000000000e+05
5.538370000000000000e+05
5.538490000000000000e+05
5.538670000000000000e+05
5.538730000000000000e+05
5.538970000000000000e+05
5.539010000000000000e+05
5.539190000000000000e+05
5.539210000000000000e+05
5.539330000000000000e+05
5.539610000000000000e+05
5.539630000000000000e+05
5.539810000000000000e+05
5.539910000000000000e+05
5.540030000000000000e+05
5.540110000000000000e+05
5.540170000000000000e+05
5.540510000000000000e+05
5.540770000000000000e+05
5.540870000000000000e+05
5.540890000000000000e+05
5.541170000000000000e+05
5.541230000000000000e+05
5.541290000000000000e+05
5.541370000000000000e+05
5.541670000000000000e+05
5.541710000000000000e+05
5.541790000000000000e+05
5.541890000000000000e+05
5.542070000000000000e+05
5.542090000000000000e+05
5.542330000000000000e+05
5.542370000000000000e+05
5.542630000000000000e+05
5.542690000000000000e+05
5.542930000000000000e+05
5.542990000000000000e+05
5.543030000000000000e+05
5.543170000000000000e+05
5.543470000000000000e+05
5.543770000000000000e+05
5.543830000000000000e+05
5.544170000000000000e+05
5.544190000000000000e+05
5.544310000000000000e+05
5.544470000000000000e+05
5.544530000000000000e+05
5.544670000000000000e+05
5.545030000000000000e+05
5.545270000000000000e+05
5.545310000000000000e+05
5.545690000000000000e+05
5.545730000000000000e+05
5.545970000000000000e+05
5.546110000000000000e+05
5.546270000000000000e+05
5.546330000000000000e+05
5.546390000000000000e+05
5.546410000000000000e+05
5.546630000000000000e+05
5.546690000000000000e+05
5.546770000000000000e+05
5.546990000000000000e+05
5.547070000000000000e+05
5.547110000000000000e+05
5.547310000000000000e+05
5.547470000000000000e+05
5.547530000000000000e+05
5.547590000000000000e+05
5.547670000000000000e+05
5.547790000000000000e+05
5.547890000000000000e+05
5.547910000000000000e+05
5.547970000000000000e+05
5.548030000000000000e+05
5.548210000000000000e+05
5.548330000000000000e+05
5.548370000000000000e+05
5.548390000000000000e+05
5.548430000000000000e+05
5.548490000000000000e+05
5.548870000000000000e+05
5.548910000000000000e+05
5.548930000000000000e+05
5.548990000000000000e+05
5.549230000000000000e+05
5.549270000000000000e+05
