5.564590000000000000e+05
5.564770000000000000e+05
5.564830000000000000e+05
5.564870000000000000e+05
5.565130000000000000e+05
5.565190000000000000e+05
5.565370000000000000e+05
5.565590000000000000e+05
5.565730000000000000e+05
5.565790000000000000e+05
5.565830000000000000e+05
5.566010000000000000e+05
5.566070000000000000e+05
5.566090000000000000e+05
5.566130000000000000e+05
5.566270000000000000e+05
5.566390000000000000e+05
5.566510000000000000e+05
5.566790000000000000e+05
5.566870000000000000e+05
5.566910000000000000e+05
5.566930000000000000e+05
5.566970000000000000e+05
5.567090000000000000e+05
5.567230000000000000e+05
5.567270000000000000e+05
5.567410000000000000e+05
5.567530000000000000e+05
5.567630000000000000e+05
5.567690000000000000e+05
5.567810000000000000e+05
5.567890000000000000e+05
5.567930000000000000e+05
5.567990000000000000e+05
5.568110000000000000e+05
5.568170000000000000e+05
5.568190000000000000e+05
5.568230000000000000e+05
5.568410000000000000e+05
5.568490000000000000e+05
5.568590000000000000e+05
5.568610000000000000e+05
5.568670000000000000e+05
5.568830000000000000e+05
5.568910000000000000e+05
5.569310000000000000e+05
5.569390000000000000e+05
5.569430000000000000e+05
5.569570000000000000e+05
5.569670000000000000e+05
5.569810000000000000e+05
5.569870000000000000e+05
5.569990000000000000e+05
5.570170000000000000e+05
5.570210000000000000e+05
5.570270000000000000e+05
5.570330000000000000e+05
5.570410000000000000e+05
5.570570000000000000e+05
5.570590000000000000e+05
5.570690000000000000e+05
5.570870000000000000e+05
5.570930000000000000e+05
5.571530000000000000e+05
5.571590000000000000e+05
5.571970000000000000e+05
5.572010000000000000e+05
5.572610000000000000e+05
5.572690000000000000e+05
5.572730000000000000e+05
5.572810000000000000e+05
5.573030000000000000e+05
5.573090000000000000e+05
5.573210000000000000e+05
5.573290000000000000e+05
5.573390000000000000e+05
5.573690000000000000e+05
5.573710000000000000e+05
5.573770000000000000e+05
5.574230000000000000e+05
5.574430000000000000e+05
5.574490000000000000e+05
5.574610000000000000e+05
5.574830000000000000e+05
5.574890000000000000e+05
5.575190000000000000e+05
5.575210000000000000e+05
5.575330000000000000e+05
5.575370000000000000e+05
5.575510000000000000e+05
5.575670000000000000e+05
5.575730000000000000e+05
5.575910000000000000e+05
5.576110000000000000e+05
5.576330000000000000e+05
5.576390000000000000e+05
5.576630000000000000e+05
5.576710000000000000e+05
5.576930000000000000e+05
5.577170000000000000e+05
