5.577290000000000000e+05
5.577310000000000000e+05
5.577410000000000000e+05
5.577430000000000000e+05
5.577470000000000000e+05
5.577590000000000000e+05
5.577610000000000000e+05
5.577790000000000000e+05
5.577890000000000000e+05
5.578010000000000000e+05
5.578030000000000000e+05
5.578310000000000000e+05
5.578570000000000000e+05
5.578610000000000000e+05
5.578630000000000000e+05
5.578910000000000000e+05
5.578990000000000000e+05
5.579030000000000000e+05
5.579270000000000000e+05
5.579810000000000000e+05
5.579870000000000000e+05
5.580070000000000000e+05
5.580170000000000000e+05
5.580290000000000000e+05
5.580530000000000000e+05
5.580670000000000000e+05
5.580830000000000000e+05
5.580910000000000000e+05
5.581090000000000000e+05
5.581130000000000000e+05
5.581210000000000000e+05
5.581390000000000000e+05
5.581490000000000000e+05
5.581670000000000000e+05
5.581790000000000000e+05
5.581970000000000000e+05
5.582030000000000000e+05
5.582090000000000000e+05
5.582230000000000000e+05
5.582410000000000000e+05
5.582510000000000000e+05
5.582530000000000000e+05
5.582870000000000000e+05
5.582890000000000000e+05
5.583070000000000000e+05
5.583190000000000000e+05
5.583430000000000000e+05
5.584010000000000000e+05
5.584130000000000000e+05
5.584210000000000000e+05
5.584270000000000000e+05
5.584310000000000000e+05
5.584570000000000000e+05
5.584690000000000000e+05
5.584730000000000000e+05
5.584790000000000000e+05
5.584910000000000000e+05
5.584970000000000000e+05
5.584990000000000000e+05
5.585210000000000000e+05
5.585290000000000000e+05
5.585330000000000000e+05
5.585390000000000000e+05
5.585410000000000000e+05
5.585630000000000000e+05
5.585830000000000000e+05
5.585870000000000000e+05
5.585990000000000000e+05
5.586110000000000000e+05
5.586290000000000000e+05
5.586430000000000000e+05
5.586610000000000000e+05
5.586830000000000000e+05
5.587030000000000000e+05
5.587210000000000000e+05
5.587310000000000000e+05
5.587570000000000000e+05
5.587690000000000000e+05
5.587810000000000000e+05
5.587870000000000000e+05
5.587910000000000000e+05
5.587930000000000000e+05
5.588270000000000000e+05
5.588290000000000000e+05
5.588630000000000000e+05
5.588690000000000000e+05
5.588810000000000000e+05
5.588930000000000000e+05
5.589130000000000000e+05
5.589310000000000000e+05
5.589370000000000000e+05
5.589470000000000000e+05
5.589730000000000000e+05
5.589790000000000000e+05
5.589970000000000000e+05
5.590010000000000000e+05
5.590490000000000000e+05
5.590510000000000000e+05
5.590670000000000000e+05
5.590810000000000000e+05
