5.590930000000000000e+05
5.590990000000000000e+05
5.591230000000000000e+05
5.591330000000000000e+05
5.591570000000000000e+05
5.591770000000000000e+05
5.591830000000000000e+05
5.592010000000000000e+05
5.592110000000000000e+05
5.592130000000000000e+05
5.592170000000000000e+05
5.592190000000000000e+05
5.592310000000000000e+05
5.592430000000000000e+05
5.592590000000000000e+05
5.592770000000000000e+05
5.592970000000000000e+05
5.593130000000000000e+05
5.593190000000000000e+05
5.593430000000000000e+05
5.593570000000000000e+05
5.593670000000000000e+05
5.593690000000000000e+05
5.593970000000000000e+05
5.594210000000000000e+05
5.594510000000000000e+05
5.594590000000000000e+05
5.594690000000000000e+05
5.594830000000000000e+05
5.595110000000000000e+05
5.595130000000000000e+05
5.595230000000000000e+05
5.595290000000000000e+05
5.595410000000000000e+05
5.595470000000000000e+05
5.595490000000000000e+05
5.595610000000000000e+05
5.595710000000000000e+05
5.595770000000000000e+05
5.595830000000000000e+05
5.595910000000000000e+05
5.595970000000000000e+05
5.596310000000000000e+05
5.596330000000000000e+05
5.596390000000000000e+05
5.596490000000000000e+05
5.596670000000000000e+05
5.596730000000000000e+05
5.596790000000000000e+05
5.596870000000000000e+05
5.597030000000000000e+05
5.597090000000000000e+05
5.597390000000000000e+05
5.597470000000000000e+05
5.597770000000000000e+05
5.597810000000000000e+05
5.597990000000000000e+05
5.598070000000000000e+05
5.598130000000000000e+05
5.598310000000000000e+05
5.598410000000000000e+05
5.598490000000000000e+05
5.598590000000000000e+05
5.598770000000000000e+05
5.598830000000000000e+05
5.599010000000000000e+05
5.599070000000000000e+05
5.599130000000000000e+05
5.599390000000000000e+05
5.599670000000000000e+05
5.599730000000000000e+05
5.599910000000000000e+05
5.600170000000000000e+05
5.600230000000000000e+05
5.600290000000000000e+05
5.600390000000000000e+05
5.600470000000000000e+05
5.600810000000000000e+05
5.600830000000000000e+05
5.600890000000000000e+05
5.600930000000000000e+05
5.601070000000000000e+05
5.601130000000000000e+05
5.601170000000000000e+05
5.601230000000000000e+05
5.601370000000000000e+05
5.601490000000000000e+05
5.601590000000000000e+05
5.601710000000000000e+05
5.601730000000000000e+05
5.601790000000000000e+05
5.601910000000000000e+05
5.602070000000000000e+05
5.602130000000000000e+05
5.602210000000000000e+05
5.602270000000000000e+05
5.602330000000000000e+05
5.602370000000000000e+05
5.602390000000000000e+05
5.602430000000000000e+05
