5.602490000000000000e+05
5.602810000000000000e+05
5.602930000000000000e+05
5.602970000000000000e+05
5.602990000000000000e+05
5.603110000000000000e+05
5.603170000000000000e+05
5.603410000000000000e+05
5.603530000000000000e+05
5.603930000000000000e+05
5.604110000000000000e+05
5.604370000000000000e+05
5.604470000000000000e+05
5.604590000000000000e+05
5.604710000000000000e+05
5.604770000000000000e+05
5.604790000000000000e+05
5.604890000000000000e+05
5.604910000000000000e+05
5.605010000000000000e+05
5.605030000000000000e+05
5.605310000000000000e+05
5.605430000000000000e+05
5.605510000000000000e+05
5.605610000000000000e+05
5.605970000000000000e+05
5.606170000000000000e+05
5.606210000000000000e+05
5.606390000000000000e+05
5.606410000000000000e+05
5.606530000000000000e+05
5.606690000000000000e+05
5.606830000000000000e+05
5.606890000000000000e+05
5.607010000000000000e+05
5.607190000000000000e+05
5.607370000000000000e+05
5.607530000000000000e+05
5.607610000000000000e+05
5.607670000000000000e+05
5.607710000000000000e+05
5.607830000000000000e+05
5.607970000000000000e+05
5.608030000000000000e+05
5.608270000000000000e+05
5.608370000000000000e+05
5.608630000000000000e+05
5.608690000000000000e+05
5.608730000000000000e+05
5.608870000000000000e+05
5.608910000000000000e+05
5.608930000000000000e+05
5.608970000000000000e+05
5.609290000000000000e+05
5.609390000000000000e+05
5.609410000000000000e+05
5.609690000000000000e+05
5.609770000000000000e+05
5.610190000000000000e+05
5.610470000000000000e+05
5.610530000000000000e+05
5.610590000000000000e+05
5.610610000000000000e+05
5.610790000000000000e+05
5.610830000000000000e+05
5.610910000000000000e+05
5.610970000000000000e+05
5.611010000000000000e+05
5.611030000000000000e+05
5.611090000000000000e+05
5.611610000000000000e+05
5.611730000000000000e+05
5.611810000000000000e+05
5.611910000000000000e+05
5.611990000000000000e+05
5.612290000000000000e+05
5.612510000000000000e+05
5.612770000000000000e+05
5.613070000000000000e+05
5.613130000000000000e+05
5.613430000000000000e+05
5.613470000000000000e+05
5.613590000000000000e+05
5.613670000000000000e+05
5.613730000000000000e+05
5.613770000000000000e+05
5.613890000000000000e+05
5.614090000000000000e+05
5.614190000000000000e+05
5.614390000000000000e+05
5.614610000000000000e+05
5.615210000000000000e+05
5.615290000000000000e+05
5.615510000000000000e+05
5.615530000000000000e+05
5.615590000000000000e+05
5.615990000000000000e+05
5.616070000000000000e+05
5.616670000000000000e+05
5.617030000000000000e+05
