5.617130000000000000e+05
5.617330000000000000e+05
5.617610000000000000e+05
5.617670000000000000e+05
5.617870000000000000e+05
5.617970000000000000e+05
5.618090000000000000e+05
5.618290000000000000e+05
5.618390000000000000e+05
5.619070000000000000e+05
5.619170000000000000e+05
5.619230000000000000e+05
5.619310000000000000e+05
5.619430000000000000e+05
5.619470000000000000e+05
5.619610000000000000e+05
5.619730000000000000e+05
5.619830000000000000e+05
5.619970000000000000e+05
5.620070000000000000e+05
5.620190000000000000e+05
5.620210000000000000e+05
5.620430000000000000e+05
5.620910000000000000e+05
5.621030000000000000e+05
5.621290000000000000e+05
5.621470000000000000e+05
5.621690000000000000e+05
5.621810000000000000e+05
5.621930000000000000e+05
5.622010000000000000e+05
5.622310000000000000e+05
5.622590000000000000e+05
5.622710000000000000e+05
5.622730000000000000e+05
5.622830000000000000e+05
5.622910000000000000e+05
5.622970000000000000e+05
5.623010000000000000e+05
5.623070000000000000e+05
5.623130000000000000e+05
5.623330000000000000e+05
5.623370000000000000e+05
5.623490000000000000e+05
5.623510000000000000e+05
5.623570000000000000e+05
5.623610000000000000e+05
5.623990000000000000e+05
5.624030000000000000e+05
5.624090000000000000e+05
5.624170000000000000e+05
5.624210000000000000e+05
5.624270000000000000e+05
5.624390000000000000e+05
5.624590000000000000e+05
5.624770000000000000e+05
5.624930000000000000e+05
5.625010000000000000e+05
5.625170000000000000e+05
5.625190000000000000e+05
5.625370000000000000e+05
5.625770000000000000e+05
5.625790000000000000e+05
5.625890000000000000e+05
5.625910000000000000e+05
5.626070000000000000e+05
5.626130000000000000e+05
5.626210000000000000e+05
5.626310000000000000e+05
5.626330000000000000e+05
5.626510000000000000e+05
5.626630000000000000e+05
5.626690000000000000e+05
5.626730000000000000e+05
5.626910000000000000e+05
5.626930000000000000e+05
5.626990000000000000e+05
5.627030000000000000e+05
5.627110000000000000e+05
5.627210000000000000e+05
5.627390000000000000e+05
5.627530000000000000e+05
5.627590000000000000e+05
5.627630000000000000e+05
5.627810000000000000e+05
5.627890000000000000e+05
5.628130000000000000e+05
5.628310000000000000e+05
5.628410000000000000e+05
5.628710000000000000e+05
5.628970000000000000e+05
5.629010000000000000e+05
5.629090000000000000e+05
5.629310000000000000e+05
5.629430000000000000e+05
5.629490000000000000e+05
5.629630000000000000e+05
5.629670000000000000e+05
5.629730000000000000e+05
5.629790000000000000e+05
