5.629870000000000000e+05
5.629970000000000000e+05
5.630090000000000000e+05
5.630110000000000000e+05
5.630210000000000000e+05
5.630390000000000000e+05
5.630410000000000000e+05
5.630470000000000000e+05
5.630510000000000000e+05
5.630770000000000000e+05
5.630810000000000000e+05
5.630990000000000000e+05
5.631130000000000000e+05
5.631170000000000000e+05
5.631190000000000000e+05
5.631310000000000000e+05
5.631490000000000000e+05
5.631530000000000000e+05
5.631830000000000000e+05
5.631970000000000000e+05
5.632190000000000000e+05
5.632490000000000000e+05
5.632630000000000000e+05
5.632870000000000000e+05
5.633270000000000000e+05
5.633510000000000000e+05
5.633570000000000000e+05
5.633590000000000000e+05
5.633770000000000000e+05
5.634010000000000000e+05
5.634110000000000000e+05
5.634130000000000000e+05
5.634170000000000000e+05
5.634190000000000000e+05
5.634470000000000000e+05
5.634490000000000000e+05
5.634670000000000000e+05
5.634890000000000000e+05
5.635010000000000000e+05
5.635030000000000000e+05
5.635430000000000000e+05
5.635510000000000000e+05
5.635610000000000000e+05
5.635870000000000000e+05
5.635930000000000000e+05
5.635990000000000000e+05
5.636230000000000000e+05
5.636570000000000000e+05
5.636630000000000000e+05
5.637230000000000000e+05
5.637430000000000000e+05
5.637470000000000000e+05
5.637770000000000000e+05
5.638090000000000000e+05
5.638130000000000000e+05
5.638210000000000000e+05
5.638310000000000000e+05
5.638370000000000000e+05
5.638510000000000000e+05
5.638690000000000000e+05
5.638810000000000000e+05
5.638870000000000000e+05
5.638970000000000000e+05
5.639290000000000000e+05
5.639330000000000000e+05
5.639470000000000000e+05
5.639710000000000000e+05
5.639870000000000000e+05
5.639990000000000000e+05
5.640130000000000000e+05
5.640170000000000000e+05
5.640410000000000000e+05
5.640490000000000000e+05
5.640590000000000000e+05
5.640610000000000000e+05
5.640890000000000000e+05
5.640970000000000000e+05
5.641030000000000000e+05
5.641270000000000000e+05
5.641330000000000000e+05
5.641490000000000000e+05
5.641630000000000000e+05
5.641730000000000000e+05
5.641910000000000000e+05
5.641970000000000000e+05
5.642270000000000000e+05
5.642290000000000000e+05
5.642330000000000000e+05
5.642510000000000000e+05
5.642570000000000000e+05
5.642690000000000000e+05
5.642710000000000000e+05
5.642990000000000000e+05
5.643010000000000000e+05
5.643070000000000000e+05
5.643130000000000000e+05
5.643230000000000000e+05
5.643530000000000000e+05
5.643590000000000000e+05
5.643670000000000000e+05
