5.643710000000000000e+05
5.643730000000000000e+05
5.643910000000000000e+05
5.644010000000000000e+05
5.644070000000000000e+05
5.644090000000000000e+05
5.644190000000000000e+05
5.644370000000000000e+05
5.644490000000000000e+05
5.644570000000000000e+05
5.644630000000000000e+05
5.644670000000000000e+05
5.644910000000000000e+05
5.644970000000000000e+05
5.645230000000000000e+05
5.645330000000000000e+05
5.645930000000000000e+05
5.646070000000000000e+05
5.646170000000000000e+05
5.646430000000000000e+05
5.646530000000000000e+05
5.646670000000000000e+05
5.646710000000000000e+05
5.646790000000000000e+05
5.647010000000000000e+05
5.647030000000000000e+05
5.647090000000000000e+05
5.647130000000000000e+05
5.647610000000000000e+05
5.647790000000000000e+05
5.647930000000000000e+05
5.647970000000000000e+05
5.648270000000000000e+05
5.648710000000000000e+05
5.648810000000000000e+05
5.648990000000000000e+05
5.649170000000000000e+05
5.649190000000000000e+05
5.649230000000000000e+05
5.649370000000000000e+05
5.649590000000000000e+05
5.649730000000000000e+05
5.649790000000000000e+05
5.649830000000000000e+05
5.649890000000000000e+05
5.649970000000000000e+05
5.650130000000000000e+05
5.650390000000000000e+05
5.650490000000000000e+05
5.650570000000000000e+05
5.650690000000000000e+05
5.651090000000000000e+05
5.651110000000000000e+05
5.651270000000000000e+05
5.651630000000000000e+05
5.651710000000000000e+05
5.651770000000000000e+05
5.651830000000000000e+05
5.651890000000000000e+05
5.652070000000000000e+05
5.652370000000000000e+05
5.652410000000000000e+05
5.652470000000000000e+05
5.652590000000000000e+05
5.652610000000000000e+05
5.652730000000000000e+05
5.652830000000000000e+05
5.652890000000000000e+05
5.653030000000000000e+05
5.653190000000000000e+05
5.653330000000000000e+05
5.653370000000000000e+05
5.653430000000000000e+05
5.653610000000000000e+05
5.653790000000000000e+05
5.653810000000000000e+05
5.653870000000000000e+05
5.653910000000000000e+05
5.653930000000000000e+05
5.654270000000000000e+05
5.654290000000000000e+05
5.654410000000000000e+05
5.654510000000000000e+05
5.654630000000000000e+05
5.654690000000000000e+05
5.654830000000000000e+05
5.654890000000000000e+05
5.655070000000000000e+05
5.655110000000000000e+05
5.655170000000000000e+05
5.655190000000000000e+05
5.655490000000000000e+05
5.655530000000000000e+05
5.655590000000000000e+05
5.655670000000000000e+05
5.655710000000000000e+05
5.655830000000000000e+05
5.655890000000000000e+05
5.655970000000000000e+05
5.656030000000000000e+05
