5.670590000000000000e+05
5.670670000000000000e+05
5.670970000000000000e+05
5.671010000000000000e+05
5.671070000000000000e+05
5.671210000000000000e+05
5.671430000000000000e+05
5.671790000000000000e+05
5.671810000000000000e+05
5.671870000000000000e+05
5.672090000000000000e+05
5.672570000000000000e+05
5.672630000000000000e+05
5.672770000000000000e+05
5.673190000000000000e+05
5.673230000000000000e+05
5.673670000000000000e+05
5.673770000000000000e+05
5.673830000000000000e+05
5.673890000000000000e+05
5.674010000000000000e+05
5.674070000000000000e+05
5.674390000000000000e+05
5.674490000000000000e+05
5.674510000000000000e+05
5.674670000000000000e+05
5.674870000000000000e+05
5.674930000000000000e+05
5.674990000000000000e+05
5.675270000000000000e+05
5.675290000000000000e+05
5.675330000000000000e+05
5.675690000000000000e+05
5.676010000000000000e+05
5.676070000000000000e+05
5.676310000000000000e+05
5.676490000000000000e+05
5.676530000000000000e+05
5.676590000000000000e+05
5.676610000000000000e+05
5.676670000000000000e+05
5.676730000000000000e+05
5.676890000000000000e+05
5.677190000000000000e+05
5.677370000000000000e+05
5.677510000000000000e+05
5.677610000000000000e+05
5.677670000000000000e+05
5.677790000000000000e+05
5.677930000000000000e+05
5.678110000000000000e+05
5.678290000000000000e+05
5.678410000000000000e+05
5.678570000000000000e+05
5.678630000000000000e+05
5.678710000000000000e+05
5.678770000000000000e+05
5.678810000000000000e+05
5.678830000000000000e+05
5.678990000000000000e+05
5.679370000000000000e+05
5.679430000000000000e+05
5.679470000000000000e+05
5.679490000000000000e+05
5.679610000000000000e+05
5.679790000000000000e+05
5.679910000000000000e+05
5.679970000000000000e+05
5.680190000000000000e+05
5.680270000000000000e+05
5.680330000000000000e+05
5.680490000000000000e+05
5.680690000000000000e+05
5.680910000000000000e+05
5.680970000000000000e+05
5.681090000000000000e+05
5.681330000000000000e+05
5.681510000000000000e+05
5.681530000000000000e+05
5.681630000000000000e+05
5.681710000000000000e+05
5.681770000000000000e+05
5.681870000000000000e+05
5.681890000000000000e+05
5.681930000000000000e+05
5.682010000000000000e+05
5.682070000000000000e+05
5.682310000000000000e+05
5.682370000000000000e+05
5.682410000000000000e+05
5.682730000000000000e+05
5.682790000000000000e+05
5.682890000000000000e+05
5.683030000000000000e+05
5.683490000000000000e+05
5.683630000000000000e+05
5.683670000000000000e+05
5.683870000000000000e+05
5.683910000000000000e+05
5.684330000000000000e+05
