5.697730000000000000e+05
5.697970000000000000e+05
5.698090000000000000e+05
5.698130000000000000e+05
5.698190000000000000e+05
5.698310000000000000e+05
5.698390000000000000e+05
5.698430000000000000e+05
5.698510000000000000e+05
5.698610000000000000e+05
5.698690000000000000e+05
5.698870000000000000e+05
5.698930000000000000e+05
5.698970000000000000e+05
5.699030000000000000e+05
5.699270000000000000e+05
5.699390000000000000e+05
5.699570000000000000e+05
5.699830000000000000e+05
5.700010000000000000e+05
5.700130000000000000e+05
5.700290000000000000e+05
5.700410000000000000e+05
5.700430000000000000e+05
5.700470000000000000e+05
5.700490000000000000e+05
5.700710000000000000e+05
5.700770000000000000e+05
5.700790000000000000e+05
5.700830000000000000e+05
5.700910000000000000e+05
5.701070000000000000e+05
5.701090000000000000e+05
5.701130000000000000e+05
5.701310000000000000e+05
5.701390000000000000e+05
5.701610000000000000e+05
5.701730000000000000e+05
5.701810000000000000e+05
5.701910000000000000e+05
5.702170000000000000e+05
5.702210000000000000e+05
5.702330000000000000e+05
5.702530000000000000e+05
5.703290000000000000e+05
5.703590000000000000e+05
5.703730000000000000e+05
5.703790000000000000e+05
5.703890000000000000e+05
5.703910000000000000e+05
5.704030000000000000e+05
5.704070000000000000e+05
5.704130000000000000e+05
5.704190000000000000e+05
5.704210000000000000e+05
5.704610000000000000e+05
5.704630000000000000e+05
5.704670000000000000e+05
5.704870000000000000e+05
5.704910000000000000e+05
5.704970000000000000e+05
5.704990000000000000e+05
5.705090000000000000e+05
5.705110000000000000e+05
5.705270000000000000e+05
5.705290000000000000e+05
5.705390000000000000e+05
5.705470000000000000e+05
5.705530000000000000e+05
5.705690000000000000e+05
5.705870000000000000e+05
5.706010000000000000e+05
5.706130000000000000e+05
5.706370000000000000e+05
5.706430000000000000e+05
5.706490000000000000e+05
5.706590000000000000e+05
5.706670000000000000e+05
5.706710000000000000e+05
5.706770000000000000e+05
5.706830000000000000e+05
5.706970000000000000e+05
5.707190000000000000e+05
5.707330000000000000e+05
5.707370000000000000e+05
5.707430000000000000e+05
5.707810000000000000e+05
5.708210000000000000e+05
5.708270000000000000e+05
5.708390000000000000e+05
5.708410000000000000e+05
5.708510000000000000e+05
5.708530000000000000e+05
5.708590000000000000e+05
5.708810000000000000e+05
5.708870000000000000e+05
5.709010000000000000e+05
5.709190000000000000e+05
5.709370000000000000e+05
5.709490000000000000e+05
