5.723210000000000000e+05
5.723230000000000000e+05
5.723290000000000000e+05
5.723330000000000000e+05
5.723570000000000000e+05
5.723870000000000000e+05
5.723990000000000000e+05
5.724170000000000000e+05
5.724190000000000000e+05
5.724230000000000000e+05
5.724370000000000000e+05
5.724490000000000000e+05
5.724610000000000000e+05
5.724710000000000000e+05
5.724790000000000000e+05
5.724910000000000000e+05
5.724970000000000000e+05
5.725190000000000000e+05
5.725210000000000000e+05
5.725490000000000000e+05
5.725670000000000000e+05
5.725730000000000000e+05
5.725810000000000000e+05
5.725870000000000000e+05
5.725970000000000000e+05
5.725990000000000000e+05
5.726090000000000000e+05
5.726290000000000000e+05
5.726330000000000000e+05
5.726390000000000000e+05
5.726510000000000000e+05
5.726530000000000000e+05
5.726570000000000000e+05
5.726590000000000000e+05
5.726830000000000000e+05
5.726870000000000000e+05
5.726990000000000000e+05
5.727070000000000000e+05
5.727110000000000000e+05
5.727490000000000000e+05
5.727770000000000000e+05
5.727910000000000000e+05
5.728010000000000000e+05
5.728070000000000000e+05
5.728130000000000000e+05
5.728210000000000000e+05
5.728270000000000000e+05
5.728330000000000000e+05
5.728430000000000000e+05
5.728670000000000000e+05
5.728790000000000000e+05
5.728810000000000000e+05
5.729030000000000000e+05
5.729090000000000000e+05
5.729270000000000000e+05
5.729330000000000000e+05
5.729390000000000000e+05
5.729410000000000000e+05
5.729630000000000000e+05
5.729690000000000000e+05
5.729930000000000000e+05
5.730070000000000000e+05
5.730310000000000000e+05
5.730470000000000000e+05
5.731010000000000000e+05
5.731070000000000000e+05
5.731090000000000000e+05
5.731190000000000000e+05
5.731430000000000000e+05
5.731610000000000000e+05
5.731630000000000000e+05
5.731790000000000000e+05
5.731970000000000000e+05
5.732470000000000000e+05
5.732530000000000000e+05
5.732630000000000000e+05
5.732770000000000000e+05
5.732890000000000000e+05
5.732990000000000000e+05
5.733170000000000000e+05
5.733290000000000000e+05
5.733410000000000000e+05
5.733430000000000000e+05
5.733710000000000000e+05
5.733790000000000000e+05
5.733830000000000000e+05
5.734090000000000000e+05
5.734370000000000000e+05
5.734510000000000000e+05
5.734570000000000000e+05
5.734730000000000000e+05
5.734790000000000000e+05
5.734810000000000000e+05
5.734870000000000000e+05
5.734930000000000000e+05
5.734970000000000000e+05
5.735090000000000000e+05
5.735110000000000000e+05
5.735230000000000000e+05
5.735270000000000000e+05
