5.735570000000000000e+05
5.735690000000000000e+05
5.735710000000000000e+05
5.736370000000000000e+05
5.736470000000000000e+05
5.736730000000000000e+05
5.736790000000000000e+05
5.736910000000000000e+05
5.737190000000000000e+05
5.737370000000000000e+05
5.737390000000000000e+05
5.737570000000000000e+05
5.737610000000000000e+05
5.737630000000000000e+05
5.737870000000000000e+05
5.737910000000000000e+05
5.738090000000000000e+05
5.738170000000000000e+05
5.738290000000000000e+05
5.738470000000000000e+05
5.738510000000000000e+05
5.738630000000000000e+05
5.738710000000000000e+05
5.738830000000000000e+05
5.738870000000000000e+05
5.738990000000000000e+05
5.739010000000000000e+05
5.739290000000000000e+05
5.739410000000000000e+05
5.739530000000000000e+05
5.739670000000000000e+05
5.739730000000000000e+05
5.739770000000000000e+05
5.740030000000000000e+05
5.740310000000000000e+05
5.740330000000000000e+05
5.740510000000000000e+05
5.740610000000000000e+05
5.740810000000000000e+05
5.740990000000000000e+05
5.741090000000000000e+05
5.741270000000000000e+05
5.741570000000000000e+05
5.741590000000000000e+05
5.741630000000000000e+05
5.741690000000000000e+05
5.741810000000000000e+05
5.741830000000000000e+05
5.742010000000000000e+05
5.742190000000000000e+05
5.742610000000000000e+05
5.742790000000000000e+05
5.742830000000000000e+05
5.742890000000000000e+05
5.742970000000000000e+05
5.743070000000000000e+05
5.743090000000000000e+05
5.743630000000000000e+05
5.743670000000000000e+05
5.743730000000000000e+05
5.743930000000000000e+05
5.744230000000000000e+05
5.744290000000000000e+05
5.744330000000000000e+05
5.744390000000000000e+05
5.744770000000000000e+05
5.744890000000000000e+05
5.744930000000000000e+05
5.745010000000000000e+05
5.745070000000000000e+05
5.745290000000000000e+05
5.745430000000000000e+05
5.745470000000000000e+05
5.745970000000000000e+05
5.746190000000000000e+05
5.746210000000000000e+05
5.746270000000000000e+05
5.746310000000000000e+05
5.746430000000000000e+05
5.746570000000000000e+05
5.746670000000000000e+05
5.746870000000000000e+05
5.746990000000000000e+05
5.747030000000000000e+05
5.747110000000000000e+05
5.747230000000000000e+05
5.747270000000000000e+05
5.747330000000000000e+05
5.747410000000000000e+05
5.747890000000000000e+05
5.747990000000000000e+05
5.748010000000000000e+05
5.748130000000000000e+05
5.748170000000000000e+05
5.748590000000000000e+05
5.749070000000000000e+05
5.749130000000000000e+05
5.749330000000000000e+05
5.749390000000000000e+05
5.749490000000000000e+05
