5.749630000000000000e+05
5.749670000000000000e+05
5.749690000000000000e+05
5.750090000000000000e+05
5.750270000000000000e+05
5.750330000000000000e+05
5.750530000000000000e+05
5.750630000000000000e+05
5.750770000000000000e+05
5.750870000000000000e+05
5.751190000000000000e+05
5.751230000000000000e+05
5.751290000000000000e+05
5.751310000000000000e+05
5.751370000000000000e+05
5.751530000000000000e+05
5.751730000000000000e+05
5.751770000000000000e+05
5.752030000000000000e+05
5.752130000000000000e+05
5.752190000000000000e+05
5.752310000000000000e+05
5.752430000000000000e+05
5.752490000000000000e+05
5.752510000000000000e+05
5.752570000000000000e+05
5.752610000000000000e+05
5.753030000000000000e+05
5.753170000000000000e+05
5.753590000000000000e+05
5.753690000000000000e+05
5.753710000000000000e+05
5.754010000000000000e+05
5.754170000000000000e+05
5.754290000000000000e+05
5.754310000000000000e+05
5.754410000000000000e+05
5.754730000000000000e+05
5.754790000000000000e+05
5.754890000000000000e+05
5.755030000000000000e+05
5.755130000000000000e+05
5.755510000000000000e+05
5.755570000000000000e+05
5.755730000000000000e+05
5.755790000000000000e+05
5.755810000000000000e+05
5.755910000000000000e+05
5.755930000000000000e+05
5.756110000000000000e+05
5.756230000000000000e+05
5.756470000000000000e+05
5.756510000000000000e+05
5.756690000000000000e+05
5.756770000000000000e+05
5.756890000000000000e+05
5.756930000000000000e+05
5.756990000000000000e+05
5.757110000000000000e+05
5.757170000000000000e+05
5.757230000000000000e+05
5.757470000000000000e+05
5.757530000000000000e+05
5.757770000000000000e+05
5.757910000000000000e+05
5.758210000000000000e+05
5.758370000000000000e+05
5.758490000000000000e+05
5.758570000000000000e+05
5.758630000000000000e+05
5.758670000000000000e+05
5.758930000000000000e+05
5.759030000000000000e+05
5.759210000000000000e+05
5.759230000000000000e+05
5.759410000000000000e+05
5.759570000000000000e+05
5.759590000000000000e+05
5.759630000000000000e+05
5.759870000000000000e+05
5.760010000000000000e+05
5.760130000000000000e+05
5.760190000000000000e+05
5.760290000000000000e+05
5.760310000000000000e+05
5.760410000000000000e+05
5.760490000000000000e+05
5.760890000000000000e+05
5.761010000000000000e+05
5.761190000000000000e+05
5.761310000000000000e+05
5.761510000000000000e+05
5.761610000000000000e+05
5.761670000000000000e+05
5.761790000000000000e+05
5.761930000000000000e+05
5.762030000000000000e+05
5.762110000000000000e+05
5.762170000000000000e+05
5.762210000000000000e+05
