5.762230000000000000e+05
5.762270000000000000e+05
5.762870000000000000e+05
5.762930000000000000e+05
5.762990000000000000e+05
5.763130000000000000e+05
5.763190000000000000e+05
5.763410000000000000e+05
5.763770000000000000e+05
5.763790000000000000e+05
5.763910000000000000e+05
5.764210000000000000e+05
5.764270000000000000e+05
5.764310000000000000e+05
5.764390000000000000e+05
5.764610000000000000e+05
5.764690000000000000e+05
5.764730000000000000e+05
5.764930000000000000e+05
5.765090000000000000e+05
5.765230000000000000e+05
5.765290000000000000e+05
5.765330000000000000e+05
5.765390000000000000e+05
5.765510000000000000e+05
5.765530000000000000e+05
5.765770000000000000e+05
5.765810000000000000e+05
5.766130000000000000e+05
5.766170000000000000e+05
5.766370000000000000e+05
5.766470000000000000e+05
5.766490000000000000e+05
5.766590000000000000e+05
5.766710000000000000e+05
5.766770000000000000e+05
5.766830000000000000e+05
5.766890000000000000e+05
5.767010000000000000e+05
5.767030000000000000e+05
5.767210000000000000e+05
5.767270000000000000e+05
5.767310000000000000e+05
5.767390000000000000e+05
5.767430000000000000e+05
5.767490000000000000e+05
5.767570000000000000e+05
5.767690000000000000e+05
5.767870000000000000e+05
5.767910000000000000e+05
5.768810000000000000e+05
5.768830000000000000e+05
5.768890000000000000e+05
5.768990000000000000e+05
5.769430000000000000e+05
5.769490000000000000e+05
5.769670000000000000e+05
5.769770000000000000e+05
5.770070000000000000e+05
5.770090000000000000e+05
5.770330000000000000e+05
5.770430000000000000e+05
5.770630000000000000e+05
5.770670000000000000e+05
5.770690000000000000e+05
5.770810000000000000e+05
5.770970000000000000e+05
5.771110000000000000e+05
5.771230000000000000e+05
5.771470000000000000e+05
5.771510000000000000e+05
5.771530000000000000e+05
5.771690000000000000e+05
5.771770000000000000e+05
5.771930000000000000e+05
5.772190000000000000e+05
5.772490000000000000e+05
5.772590000000000000e+05
5.772710000000000000e+05
5.772790000000000000e+05
5.773070000000000000e+05
5.773270000000000000e+05
5.773310000000000000e+05
5.773330000000000000e+05
5.773490000000000000e+05
5.773510000000000000e+05
5.773630000000000000e+05
5.773870000000000000e+05
5.773970000000000000e+05
5.773990000000000000e+05
5.774270000000000000e+05
5.774530000000000000e+05
5.774570000000000000e+05
5.774630000000000000e+05
5.774710000000000000e+05
5.774830000000000000e+05
5.775130000000000000e+05
5.775170000000000000e+05
5.775230000000000000e+05
5.775290000000000000e+05
