5.775310000000000000e+05
5.775370000000000000e+05
5.775470000000000000e+05
5.775590000000000000e+05
5.775730000000000000e+05
5.775890000000000000e+05
5.776010000000000000e+05
5.776130000000000000e+05
5.776270000000000000e+05
5.776370000000000000e+05
5.776390000000000000e+05
5.776670000000000000e+05
5.777210000000000000e+05
5.777390000000000000e+05
5.777510000000000000e+05
5.777570000000000000e+05
5.777810000000000000e+05
5.777990000000000000e+05
5.778070000000000000e+05
5.778170000000000000e+05
5.778310000000000000e+05
5.778490000000000000e+05
5.778670000000000000e+05
5.778730000000000000e+05
5.778790000000000000e+05
5.778970000000000000e+05
5.779010000000000000e+05
5.779090000000000000e+05
5.779190000000000000e+05
5.779310000000000000e+05
5.779370000000000000e+05
5.779390000000000000e+05
5.779570000000000000e+05
5.779790000000000000e+05
5.779810000000000000e+05
5.780210000000000000e+05
5.780290000000000000e+05
5.780410000000000000e+05
5.780470000000000000e+05
5.780630000000000000e+05
5.780770000000000000e+05
5.780930000000000000e+05
5.781170000000000000e+05
5.781310000000000000e+05
5.781670000000000000e+05
5.781830000000000000e+05
5.781910000000000000e+05
5.782030000000000000e+05
5.782090000000000000e+05
5.782130000000000000e+05
5.782510000000000000e+05
5.782670000000000000e+05
5.782970000000000000e+05
5.782990000000000000e+05
5.783090000000000000e+05
5.783110000000000000e+05
5.783170000000000000e+05
5.783270000000000000e+05
5.783530000000000000e+05
5.783630000000000000e+05
5.783710000000000000e+05
5.783990000000000000e+05
5.784010000000000000e+05
5.784070000000000000e+05
5.784190000000000000e+05
5.784410000000000000e+05
5.784530000000000000e+05
5.784670000000000000e+05
5.784770000000000000e+05
5.784830000000000000e+05
5.784890000000000000e+05
5.784970000000000000e+05
5.785030000000000000e+05
5.785090000000000000e+05
5.785330000000000000e+05
5.785370000000000000e+05
5.785630000000000000e+05
5.785730000000000000e+05
5.785810000000000000e+05
5.785870000000000000e+05
5.785970000000000000e+05
5.786030000000000000e+05
5.786090000000000000e+05
5.786210000000000000e+05
5.786470000000000000e+05
5.786590000000000000e+05
5.786870000000000000e+05
5.786890000000000000e+05
5.786930000000000000e+05
5.787010000000000000e+05
5.787190000000000000e+05
5.787290000000000000e+05
5.787410000000000000e+05
5.787770000000000000e+05
5.787790000000000000e+05
5.787890000000000000e+05
5.788030000000000000e+05
5.788190000000000000e+05
5.788210000000000000e+05
5.788270000000000000e+05
