5.788390000000000000e+05
5.788430000000000000e+05
5.788570000000000000e+05
5.788610000000000000e+05
5.788810000000000000e+05
5.789170000000000000e+05
5.789230000000000000e+05
5.789570000000000000e+05
5.789590000000000000e+05
5.789710000000000000e+05
5.789990000000000000e+05
5.790110000000000000e+05
5.790170000000000000e+05
5.790230000000000000e+05
5.790530000000000000e+05
5.790790000000000000e+05
5.790830000000000000e+05
5.791070000000000000e+05
5.791130000000000000e+05
5.791190000000000000e+05
5.791330000000000000e+05
5.791790000000000000e+05
5.791970000000000000e+05
5.791990000000000000e+05
5.792390000000000000e+05
5.792510000000000000e+05
5.792590000000000000e+05
5.792630000000000000e+05
5.792770000000000000e+05
5.792810000000000000e+05
5.792830000000000000e+05
5.792870000000000000e+05
5.793110000000000000e+05
5.793310000000000000e+05
5.793530000000000000e+05
5.793790000000000000e+05
5.794070000000000000e+05
5.794090000000000000e+05
5.794270000000000000e+05
5.794330000000000000e+05
5.794510000000000000e+05
5.794730000000000000e+05
5.794970000000000000e+05
5.794990000000000000e+05
5.795030000000000000e+05
5.795170000000000000e+05
5.795210000000000000e+05
5.795290000000000000e+05
5.795330000000000000e+05
5.795390000000000000e+05
5.795410000000000000e+05
5.795630000000000000e+05
5.795690000000000000e+05
5.795710000000000000e+05
5.795830000000000000e+05
5.795870000000000000e+05
5.796110000000000000e+05
5.796130000000000000e+05
5.796290000000000000e+05
5.796370000000000000e+05
5.796410000000000000e+05
5.796430000000000000e+05
5.796530000000000000e+05
5.796730000000000000e+05
5.797010000000000000e+05
5.797070000000000000e+05
5.797130000000000000e+05
5.797210000000000000e+05
5.797370000000000000e+05
5.797570000000000000e+05
5.797630000000000000e+05
5.797730000000000000e+05
5.797790000000000000e+05
5.798090000000000000e+05
5.798290000000000000e+05
5.798510000000000000e+05
5.798690000000000000e+05
5.798770000000000000e+05
5.798810000000000000e+05
5.798830000000000000e+05
5.798930000000000000e+05
5.799070000000000000e+05
5.799470000000000000e+05
5.799490000000000000e+05
5.799610000000000000e+05
5.799670000000000000e+05
5.799730000000000000e+05
5.799830000000000000e+05
5.800010000000000000e+05
5.800310000000000000e+05
5.800330000000000000e+05
5.800790000000000000e+05
5.800810000000000000e+05
5.800930000000000000e+05
5.801330000000000000e+05
5.801630000000000000e+05
5.801690000000000000e+05
5.801830000000000000e+05
5.801870000000000000e+05
5.802010000000000000e+05
