5.802130000000000000e+05
5.802190000000000000e+05
5.802310000000000000e+05
5.802590000000000000e+05
5.802910000000000000e+05
5.803010000000000000e+05
5.803030000000000000e+05
5.803310000000000000e+05
5.803390000000000000e+05
5.803430000000000000e+05
5.803570000000000000e+05
5.803610000000000000e+05
5.803730000000000000e+05
5.803790000000000000e+05
5.803810000000000000e+05
5.804090000000000000e+05
5.804170000000000000e+05
5.804710000000000000e+05
5.804770000000000000e+05
5.804870000000000000e+05
5.805130000000000000e+05
5.805290000000000000e+05
5.805490000000000000e+05
5.805530000000000000e+05
5.805610000000000000e+05
5.805770000000000000e+05
5.806070000000000000e+05
5.806270000000000000e+05
5.806310000000000000e+05
5.806330000000000000e+05
5.806390000000000000e+05
5.806630000000000000e+05
5.806730000000000000e+05
5.806870000000000000e+05
5.806910000000000000e+05
5.806930000000000000e+05
5.807110000000000000e+05
5.807170000000000000e+05
5.807330000000000000e+05
5.807470000000000000e+05
5.807570000000000000e+05
5.807590000000000000e+05
5.807630000000000000e+05
5.807870000000000000e+05
5.807930000000000000e+05
5.808070000000000000e+05
5.808130000000000000e+05
5.808370000000000000e+05
5.808430000000000000e+05
5.808590000000000000e+05
5.808710000000000000e+05
5.808890000000000000e+05
5.808910000000000000e+05
5.809010000000000000e+05
5.809130000000000000e+05
5.809190000000000000e+05
5.809270000000000000e+05
5.809390000000000000e+05
5.809690000000000000e+05
5.809810000000000000e+05
5.809970000000000000e+05
5.810290000000000000e+05
5.810410000000000000e+05
5.810470000000000000e+05
5.810690000000000000e+05
5.810710000000000000e+05
5.810890000000000000e+05
5.810990000000000000e+05
5.811010000000000000e+05
5.811370000000000000e+05
5.811430000000000000e+05
5.811490000000000000e+05
5.811710000000000000e+05
5.811730000000000000e+05
5.811770000000000000e+05
5.811830000000000000e+05
5.811970000000000000e+05
5.812010000000000000e+05
5.812270000000000000e+05
5.812370000000000000e+05
5.812390000000000000e+05
5.812610000000000000e+05
5.812630000000000000e+05
5.812930000000000000e+05
5.813030000000000000e+05
5.813110000000000000e+05
5.813230000000000000e+05
5.813330000000000000e+05
5.813410000000000000e+05
5.813510000000000000e+05
5.813530000000000000e+05
5.813690000000000000e+05
5.813770000000000000e+05
5.813930000000000000e+05
5.814070000000000000e+05
5.814110000000000000e+05
5.814290000000000000e+05
5.814430000000000000e+05
5.814470000000000000e+05
5.814590000000000000e+05
