5.814730000000000000e+05
5.814910000000000000e+05
5.815210000000000000e+05
5.815270000000000000e+05
5.815490000000000000e+05
5.815510000000000000e+05
5.815570000000000000e+05
5.815730000000000000e+05
5.815970000000000000e+05
5.815990000000000000e+05
5.816170000000000000e+05
5.816390000000000000e+05
5.816570000000000000e+05
5.816630000000000000e+05
5.816830000000000000e+05
5.816870000000000000e+05
5.816990000000000000e+05
5.817010000000000000e+05
5.817290000000000000e+05
5.817310000000000000e+05
5.817430000000000000e+05
5.817530000000000000e+05
5.817670000000000000e+05
5.817730000000000000e+05
5.817970000000000000e+05
5.818090000000000000e+05
5.818210000000000000e+05
5.818430000000000000e+05
5.818570000000000000e+05
5.818630000000000000e+05
5.818690000000000000e+05
5.818730000000000000e+05
5.818910000000000000e+05
5.819090000000000000e+05
5.819210000000000000e+05
5.819410000000000000e+05
5.819470000000000000e+05
5.819530000000000000e+05
5.819810000000000000e+05
5.819830000000000000e+05
5.820110000000000000e+05
5.820130000000000000e+05
5.820170000000000000e+05
5.820310000000000000e+05
5.820370000000000000e+05
5.820670000000000000e+05
5.820830000000000000e+05
5.821190000000000000e+05
5.821370000000000000e+05
5.821390000000000000e+05
5.821570000000000000e+05
5.821610000000000000e+05
5.821670000000000000e+05
5.821730000000000000e+05
5.821810000000000000e+05
5.822030000000000000e+05
5.822090000000000000e+05
5.822210000000000000e+05
5.822230000000000000e+05
5.822270000000000000e+05
5.822470000000000000e+05
5.822510000000000000e+05
5.822990000000000000e+05
5.823170000000000000e+05
5.823190000000000000e+05
5.823710000000000000e+05
5.823910000000000000e+05
5.824090000000000000e+05
5.824190000000000000e+05
5.824270000000000000e+05
5.824330000000000000e+05
5.824510000000000000e+05
5.824570000000000000e+05
5.824690000000000000e+05
5.824990000000000000e+05
5.825090000000000000e+05
5.825110000000000000e+05
5.825410000000000000e+05
5.825510000000000000e+05
5.825630000000000000e+05
5.825870000000000000e+05
5.826010000000000000e+05
5.826230000000000000e+05
5.826430000000000000e+05
5.826490000000000000e+05
5.826770000000000000e+05
5.826890000000000000e+05
5.826910000000000000e+05
5.827190000000000000e+05
5.827210000000000000e+05
5.827270000000000000e+05
5.827310000000000000e+05
5.827370000000000000e+05
5.827610000000000000e+05
5.827630000000000000e+05
5.827670000000000000e+05
5.827730000000000000e+05
5.827810000000000000e+05
5.827930000000000000e+05
5.828090000000000000e+05
