5.828210000000000000e+05
5.828510000000000000e+05
5.828530000000000000e+05
5.828590000000000000e+05
5.828870000000000000e+05
5.828990000000000000e+05
5.829310000000000000e+05
5.829370000000000000e+05
5.829490000000000000e+05
5.829610000000000000e+05
5.829710000000000000e+05
5.829730000000000000e+05
5.829830000000000000e+05
5.830070000000000000e+05
5.830130000000000000e+05
5.830190000000000000e+05
5.830210000000000000e+05
5.830310000000000000e+05
5.830690000000000000e+05
5.830870000000000000e+05
5.831270000000000000e+05
5.831390000000000000e+05
5.831470000000000000e+05
5.831530000000000000e+05
5.831690000000000000e+05
5.831710000000000000e+05
5.831810000000000000e+05
5.831890000000000000e+05
5.832070000000000000e+05
5.832130000000000000e+05
5.832290000000000000e+05
5.832370000000000000e+05
5.832490000000000000e+05
5.832670000000000000e+05
5.832730000000000000e+05
5.832790000000000000e+05
5.832910000000000000e+05
5.833010000000000000e+05
5.833370000000000000e+05
5.833390000000000000e+05
5.833510000000000000e+05
5.833670000000000000e+05
5.833910000000000000e+05
5.833970000000000000e+05
5.834030000000000000e+05
5.834090000000000000e+05
5.834170000000000000e+05
5.834210000000000000e+05
5.834470000000000000e+05
5.834590000000000000e+05
5.834690000000000000e+05
5.834810000000000000e+05
5.834930000000000000e+05
5.835010000000000000e+05
5.835110000000000000e+05
5.835190000000000000e+05
5.835230000000000000e+05
5.835370000000000000e+05
5.835430000000000000e+05
5.835770000000000000e+05
5.836030000000000000e+05
5.836130000000000000e+05
5.836190000000000000e+05
5.836210000000000000e+05
5.836310000000000000e+05
5.836510000000000000e+05
5.836570000000000000e+05
5.836690000000000000e+05
5.836730000000000000e+05
5.836970000000000000e+05
5.837270000000000000e+05
5.837330000000000000e+05
5.837530000000000000e+05
5.837690000000000000e+05
5.837770000000000000e+05
5.837830000000000000e+05
5.837890000000000000e+05
5.838010000000000000e+05
5.838410000000000000e+05
5.838530000000000000e+05
5.838590000000000000e+05
5.838610000000000000e+05
5.838730000000000000e+05
5.838790000000000000e+05
5.839030000000000000e+05
5.839090000000000000e+05
5.839370000000000000e+05
5.839690000000000000e+05
5.839810000000000000e+05
5.839910000000000000e+05
5.839970000000000000e+05
5.840110000000000000e+05
5.840270000000000000e+05
5.840330000000000000e+05
5.840530000000000000e+05
5.840570000000000000e+05
5.840630000000000000e+05
5.840810000000000000e+05
5.840990000000000000e+05
5.841410000000000000e+05
