5.878970000000000000e+05
5.879270000000000000e+05
5.879330000000000000e+05
5.879470000000000000e+05
5.879590000000000000e+05
5.879690000000000000e+05
5.879710000000000000e+05
5.879870000000000000e+05
5.879890000000000000e+05
5.879990000000000000e+05
5.880110000000000000e+05
5.880190000000000000e+05
5.880370000000000000e+05
5.880430000000000000e+05
5.880610000000000000e+05
5.880730000000000000e+05
5.880790000000000000e+05
5.880830000000000000e+05
5.880970000000000000e+05
5.881130000000000000e+05
5.881210000000000000e+05
5.881310000000000000e+05
5.881510000000000000e+05
5.881670000000000000e+05
5.881690000000000000e+05
5.881730000000000000e+05
5.881910000000000000e+05
5.881990000000000000e+05
5.882290000000000000e+05
5.882390000000000000e+05
5.882410000000000000e+05
5.882570000000000000e+05
5.882770000000000000e+05
5.882930000000000000e+05
5.883110000000000000e+05
5.883470000000000000e+05
5.883590000000000000e+05
5.883610000000000000e+05
5.883830000000000000e+05
5.883890000000000000e+05
5.883970000000000000e+05
5.884030000000000000e+05
5.884330000000000000e+05
5.884370000000000000e+05
5.884630000000000000e+05
5.884810000000000000e+05
5.884930000000000000e+05
5.885030000000000000e+05
5.885090000000000000e+05
5.885170000000000000e+05
5.885210000000000000e+05
5.885290000000000000e+05
5.885690000000000000e+05
5.885710000000000000e+05
5.886190000000000000e+05
5.886310000000000000e+05
5.886410000000000000e+05
5.886470000000000000e+05
5.886490000000000000e+05
5.886670000000000000e+05
5.886730000000000000e+05
5.886830000000000000e+05
5.887030000000000000e+05
5.887330000000000000e+05
5.887370000000000000e+05
5.887430000000000000e+05
5.887670000000000000e+05
5.887730000000000000e+05
5.887790000000000000e+05
5.888110000000000000e+05
5.888270000000000000e+05
5.888390000000000000e+05
5.888710000000000000e+05
5.888770000000000000e+05
5.888810000000000000e+05
5.888930000000000000e+05
5.889110000000000000e+05
5.889370000000000000e+05
5.889410000000000000e+05
5.889470000000000000e+05
5.889490000000000000e+05
5.889530000000000000e+05
5.889770000000000000e+05
5.890210000000000000e+05
5.890270000000000000e+05
5.890490000000000000e+05
5.890630000000000000e+05
5.891090000000000000e+05
5.891110000000000000e+05
5.891230000000000000e+05
5.891390000000000000e+05
5.891590000000000000e+05
5.891630000000000000e+05
5.891810000000000000e+05
5.891870000000000000e+05
5.891890000000000000e+05
5.892070000000000000e+05
5.892130000000000000e+05
5.892190000000000000e+05
5.892310000000000000e+05
