5.921390000000000000e+05
5.921570000000000000e+05
5.921990000000000000e+05
5.922170000000000000e+05
5.922190000000000000e+05
5.922230000000000000e+05
5.922370000000000000e+05
5.922610000000000000e+05
5.922890000000000000e+05
5.923030000000000000e+05
5.923070000000000000e+05
5.923090000000000000e+05
5.923210000000000000e+05
5.923370000000000000e+05
5.923430000000000000e+05
5.923510000000000000e+05
5.923570000000000000e+05
5.923670000000000000e+05
5.923690000000000000e+05
5.923870000000000000e+05
5.923910000000000000e+05
5.923930000000000000e+05
5.924290000000000000e+05
5.924510000000000000e+05
5.924530000000000000e+05
5.924630000000000000e+05
5.924690000000000000e+05
5.924830000000000000e+05
5.924890000000000000e+05
5.925070000000000000e+05
5.925170000000000000e+05
5.925310000000000000e+05
5.925470000000000000e+05
5.925610000000000000e+05
5.925770000000000000e+05
5.925890000000000000e+05
5.925970000000000000e+05
5.926010000000000000e+05
5.926090000000000000e+05
5.926210000000000000e+05
5.926390000000000000e+05
5.926430000000000000e+05
5.926490000000000000e+05
5.926610000000000000e+05
5.926630000000000000e+05
5.926810000000000000e+05
5.926930000000000000e+05
5.927230000000000000e+05
5.927270000000000000e+05
5.927410000000000000e+05
5.927470000000000000e+05
5.927590000000000000e+05
5.927630000000000000e+05
5.927930000000000000e+05
5.928430000000000000e+05
5.928490000000000000e+05
5.928530000000000000e+05
5.928610000000000000e+05
5.928730000000000000e+05
5.928770000000000000e+05
5.928970000000000000e+05
5.929030000000000000e+05
5.929190000000000000e+05
5.929310000000000000e+05
5.929390000000000000e+05
5.929670000000000000e+05
5.929730000000000000e+05
5.929870000000000000e+05
5.929930000000000000e+05
5.930030000000000000e+05
5.930290000000000000e+05
5.930410000000000000e+05
5.930510000000000000e+05
5.930590000000000000e+05
5.930710000000000000e+05
5.930810000000000000e+05
5.930830000000000000e+05
5.931110000000000000e+05
5.931190000000000000e+05
5.931410000000000000e+05
5.931430000000000000e+05
5.931490000000000000e+05
5.931710000000000000e+05
5.931790000000000000e+05
5.931830000000000000e+05
5.932070000000000000e+05
5.932090000000000000e+05
5.932130000000000000e+05
5.932270000000000000e+05
5.932310000000000000e+05
5.932330000000000000e+05
5.932510000000000000e+05
5.932610000000000000e+05
5.932730000000000000e+05
5.932910000000000000e+05
5.932930000000000000e+05
5.932970000000000000e+05
5.933210000000000000e+05
5.933230000000000000e+05
5.933530000000000000e+05
