5.933810000000000000e+05
5.933870000000000000e+05
5.933990000000000000e+05
5.934010000000000000e+05
5.934070000000000000e+05
5.934290000000000000e+05
5.934470000000000000e+05
5.934490000000000000e+05
5.934730000000000000e+05
5.934790000000000000e+05
5.934910000000000000e+05
5.934970000000000000e+05
5.935010000000000000e+05
5.935070000000000000e+05
5.935130000000000000e+05
5.935190000000000000e+05
5.935310000000000000e+05
5.935390000000000000e+05
5.935730000000000000e+05
5.935870000000000000e+05
5.935970000000000000e+05
5.936030000000000000e+05
5.936270000000000000e+05
5.936290000000000000e+05
5.936330000000000000e+05
5.936410000000000000e+05
5.936470000000000000e+05
5.936510000000000000e+05
5.936890000000000000e+05
5.937070000000000000e+05
5.937110000000000000e+05
5.937670000000000000e+05
5.937770000000000000e+05
5.937830000000000000e+05
5.938390000000000000e+05
5.938510000000000000e+05
5.938630000000000000e+05
5.938690000000000000e+05
5.938990000000000000e+05
5.939030000000000000e+05
5.939330000000000000e+05
5.939510000000000000e+05
5.939690000000000000e+05
5.939770000000000000e+05
5.939870000000000000e+05
5.939930000000000000e+05
5.940230000000000000e+05
5.940370000000000000e+05
5.940470000000000000e+05
5.940910000000000000e+05
5.941030000000000000e+05
5.941070000000000000e+05
5.941190000000000000e+05
5.941370000000000000e+05
5.941510000000000000e+05
5.941570000000000000e+05
5.941610000000000000e+05
5.941630000000000000e+05
5.941790000000000000e+05
5.941930000000000000e+05
5.942030000000000000e+05
5.942110000000000000e+05
5.942270000000000000e+05
5.942410000000000000e+05
5.942710000000000000e+05
5.942810000000000000e+05
5.942830000000000000e+05
5.942870000000000000e+05
5.942990000000000000e+05
5.943110000000000000e+05
5.943130000000000000e+05
5.943290000000000000e+05
5.943590000000000000e+05
5.943670000000000000e+05
5.943790000000000000e+05
5.943970000000000000e+05
5.944010000000000000e+05
5.944030000000000000e+05
5.944210000000000000e+05
5.944270000000000000e+05
5.944490000000000000e+05
5.944570000000000000e+05
5.944670000000000000e+05
5.944690000000000000e+05
5.944990000000000000e+05
5.945110000000000000e+05
5.945210000000000000e+05
5.945230000000000000e+05
5.945330000000000000e+05
5.945510000000000000e+05
5.945630000000000000e+05
5.945690000000000000e+05
5.945710000000000000e+05
5.945770000000000000e+05
5.946170000000000000e+05
5.946370000000000000e+05
5.946410000000000000e+05
5.946530000000000000e+05
5.946670000000000000e+05
5.946790000000000000e+05
