5.959810000000000000e+05
5.960090000000000000e+05
5.960210000000000000e+05
5.960270000000000000e+05
5.960470000000000000e+05
5.960530000000000000e+05
5.960590000000000000e+05
5.960690000000000000e+05
5.960810000000000000e+05
5.960830000000000000e+05
5.960930000000000000e+05
5.961170000000000000e+05
5.961190000000000000e+05
5.961430000000000000e+05
5.961470000000000000e+05
5.961590000000000000e+05
5.961790000000000000e+05
5.962090000000000000e+05
5.962270000000000000e+05
5.962310000000000000e+05
5.962430000000000000e+05
5.962510000000000000e+05
5.962570000000000000e+05
5.962610000000000000e+05
5.962730000000000000e+05
5.962790000000000000e+05
5.962910000000000000e+05
5.962930000000000000e+05
5.963170000000000000e+05
5.963410000000000000e+05
5.963630000000000000e+05
5.963690000000000000e+05
5.963990000000000000e+05
5.964190000000000000e+05
5.964230000000000000e+05
5.964610000000000000e+05
5.964890000000000000e+05
5.965030000000000000e+05
5.965070000000000000e+05
5.965370000000000000e+05
5.965690000000000000e+05
5.965730000000000000e+05
5.965790000000000000e+05
5.965870000000000000e+05
5.965930000000000000e+05
5.965990000000000000e+05
5.966110000000000000e+05
5.966230000000000000e+05
5.966330000000000000e+05
5.966530000000000000e+05
5.966630000000000000e+05
5.966690000000000000e+05
5.966710000000000000e+05
5.966930000000000000e+05
5.967070000000000000e+05
5.967370000000000000e+05
5.967410000000000000e+05
5.967490000000000000e+05
5.967670000000000000e+05
5.967790000000000000e+05
5.967890000000000000e+05
5.968030000000000000e+05
5.968210000000000000e+05
5.968310000000000000e+05
5.968390000000000000e+05
5.968510000000000000e+05
5.968570000000000000e+05
5.968610000000000000e+05
5.968630000000000000e+05
5.968790000000000000e+05
5.968990000000000000e+05
5.969170000000000000e+05
5.969270000000000000e+05
5.969290000000000000e+05
5.969330000000000000e+05
5.969410000000000000e+05
5.969630000000000000e+05
5.969770000000000000e+05
5.969830000000000000e+05
5.969870000000000000e+05
5.970310000000000000e+05
5.970490000000000000e+05
5.970530000000000000e+05
5.970590000000000000e+05
5.970730000000000000e+05
5.971270000000000000e+05
5.971310000000000000e+05
5.971330000000000000e+05
5.971370000000000000e+05
5.971690000000000000e+05
5.972090000000000000e+05
5.972210000000000000e+05
5.972390000000000000e+05
5.972530000000000000e+05
5.972630000000000000e+05
5.972690000000000000e+05
5.972710000000000000e+05
5.973010000000000000e+05
5.973070000000000000e+05
5.973490000000000000e+05
