5.973530000000000000e+05
5.973610000000000000e+05
5.973670000000000000e+05
5.973830000000000000e+05
5.973910000000000000e+05
5.974030000000000000e+05
5.974070000000000000e+05
5.974090000000000000e+05
5.974190000000000000e+05
5.974330000000000000e+05
5.974370000000000000e+05
5.974510000000000000e+05
5.974730000000000000e+05
5.974970000000000000e+05
5.975210000000000000e+05
5.975230000000000000e+05
5.975390000000000000e+05
5.975510000000000000e+05
5.975590000000000000e+05
5.975770000000000000e+05
5.975810000000000000e+05
5.975890000000000000e+05
5.975930000000000000e+05
5.975990000000000000e+05
5.976130000000000000e+05
5.976370000000000000e+05
5.976430000000000000e+05
5.976590000000000000e+05
5.976710000000000000e+05
5.976730000000000000e+05
5.976770000000000000e+05
5.976790000000000000e+05
5.976890000000000000e+05
5.976970000000000000e+05
5.977570000000000000e+05
5.977610000000000000e+05
5.977670000000000000e+05
5.977690000000000000e+05
5.977810000000000000e+05
5.978030000000000000e+05
5.978230000000000000e+05
5.978270000000000000e+05
5.978330000000000000e+05
5.978530000000000000e+05
5.978590000000000000e+05
5.978690000000000000e+05
5.978890000000000000e+05
5.978990000000000000e+05
5.979010000000000000e+05
5.979230000000000000e+05
5.979290000000000000e+05
5.979670000000000000e+05
5.979970000000000000e+05
5.980070000000000000e+05
5.980490000000000000e+05
5.980510000000000000e+05
5.980570000000000000e+05
5.980790000000000000e+05
5.980930000000000000e+05
5.980990000000000000e+05
5.981230000000000000e+05
5.981270000000000000e+05
5.981410000000000000e+05
5.981510000000000000e+05
5.981590000000000000e+05
5.981630000000000000e+05
5.981870000000000000e+05
5.981890000000000000e+05
5.981930000000000000e+05
5.982190000000000000e+05
5.982290000000000000e+05
5.982610000000000000e+05
5.983030000000000000e+05
5.983070000000000000e+05
5.983330000000000000e+05
5.983630000000000000e+05
5.983690000000000000e+05
5.983790000000000000e+05
5.983870000000000000e+05
5.983990000000000000e+05
5.984210000000000000e+05
5.984270000000000000e+05
5.984390000000000000e+05
5.984470000000000000e+05
5.984570000000000000e+05
5.984630000000000000e+05
5.984870000000000000e+05
5.984890000000000000e+05
5.985010000000000000e+05
5.985370000000000000e+05
5.985410000000000000e+05
5.985710000000000000e+05
5.986130000000000000e+05
5.986430000000000000e+05
5.986490000000000000e+05
5.986510000000000000e+05
5.986570000000000000e+05
5.986690000000000000e+05
5.986810000000000000e+05
5.986870000000000000e+05
