5.986910000000000000e+05
5.987110000000000000e+05
5.987210000000000000e+05
5.987270000000000000e+05
5.987290000000000000e+05
5.987770000000000000e+05
5.987830000000000000e+05
5.987890000000000000e+05
5.987990000000000000e+05
5.988170000000000000e+05
5.988410000000000000e+05
5.988530000000000000e+05
5.988670000000000000e+05
5.988770000000000000e+05
5.988830000000000000e+05
5.988910000000000000e+05
5.989030000000000000e+05
5.989310000000000000e+05
5.989330000000000000e+05
5.989630000000000000e+05
5.989670000000000000e+05
5.989730000000000000e+05
5.989810000000000000e+05
5.989870000000000000e+05
5.989990000000000000e+05
5.990030000000000000e+05
5.990090000000000000e+05
5.990210000000000000e+05
5.990230000000000000e+05
5.990690000000000000e+05
5.990870000000000000e+05
5.991170000000000000e+05
5.991430000000000000e+05
5.991470000000000000e+05
5.991490000000000000e+05
5.991530000000000000e+05
5.991910000000000000e+05
5.992130000000000000e+05
5.992310000000000000e+05
5.992430000000000000e+05
5.992510000000000000e+05
5.992730000000000000e+05
5.992810000000000000e+05
5.993030000000000000e+05
5.993090000000000000e+05
5.993210000000000000e+05
5.993410000000000000e+05
5.993530000000000000e+05
5.993590000000000000e+05
5.993710000000000000e+05
5.993830000000000000e+05
5.993870000000000000e+05
5.993990000000000000e+05
5.994070000000000000e+05
5.994130000000000000e+05
5.994190000000000000e+05
5.994290000000000000e+05
5.994770000000000000e+05
5.994790000000000000e+05
5.994910000000000000e+05
5.995130000000000000e+05
5.995190000000000000e+05
5.995370000000000000e+05
5.995510000000000000e+05
5.995610000000000000e+05
5.995910000000000000e+05
5.995970000000000000e+05
5.996030000000000000e+05
5.996110000000000000e+05
5.996230000000000000e+05
5.996290000000000000e+05
5.996570000000000000e+05
5.996630000000000000e+05
5.996810000000000000e+05
5.996930000000000000e+05
5.996990000000000000e+05
5.997010000000000000e+05
5.997130000000000000e+05
5.997190000000000000e+05
5.997410000000000000e+05
5.997590000000000000e+05
5.997790000000000000e+05
5.997830000000000000e+05
5.998030000000000000e+05
5.998310000000000000e+05
5.998430000000000000e+05
5.998570000000000000e+05
5.998690000000000000e+05
5.998910000000000000e+05
5.998990000000000000e+05
5.999270000000000000e+05
5.999330000000000000e+05
5.999390000000000000e+05
5.999410000000000000e+05
5.999590000000000000e+05
5.999830000000000000e+05
5.999930000000000000e+05
5.999990000000000000e+05
6.000110000000000000e+05
6.000430000000000000e+05
