6.000530000000000000e+05
6.000710000000000000e+05
6.000730000000000000e+05
6.000910000000000000e+05
6.001010000000000000e+05
6.001090000000000000e+05
6.001670000000000000e+05
6.001690000000000000e+05
6.002030000000000000e+05
6.002170000000000000e+05
6.002210000000000000e+05
6.002330000000000000e+05
6.002390000000000000e+05
6.002410000000000000e+05
6.002470000000000000e+05
6.002690000000000000e+05
6.002830000000000000e+05
6.002890000000000000e+05
6.002930000000000000e+05
6.003070000000000000e+05
6.003110000000000000e+05
6.003170000000000000e+05
6.003190000000000000e+05
6.003370000000000000e+05
6.003590000000000000e+05
6.003610000000000000e+05
6.003670000000000000e+05
6.003710000000000000e+05
6.004010000000000000e+05
6.004030000000000000e+05
6.004070000000000000e+05
6.004210000000000000e+05
6.004330000000000000e+05
6.004490000000000000e+05
6.004510000000000000e+05
6.004630000000000000e+05
6.004690000000000000e+05
6.004870000000000000e+05
6.005170000000000000e+05
6.005290000000000000e+05
6.005570000000000000e+05
6.005690000000000000e+05
6.005770000000000000e+05
6.006010000000000000e+05
6.006230000000000000e+05
6.006310000000000000e+05
6.006410000000000000e+05
6.006590000000000000e+05
6.006730000000000000e+05
6.006890000000000000e+05
6.006970000000000000e+05
6.007010000000000000e+05
6.007030000000000000e+05
6.007270000000000000e+05
6.007510000000000000e+05
6.007910000000000000e+05
6.008230000000000000e+05
6.008270000000000000e+05
6.008330000000000000e+05
6.008410000000000000e+05
6.008570000000000000e+05
6.008770000000000000e+05
6.008810000000000000e+05
6.008830000000000000e+05
6.008890000000000000e+05
6.008930000000000000e+05
6.009310000000000000e+05
6.009470000000000000e+05
6.009490000000000000e+05
6.009590000000000000e+05
6.009610000000000000e+05
6.009730000000000000e+05
6.009790000000000000e+05
6.009830000000000000e+05
6.010210000000000000e+05
6.010310000000000000e+05
6.010370000000000000e+05
6.010390000000000000e+05
6.010430000000000000e+05
6.010610000000000000e+05
6.010670000000000000e+05
6.010790000000000000e+05
6.010930000000000000e+05
6.011270000000000000e+05
6.011470000000000000e+05
6.011870000000000000e+05
6.011890000000000000e+05
6.011930000000000000e+05
6.012010000000000000e+05
6.012070000000000000e+05
6.012190000000000000e+05
6.012310000000000000e+05
6.012410000000000000e+05
6.012470000000000000e+05
6.012590000000000000e+05
6.012670000000000000e+05
6.012830000000000000e+05
6.012910000000000000e+05
6.012970000000000000e+05
6.013090000000000000e+05
