6.039230000000000000e+05
6.039310000000000000e+05
6.039370000000000000e+05
6.039470000000000000e+05
6.039490000000000000e+05
6.039890000000000000e+05
6.040010000000000000e+05
6.040070000000000000e+05
6.040130000000000000e+05
6.040310000000000000e+05
6.040570000000000000e+05
6.040630000000000000e+05
6.040690000000000000e+05
6.040730000000000000e+05
6.041710000000000000e+05
6.041890000000000000e+05
6.042230000000000000e+05
6.042370000000000000e+05
6.042430000000000000e+05
6.042490000000000000e+05
6.042590000000000000e+05
6.042770000000000000e+05
6.042910000000000000e+05
6.043090000000000000e+05
6.043130000000000000e+05
6.043190000000000000e+05
6.043390000000000000e+05
6.043430000000000000e+05
6.043490000000000000e+05
6.043610000000000000e+05
6.043690000000000000e+05
6.043790000000000000e+05
6.043970000000000000e+05
6.044110000000000000e+05
6.044270000000000000e+05
6.044330000000000000e+05
6.044410000000000000e+05
6.044770000000000000e+05
6.044810000000000000e+05
6.045170000000000000e+05
6.045290000000000000e+05
6.045470000000000000e+05
6.045590000000000000e+05
6.045790000000000000e+05
6.045890000000000000e+05
6.046030000000000000e+05
6.046090000000000000e+05
6.046130000000000000e+05
6.046190000000000000e+05
6.046490000000000000e+05
6.046510000000000000e+05
6.046610000000000000e+05
6.046970000000000000e+05
6.046990000000000000e+05
6.047110000000000000e+05
6.047270000000000000e+05
6.047290000000000000e+05
6.047330000000000000e+05
6.047530000000000000e+05
6.047590000000000000e+05
6.047810000000000000e+05
6.047870000000000000e+05
6.048010000000000000e+05
6.048110000000000000e+05
6.048190000000000000e+05
6.048230000000000000e+05
6.048290000000000000e+05
6.048370000000000000e+05
6.048590000000000000e+05
6.048610000000000000e+05
6.048670000000000000e+05
6.048830000000000000e+05
6.049070000000000000e+05
6.049310000000000000e+05
6.049390000000000000e+05
6.049490000000000000e+05
6.049570000000000000e+05
6.049730000000000000e+05
6.049970000000000000e+05
6.050090000000000000e+05
6.050210000000000000e+05
6.050230000000000000e+05
6.050390000000000000e+05
6.050510000000000000e+05
6.050690000000000000e+05
6.050710000000000000e+05
6.051130000000000000e+05
6.051170000000000000e+05
6.051230000000000000e+05
6.051470000000000000e+05
6.051670000000000000e+05
6.051730000000000000e+05
6.051770000000000000e+05
6.051910000000000000e+05
6.052210000000000000e+05
6.052330000000000000e+05
6.052370000000000000e+05
6.052390000000000000e+05
6.052490000000000000e+05
6.052570000000000000e+05
