6.092530000000000000e+05
6.092690000000000000e+05
6.092770000000000000e+05
6.092830000000000000e+05
6.092890000000000000e+05
6.093070000000000000e+05
6.093130000000000000e+05
6.093370000000000000e+05
6.093590000000000000e+05
6.093610000000000000e+05
6.093730000000000000e+05
6.093790000000000000e+05
6.093910000000000000e+05
6.093970000000000000e+05
6.094030000000000000e+05
6.094070000000000000e+05
6.094210000000000000e+05
6.094370000000000000e+05
6.094430000000000000e+05
6.094610000000000000e+05
6.094870000000000000e+05
6.095030000000000000e+05
6.095090000000000000e+05
6.095170000000000000e+05
6.095270000000000000e+05
6.095330000000000000e+05
6.095410000000000000e+05
6.095710000000000000e+05
6.095890000000000000e+05
6.095930000000000000e+05
6.095990000000000000e+05
6.096010000000000000e+05
6.096070000000000000e+05
6.096130000000000000e+05
6.096170000000000000e+05
6.096190000000000000e+05
6.096410000000000000e+05
6.096730000000000000e+05
6.096830000000000000e+05
6.097010000000000000e+05
6.097090000000000000e+05
6.097430000000000000e+05
6.097510000000000000e+05
6.097570000000000000e+05
6.097790000000000000e+05
6.097810000000000000e+05
6.098030000000000000e+05
6.098090000000000000e+05
6.098210000000000000e+05
6.098590000000000000e+05
6.098770000000000000e+05
6.098870000000000000e+05
6.099070000000000000e+05
6.099110000000000000e+05
6.099130000000000000e+05
6.099230000000000000e+05
6.099290000000000000e+05
6.099790000000000000e+05
6.099890000000000000e+05
6.099910000000000000e+05
6.099970000000000000e+05
6.100310000000000000e+05
6.100630000000000000e+05
6.100810000000000000e+05
6.101230000000000000e+05
6.101570000000000000e+05
6.101630000000000000e+05
6.101870000000000000e+05
6.101930000000000000e+05
6.101990000000000000e+05
6.102170000000000000e+05
6.102190000000000000e+05
6.102290000000000000e+05
6.102430000000000000e+05
6.102710000000000000e+05
6.102790000000000000e+05
6.102890000000000000e+05
6.103010000000000000e+05
6.103270000000000000e+05
6.103310000000000000e+05
6.103390000000000000e+05
6.103910000000000000e+05
6.104090000000000000e+05
6.104170000000000000e+05
6.104290000000000000e+05
6.104390000000000000e+05
6.104470000000000000e+05
6.104570000000000000e+05
6.104690000000000000e+05
6.105010000000000000e+05
6.105230000000000000e+05
6.105410000000000000e+05
6.105430000000000000e+05
6.105530000000000000e+05
6.105590000000000000e+05
6.105670000000000000e+05
6.105790000000000000e+05
6.105830000000000000e+05
6.106190000000000000e+05
6.106330000000000000e+05
