6.106390000000000000e+05
6.106510000000000000e+05
6.106610000000000000e+05
6.106670000000000000e+05
6.106810000000000000e+05
6.106990000000000000e+05
6.107030000000000000e+05
6.107210000000000000e+05
6.107330000000000000e+05
6.107390000000000000e+05
6.107410000000000000e+05
6.107630000000000000e+05
6.107810000000000000e+05
6.107830000000000000e+05
6.107870000000000000e+05
6.108010000000000000e+05
6.108170000000000000e+05
6.108230000000000000e+05
6.108290000000000000e+05
6.108370000000000000e+05
6.108430000000000000e+05
6.108470000000000000e+05
6.108490000000000000e+05
6.108670000000000000e+05
6.108770000000000000e+05
6.108790000000000000e+05
6.108910000000000000e+05
6.109130000000000000e+05
6.109190000000000000e+05
6.109210000000000000e+05
6.109330000000000000e+05
6.109570000000000000e+05
6.109690000000000000e+05
6.109930000000000000e+05
6.110110000000000000e+05
6.110270000000000000e+05
6.110330000000000000e+05
6.110570000000000000e+05
6.110690000000000000e+05
6.110710000000000000e+05
6.110810000000000000e+05
6.111010000000000000e+05
6.111110000000000000e+05
6.111130000000000000e+05
6.111310000000000000e+05
6.111370000000000000e+05
6.111470000000000000e+05
6.111890000000000000e+05
6.112070000000000000e+05
6.112130000000000000e+05
6.112570000000000000e+05
6.112630000000000000e+05
6.112790000000000000e+05
6.112930000000000000e+05
6.112970000000000000e+05
6.113230000000000000e+05
6.113330000000000000e+05
6.113890000000000000e+05
6.113930000000000000e+05
6.114110000000000000e+05
6.114190000000000000e+05
6.114410000000000000e+05
6.114490000000000000e+05
6.114530000000000000e+05
6.114590000000000000e+05
6.114670000000000000e+05
6.114830000000000000e+05
6.114970000000000000e+05
6.115310000000000000e+05
6.115430000000000000e+05
6.115490000000000000e+05
6.115510000000000000e+05
6.115570000000000000e+05
6.115610000000000000e+05
6.115870000000000000e+05
6.116030000000000000e+05
6.116210000000000000e+05
6.116410000000000000e+05
6.116570000000000000e+05
6.116710000000000000e+05
6.116930000000000000e+05
6.117070000000000000e+05
6.117290000000000000e+05
6.117530000000000000e+05
6.117910000000000000e+05
6.118010000000000000e+05
6.118030000000000000e+05
6.118270000000000000e+05
6.118330000000000000e+05
6.118370000000000000e+05
6.118390000000000000e+05
6.118730000000000000e+05
6.118790000000000000e+05
6.118870000000000000e+05
6.119030000000000000e+05
6.119210000000000000e+05
6.119270000000000000e+05
6.119390000000000000e+05
6.119510000000000000e+05
6.119530000000000000e+05
