6.119570000000000000e+05
6.119690000000000000e+05
6.119770000000000000e+05
6.119930000000000000e+05
6.119990000000000000e+05
6.120110000000000000e+05
6.120230000000000000e+05
6.120370000000000000e+05
6.120410000000000000e+05
6.120430000000000000e+05
6.120490000000000000e+05
6.120610000000000000e+05
6.120670000000000000e+05
6.120710000000000000e+05
6.120830000000000000e+05
6.121070000000000000e+05
6.121090000000000000e+05
6.121130000000000000e+05
6.121330000000000000e+05
6.121370000000000000e+05
6.121490000000000000e+05
6.121690000000000000e+05
6.121730000000000000e+05
6.121810000000000000e+05
6.121930000000000000e+05
6.122170000000000000e+05
6.122230000000000000e+05
6.122290000000000000e+05
6.122590000000000000e+05
6.122630000000000000e+05
6.123010000000000000e+05
6.123070000000000000e+05
6.123170000000000000e+05
6.123190000000000000e+05
6.123310000000000000e+05
6.123410000000000000e+05
6.123490000000000000e+05
6.123710000000000000e+05
6.123730000000000000e+05
6.123770000000000000e+05
6.123830000000000000e+05
6.124010000000000000e+05
6.124070000000000000e+05
6.124390000000000000e+05
6.124810000000000000e+05
6.124970000000000000e+05
6.125110000000000000e+05
6.125530000000000000e+05
6.125830000000000000e+05
6.125890000000000000e+05
6.126110000000000000e+05
6.126130000000000000e+05
6.126370000000000000e+05
6.126430000000000000e+05
6.126490000000000000e+05
6.126710000000000000e+05
6.126790000000000000e+05
6.127130000000000000e+05
6.127190000000000000e+05
6.127270000000000000e+05
6.127370000000000000e+05
6.127510000000000000e+05
6.127630000000000000e+05
6.127910000000000000e+05
6.127970000000000000e+05
6.128090000000000000e+05
6.128110000000000000e+05
6.128170000000000000e+05
6.128230000000000000e+05
6.128410000000000000e+05
6.128470000000000000e+05
6.128530000000000000e+05
6.128690000000000000e+05
6.128770000000000000e+05
6.128890000000000000e+05
6.129230000000000000e+05
6.129290000000000000e+05
6.129470000000000000e+05
6.129670000000000000e+05
6.129710000000000000e+05
6.129770000000000000e+05
6.130070000000000000e+05
6.130090000000000000e+05
6.130130000000000000e+05
6.130490000000000000e+05
6.130610000000000000e+05
6.130970000000000000e+05
6.130990000000000000e+05
6.131410000000000000e+05
6.131530000000000000e+05
6.131630000000000000e+05
6.131690000000000000e+05
6.131770000000000000e+05
6.131810000000000000e+05
6.131890000000000000e+05
6.131990000000000000e+05
6.132130000000000000e+05
6.132190000000000000e+05
6.132290000000000000e+05
6.132310000000000000e+05
