6.159070000000000000e+05
6.159190000000000000e+05
6.159410000000000000e+05
6.159490000000000000e+05
6.159710000000000000e+05
6.159970000000000000e+05
6.160030000000000000e+05
6.160270000000000000e+05
6.160510000000000000e+05
6.160690000000000000e+05
6.160730000000000000e+05
6.160790000000000000e+05
6.161030000000000000e+05
6.161110000000000000e+05
6.161170000000000000e+05
6.161290000000000000e+05
6.161390000000000000e+05
6.161410000000000000e+05
6.161530000000000000e+05
6.161570000000000000e+05
6.161690000000000000e+05
6.161710000000000000e+05
6.161810000000000000e+05
6.162070000000000000e+05
6.162110000000000000e+05
6.162190000000000000e+05
6.162230000000000000e+05
6.162290000000000000e+05
6.162430000000000000e+05
6.162610000000000000e+05
6.162770000000000000e+05
6.162890000000000000e+05
6.163070000000000000e+05
6.163130000000000000e+05
6.163210000000000000e+05
6.163270000000000000e+05
6.163610000000000000e+05
6.163670000000000000e+05
6.163870000000000000e+05
6.163910000000000000e+05
6.163930000000000000e+05
6.164090000000000000e+05
6.164110000000000000e+05
6.164330000000000000e+05
6.164390000000000000e+05
6.164590000000000000e+05
6.164630000000000000e+05
6.164810000000000000e+05
6.164890000000000000e+05
6.165010000000000000e+05
6.165070000000000000e+05
6.165130000000000000e+05
6.165190000000000000e+05
6.165230000000000000e+05
6.165290000000000000e+05
6.165370000000000000e+05
6.165470000000000000e+05
6.165790000000000000e+05
6.165890000000000000e+05
6.165970000000000000e+05
6.166390000000000000e+05
6.166430000000000000e+05
6.166690000000000000e+05
6.166730000000000000e+05
6.167030000000000000e+05
6.167170000000000000e+05
6.167230000000000000e+05
6.167290000000000000e+05
6.167410000000000000e+05
6.167570000000000000e+05
6.167690000000000000e+05
6.167830000000000000e+05
6.167870000000000000e+05
6.167890000000000000e+05
6.167930000000000000e+05
6.167990000000000000e+05
6.168290000000000000e+05
6.168410000000000000e+05
6.168430000000000000e+05
6.168490000000000000e+05
6.168710000000000000e+05
6.168770000000000000e+05
6.168970000000000000e+05
6.169090000000000000e+05
6.169330000000000000e+05
6.169430000000000000e+05
6.169510000000000000e+05
6.169610000000000000e+05
6.169910000000000000e+05
6.169970000000000000e+05
6.169990000000000000e+05
6.170110000000000000e+05
6.170270000000000000e+05
6.170390000000000000e+05
6.170510000000000000e+05
6.170530000000000000e+05
6.170590000000000000e+05
6.170770000000000000e+05
6.170870000000000000e+05
6.171070000000000000e+05
