6.171190000000000000e+05
6.171290000000000000e+05
6.171310000000000000e+05
6.171470000000000000e+05
6.171530000000000000e+05
6.171610000000000000e+05
6.171890000000000000e+05
6.171910000000000000e+05
6.172310000000000000e+05
6.172330000000000000e+05
6.172370000000000000e+05
6.172490000000000000e+05
6.172570000000000000e+05
6.172690000000000000e+05
6.172730000000000000e+05
6.172930000000000000e+05
6.173110000000000000e+05
6.173270000000000000e+05
6.173330000000000000e+05
6.173390000000000000e+05
6.173410000000000000e+05
6.173590000000000000e+05
6.173630000000000000e+05
6.173690000000000000e+05
6.173870000000000000e+05
6.174010000000000000e+05
6.174110000000000000e+05
6.174290000000000000e+05
6.174470000000000000e+05
6.174530000000000000e+05
6.174670000000000000e+05
6.174710000000000000e+05
6.174730000000000000e+05
6.174790000000000000e+05
6.175090000000000000e+05
6.175210000000000000e+05
6.175310000000000000e+05
6.175370000000000000e+05
6.175790000000000000e+05
6.175870000000000000e+05
6.176470000000000000e+05
6.176510000000000000e+05
6.176570000000000000e+05
6.176770000000000000e+05
6.176810000000000000e+05
6.176890000000000000e+05
6.176930000000000000e+05
6.176990000000000000e+05
6.177070000000000000e+05
6.177170000000000000e+05
6.177190000000000000e+05
6.177230000000000000e+05
6.177310000000000000e+05
6.177590000000000000e+05
6.177610000000000000e+05
6.177670000000000000e+05
6.177770000000000000e+05
6.177910000000000000e+05
6.178010000000000000e+05
6.178090000000000000e+05
6.178190000000000000e+05
6.178430000000000000e+05
6.178570000000000000e+05
6.178730000000000000e+05
6.178790000000000000e+05
6.178870000000000000e+05
6.179170000000000000e+05
6.179510000000000000e+05
6.179590000000000000e+05
6.179630000000000000e+05
6.179710000000000000e+05
6.179830000000000000e+05
6.180290000000000000e+05
6.180310000000000000e+05
6.180410000000000000e+05
6.180490000000000000e+05
6.180530000000000000e+05
6.180830000000000000e+05
6.181190000000000000e+05
6.181310000000000000e+05
6.181610000000000000e+05
6.181730000000000000e+05
6.181990000000000000e+05
6.182270000000000000e+05
6.182290000000000000e+05
6.182530000000000000e+05
6.182570000000000000e+05
6.182690000000000000e+05
6.182710000000000000e+05
6.182870000000000000e+05
6.183010000000000000e+05
6.183110000000000000e+05
6.183230000000000000e+05
6.183290000000000000e+05
6.183370000000000000e+05
6.183470000000000000e+05
6.183490000000000000e+05
6.183610000000000000e+05
6.183770000000000000e+05
6.184070000000000000e+05
