6.184130000000000000e+05
6.184210000000000000e+05
6.184370000000000000e+05
6.184390000000000000e+05
6.184630000000000000e+05
6.185090000000000000e+05
6.185210000000000000e+05
6.185470000000000000e+05
6.185590000000000000e+05
6.185710000000000000e+05
6.185770000000000000e+05
6.185810000000000000e+05
6.185870000000000000e+05
6.185890000000000000e+05
6.185930000000000000e+05
6.186190000000000000e+05
6.186370000000000000e+05
6.186430000000000000e+05
6.186710000000000000e+05
6.186790000000000000e+05
6.187030000000000000e+05
6.187070000000000000e+05
6.187190000000000000e+05
6.187990000000000000e+05
6.188230000000000000e+05
6.188330000000000000e+05
6.188410000000000000e+05
6.188470000000000000e+05
6.188570000000000000e+05
6.188590000000000000e+05
6.188690000000000000e+05
6.188830000000000000e+05
6.189130000000000000e+05
6.189290000000000000e+05
6.189410000000000000e+05
6.189710000000000000e+05
6.189790000000000000e+05
6.189910000000000000e+05
6.189970000000000000e+05
6.190070000000000000e+05
6.190090000000000000e+05
6.190190000000000000e+05
6.190270000000000000e+05
6.190330000000000000e+05
6.190570000000000000e+05
6.190610000000000000e+05
6.190670000000000000e+05
6.190790000000000000e+05
6.191110000000000000e+05
6.191170000000000000e+05
6.191390000000000000e+05
6.191590000000000000e+05
6.191690000000000000e+05
6.191810000000000000e+05
6.191870000000000000e+05
6.191890000000000000e+05
6.192070000000000000e+05
6.192470000000000000e+05
6.192530000000000000e+05
6.192610000000000000e+05
6.192730000000000000e+05
6.192770000000000000e+05
6.192790000000000000e+05
6.193030000000000000e+05
6.193090000000000000e+05
6.193130000000000000e+05
6.193310000000000000e+05
6.193630000000000000e+05
6.193730000000000000e+05
6.193910000000000000e+05
6.193970000000000000e+05
6.194710000000000000e+05
6.194770000000000000e+05
6.195110000000000000e+05
6.195370000000000000e+05
6.195430000000000000e+05
6.195610000000000000e+05
6.195730000000000000e+05
6.195830000000000000e+05
6.195890000000000000e+05
6.196030000000000000e+05
6.196070000000000000e+05
6.196130000000000000e+05
6.196210000000000000e+05
6.196570000000000000e+05
6.196690000000000000e+05
6.196810000000000000e+05
6.196870000000000000e+05
6.196930000000000000e+05
6.197110000000000000e+05
6.197390000000000000e+05
6.197410000000000000e+05
6.197530000000000000e+05
6.197630000000000000e+05
6.197710000000000000e+05
6.197930000000000000e+05
6.198070000000000000e+05
6.198110000000000000e+05
6.198130000000000000e+05
6.198190000000000000e+05
