6.211390000000000000e+05
6.211430000000000000e+05
6.212170000000000000e+05
6.212230000000000000e+05
6.212270000000000000e+05
6.212390000000000000e+05
6.212410000000000000e+05
6.212590000000000000e+05
6.212890000000000000e+05
6.213010000000000000e+05
6.213170000000000000e+05
6.213370000000000000e+05
6.213430000000000000e+05
6.213470000000000000e+05
6.213530000000000000e+05
6.213590000000000000e+05
6.213710000000000000e+05
6.213890000000000000e+05
6.214190000000000000e+05
6.214270000000000000e+05
6.214310000000000000e+05
6.214430000000000000e+05
6.214510000000000000e+05
6.214610000000000000e+05
6.214730000000000000e+05
6.215210000000000000e+05
6.215270000000000000e+05
6.215410000000000000e+05
6.215830000000000000e+05
6.216110000000000000e+05
6.216170000000000000e+05
6.216190000000000000e+05
6.216290000000000000e+05
6.216310000000000000e+05
6.216410000000000000e+05
6.216710000000000000e+05
6.216790000000000000e+05
6.216970000000000000e+05
6.217010000000000000e+05
6.217030000000000000e+05
6.217210000000000000e+05
6.217390000000000000e+05
6.217490000000000000e+05
6.217570000000000000e+05
6.217690000000000000e+05
6.217790000000000000e+05
6.217990000000000000e+05
6.218210000000000000e+05
6.218330000000000000e+05
6.218690000000000000e+05
6.218710000000000000e+05
6.218830000000000000e+05
6.218930000000000000e+05
6.219130000000000000e+05
6.219230000000000000e+05
6.219370000000000000e+05
6.219410000000000000e+05
6.219830000000000000e+05
6.219970000000000000e+05
6.220090000000000000e+05
6.220190000000000000e+05
6.220430000000000000e+05
6.220490000000000000e+05
6.220510000000000000e+05
6.220670000000000000e+05
6.220730000000000000e+05
6.220910000000000000e+05
6.221030000000000000e+05
6.221090000000000000e+05
6.221230000000000000e+05
6.221290000000000000e+05
6.221330000000000000e+05
6.221510000000000000e+05
6.221570000000000000e+05
6.221590000000000000e+05
6.221770000000000000e+05
6.221870000000000000e+05
6.221890000000000000e+05
6.222410000000000000e+05
6.222430000000000000e+05
6.222470000000000000e+05
6.222490000000000000e+05
6.222770000000000000e+05
6.223010000000000000e+05
6.223130000000000000e+05
6.223310000000000000e+05
6.223330000000000000e+05
6.223370000000000000e+05
6.223510000000000000e+05
6.223670000000000000e+05
6.223970000000000000e+05
6.223990000000000000e+05
6.224230000000000000e+05
6.224770000000000000e+05
6.224810000000000000e+05
6.224830000000000000e+05
6.224930000000000000e+05
6.225130000000000000e+05
6.225190000000000000e+05
6.225290000000000000e+05
