6.225470000000000000e+05
6.225490000000000000e+05
6.225610000000000000e+05
6.225710000000000000e+05
6.225770000000000000e+05
6.226030000000000000e+05
6.226070000000000000e+05
6.226130000000000000e+05
6.226190000000000000e+05
6.226210000000000000e+05
6.226370000000000000e+05
6.226390000000000000e+05
6.226630000000000000e+05
6.226690000000000000e+05
6.227090000000000000e+05
6.227230000000000000e+05
6.227290000000000000e+05
6.227510000000000000e+05
6.227770000000000000e+05
6.227810000000000000e+05
6.227930000000000000e+05
6.228130000000000000e+05
6.228490000000000000e+05
6.228610000000000000e+05
6.228790000000000000e+05
6.228890000000000000e+05
6.229010000000000000e+05
6.229270000000000000e+05
6.229430000000000000e+05
6.229570000000000000e+05
6.229670000000000000e+05
6.229870000000000000e+05
6.229970000000000000e+05
6.230030000000000000e+05
6.230090000000000000e+05
6.230170000000000000e+05
6.230230000000000000e+05
6.230410000000000000e+05
6.230570000000000000e+05
6.230590000000000000e+05
6.230710000000000000e+05
6.231070000000000000e+05
6.231710000000000000e+05
6.232090000000000000e+05
6.232210000000000000e+05
6.232610000000000000e+05
6.232630000000000000e+05
6.232690000000000000e+05
6.232790000000000000e+05
6.232810000000000000e+05
6.232910000000000000e+05
6.232990000000000000e+05
6.233030000000000000e+05
6.233210000000000000e+05
6.233270000000000000e+05
6.233410000000000000e+05
6.233510000000000000e+05
6.233530000000000000e+05
6.233830000000000000e+05
6.233870000000000000e+05
6.233930000000000000e+05
6.234010000000000000e+05
6.234170000000000000e+05
6.234230000000000000e+05
6.234310000000000000e+05
6.234370000000000000e+05
6.234770000000000000e+05
6.235210000000000000e+05
6.235310000000000000e+05
6.235370000000000000e+05
6.235630000000000000e+05
6.235910000000000000e+05
6.236170000000000000e+05
6.236210000000000000e+05
6.236330000000000000e+05
6.236410000000000000e+05
6.236530000000000000e+05
6.236690000000000000e+05
6.236710000000000000e+05
6.236770000000000000e+05
6.236810000000000000e+05
6.236830000000000000e+05
6.236990000000000000e+05
6.237170000000000000e+05
6.237190000000000000e+05
6.237230000000000000e+05
6.237290000000000000e+05
6.237430000000000000e+05
6.237590000000000000e+05
6.237670000000000000e+05
6.237710000000000000e+05
6.238030000000000000e+05
6.238390000000000000e+05
6.238510000000000000e+05
6.238670000000000000e+05
6.238690000000000000e+05
6.238790000000000000e+05
6.238810000000000000e+05
6.238930000000000000e+05
6.239230000000000000e+05
