6.239290000000000000e+05
6.239330000000000000e+05
6.239470000000000000e+05
6.239570000000000000e+05
6.239630000000000000e+05
6.239770000000000000e+05
6.239830000000000000e+05
6.239890000000000000e+05
6.240070000000000000e+05
6.240310000000000000e+05
6.240370000000000000e+05
6.240470000000000000e+05
6.240490000000000000e+05
6.240670000000000000e+05
6.240890000000000000e+05
6.240970000000000000e+05
6.241190000000000000e+05
6.241330000000000000e+05
6.241390000000000000e+05
6.241490000000000000e+05
6.241630000000000000e+05
6.241910000000000000e+05
6.241990000000000000e+05
6.242030000000000000e+05
6.242090000000000000e+05
6.242290000000000000e+05
6.242330000000000000e+05
6.242410000000000000e+05
6.242510000000000000e+05
6.242590000000000000e+05
6.242710000000000000e+05
6.242770000000000000e+05
6.243110000000000000e+05
6.243130000000000000e+05
6.243190000000000000e+05
6.243290000000000000e+05
6.243310000000000000e+05
6.243470000000000000e+05
6.243910000000000000e+05
6.244010000000000000e+05
6.244190000000000000e+05
6.244430000000000000e+05
6.244510000000000000e+05
6.244670000000000000e+05
6.244690000000000000e+05
6.244790000000000000e+05
6.244870000000000000e+05
6.244970000000000000e+05
6.245090000000000000e+05
6.245170000000000000e+05
6.245210000000000000e+05
6.245390000000000000e+05
6.245410000000000000e+05
6.245770000000000000e+05
6.245930000000000000e+05
6.245990000000000000e+05
6.246010000000000000e+05
6.246070000000000000e+05
6.246430000000000000e+05
6.246490000000000000e+05
6.246670000000000000e+05
6.246830000000000000e+05
6.247070000000000000e+05
6.247090000000000000e+05
6.247210000000000000e+05
6.247270000000000000e+05
6.247310000000000000e+05
6.247370000000000000e+05
6.247630000000000000e+05
6.247690000000000000e+05
6.247870000000000000e+05
6.247910000000000000e+05
6.247970000000000000e+05
6.248030000000000000e+05
6.248090000000000000e+05
6.248290000000000000e+05
6.248390000000000000e+05
6.248470000000000000e+05
6.248510000000000000e+05
6.248590000000000000e+05
6.249170000000000000e+05
6.249610000000000000e+05
6.249730000000000000e+05
6.249770000000000000e+05
6.249830000000000000e+05
6.249970000000000000e+05
6.250070000000000000e+05
6.250330000000000000e+05
6.250570000000000000e+05
6.250630000000000000e+05
6.250870000000000000e+05
6.251030000000000000e+05
6.251090000000000000e+05
6.251110000000000000e+05
6.251290000000000000e+05
6.251330000000000000e+05
6.251690000000000000e+05
6.251710000000000000e+05
6.251810000000000000e+05
6.251870000000000000e+05
