6.266870000000000000e+05
6.266930000000000000e+05
6.267010000000000000e+05
6.267110000000000000e+05
6.267130000000000000e+05
6.267230000000000000e+05
6.267410000000000000e+05
6.267490000000000000e+05
6.267610000000000000e+05
6.267710000000000000e+05
6.267830000000000000e+05
6.267970000000000000e+05
6.268090000000000000e+05
6.268330000000000000e+05
6.268370000000000000e+05
6.268610000000000000e+05
6.268870000000000000e+05
6.269170000000000000e+05
6.269210000000000000e+05
6.269290000000000000e+05
6.269470000000000000e+05
6.269530000000000000e+05
6.269590000000000000e+05
6.269630000000000000e+05
6.269870000000000000e+05
6.270170000000000000e+05
6.270410000000000000e+05
6.270590000000000000e+05
6.270710000000000000e+05
6.270730000000000000e+05
6.270830000000000000e+05
6.270890000000000000e+05
6.270910000000000000e+05
6.271010000000000000e+05
6.271190000000000000e+05
6.271310000000000000e+05
6.271390000000000000e+05
6.271630000000000000e+05
6.271690000000000000e+05
6.271910000000000000e+05
6.271970000000000000e+05
6.272170000000000000e+05
6.272270000000000000e+05
6.272510000000000000e+05
6.272570000000000000e+05
6.272690000000000000e+05
6.272710000000000000e+05
6.272930000000000000e+05
6.273010000000000000e+05
6.273290000000000000e+05
6.273490000000000000e+05
6.273530000000000000e+05
6.273770000000000000e+05
6.273790000000000000e+05
6.273830000000000000e+05
6.273910000000000000e+05
6.274330000000000000e+05
6.274490000000000000e+05
6.274790000000000000e+05
6.274810000000000000e+05
6.274910000000000000e+05
6.275110000000000000e+05
6.275410000000000000e+05
6.275470000000000000e+05
6.275590000000000000e+05
6.275930000000000000e+05
6.276110000000000000e+05
6.276170000000000000e+05
6.276190000000000000e+05
6.276370000000000000e+05
6.276430000000000000e+05
6.276590000000000000e+05
6.276610000000000000e+05
6.276670000000000000e+05
6.276730000000000000e+05
6.277090000000000000e+05
6.277210000000000000e+05
6.277330000000000000e+05
6.277490000000000000e+05
6.277730000000000000e+05
6.277870000000000000e+05
6.277910000000000000e+05
6.277970000000000000e+05
6.277990000000000000e+05
6.278110000000000000e+05
6.278410000000000000e+05
6.278590000000000000e+05
6.279010000000000000e+05
6.279110000000000000e+05
6.279190000000000000e+05
6.279430000000000000e+05
6.279470000000000000e+05
6.279530000000000000e+05
6.279610000000000000e+05
6.279730000000000000e+05
6.280130000000000000e+05
6.280210000000000000e+05
6.280370000000000000e+05
6.280490000000000000e+05
6.280510000000000000e+05
