6.295370000000000000e+05
6.295670000000000000e+05
6.295690000000000000e+05
6.295910000000000000e+05
6.295930000000000000e+05
6.296090000000000000e+05
6.296110000000000000e+05
6.296170000000000000e+05
6.296230000000000000e+05
6.296530000000000000e+05
6.296830000000000000e+05
6.296870000000000000e+05
6.296890000000000000e+05
6.297010000000000000e+05
6.297110000000000000e+05
6.297230000000000000e+05
6.297370000000000000e+05
6.297430000000000000e+05
6.297470000000000000e+05
6.297670000000000000e+05
6.297730000000000000e+05
6.297790000000000000e+05
6.298030000000000000e+05
6.298070000000000000e+05
6.298190000000000000e+05
6.298430000000000000e+05
6.298570000000000000e+05
6.298610000000000000e+05
6.298730000000000000e+05
6.298910000000000000e+05
6.298970000000000000e+05
6.298990000000000000e+05
6.299030000000000000e+05
6.299210000000000000e+05
6.299270000000000000e+05
6.299290000000000000e+05
6.299390000000000000e+05
6.299630000000000000e+05
6.299770000000000000e+05
6.299870000000000000e+05
6.299890000000000000e+05
6.300170000000000000e+05
6.300230000000000000e+05
6.300290000000000000e+05
6.300430000000000000e+05
6.300670000000000000e+05
6.301010000000000000e+05
6.301070000000000000e+05
6.301270000000000000e+05
6.301510000000000000e+05
6.301630000000000000e+05
6.301670000000000000e+05
6.301690000000000000e+05
6.301810000000000000e+05
6.301930000000000000e+05
6.301970000000000000e+05
6.302290000000000000e+05
6.302470000000000000e+05
6.302630000000000000e+05
6.302810000000000000e+05
6.302990000000000000e+05
6.303070000000000000e+05
6.303190000000000000e+05
6.303490000000000000e+05
6.303530000000000000e+05
6.303910000000000000e+05
6.304330000000000000e+05
6.304510000000000000e+05
6.304670000000000000e+05
6.304730000000000000e+05
6.304810000000000000e+05
6.304930000000000000e+05
6.305210000000000000e+05
6.305230000000000000e+05
6.305290000000000000e+05
6.305590000000000000e+05
6.305770000000000000e+05
6.305830000000000000e+05
6.305870000000000000e+05
6.305890000000000000e+05
6.305930000000000000e+05
6.306070000000000000e+05
6.306130000000000000e+05
6.306590000000000000e+05
6.306770000000000000e+05
6.306890000000000000e+05
6.307010000000000000e+05
6.307090000000000000e+05
6.307130000000000000e+05
6.307190000000000000e+05
6.307330000000000000e+05
6.307370000000000000e+05
6.307970000000000000e+05
6.308030000000000000e+05
6.308230000000000000e+05
6.308270000000000000e+05
6.308410000000000000e+05
6.308630000000000000e+05
6.308710000000000000e+05
6.308930000000000000e+05
