6.308990000000000000e+05
6.309010000000000000e+05
6.309070000000000000e+05
6.309110000000000000e+05
6.309190000000000000e+05
6.309410000000000000e+05
6.309670000000000000e+05
6.309970000000000000e+05
6.310030000000000000e+05
6.310130000000000000e+05
6.310390000000000000e+05
6.310610000000000000e+05
6.311210000000000000e+05
6.311330000000000000e+05
6.311390000000000000e+05
6.311510000000000000e+05
6.311530000000000000e+05
6.311570000000000000e+05
6.311710000000000000e+05
6.311810000000000000e+05
6.311870000000000000e+05
6.312230000000000000e+05
6.312290000000000000e+05
6.312470000000000000e+05
6.312490000000000000e+05
6.312590000000000000e+05
6.312710000000000000e+05
6.312730000000000000e+05
6.312910000000000000e+05
6.313070000000000000e+05
6.313390000000000000e+05
6.313570000000000000e+05
6.313610000000000000e+05
6.313870000000000000e+05
6.313910000000000000e+05
6.313990000000000000e+05
6.314090000000000000e+05
6.314290000000000000e+05
6.314530000000000000e+05
6.314570000000000000e+05
6.314590000000000000e+05
6.314690000000000000e+05
6.314710000000000000e+05
6.314830000000000000e+05
6.314870000000000000e+05
6.315070000000000000e+05
6.315130000000000000e+05
6.315290000000000000e+05
6.315310000000000000e+05
6.315370000000000000e+05
6.315490000000000000e+05
6.315590000000000000e+05
6.315730000000000000e+05
6.315770000000000000e+05
6.315830000000000000e+05
6.315970000000000000e+05
6.316130000000000000e+05
6.316190000000000000e+05
6.316430000000000000e+05
6.316670000000000000e+05
6.316790000000000000e+05
6.316810000000000000e+05
6.317110000000000000e+05
6.317170000000000000e+05
6.317230000000000000e+05
6.317330000000000000e+05
6.317390000000000000e+05
6.317510000000000000e+05
6.317530000000000000e+05
6.317890000000000000e+05
6.318170000000000000e+05
6.318190000000000000e+05
6.318430000000000000e+05
6.318470000000000000e+05
6.318530000000000000e+05
6.318590000000000000e+05
6.318610000000000000e+05
6.318670000000000000e+05
6.318890000000000000e+05
6.319010000000000000e+05
6.319030000000000000e+05
6.319130000000000000e+05
6.319270000000000000e+05
6.319310000000000000e+05
6.319370000000000000e+05
6.319790000000000000e+05
6.319870000000000000e+05
6.319910000000000000e+05
6.319930000000000000e+05
6.320290000000000000e+05
6.320410000000000000e+05
6.320530000000000000e+05
6.320810000000000000e+05
6.320830000000000000e+05
6.320870000000000000e+05
6.320890000000000000e+05
6.321010000000000000e+05
6.321170000000000000e+05
6.321230000000000000e+05
6.321410000000000000e+05
