6.334730000000000000e+05
6.334870000000000000e+05
6.334970000000000000e+05
6.335590000000000000e+05
6.335690000000000000e+05
6.335710000000000000e+05
6.335830000000000000e+05
6.335990000000000000e+05
6.336130000000000000e+05
6.336230000000000000e+05
6.336290000000000000e+05
6.336490000000000000e+05
6.336530000000000000e+05
6.336670000000000000e+05
6.337390000000000000e+05
6.337510000000000000e+05
6.337570000000000000e+05
6.337670000000000000e+05
6.337810000000000000e+05
6.337910000000000000e+05
6.337930000000000000e+05
6.337970000000000000e+05
6.337990000000000000e+05
6.338030000000000000e+05
6.338230000000000000e+05
6.338330000000000000e+05
6.338770000000000000e+05
6.338830000000000000e+05
6.339230000000000000e+05
6.339310000000000000e+05
6.339370000000000000e+05
6.339430000000000000e+05
6.339530000000000000e+05
6.339610000000000000e+05
6.339670000000000000e+05
6.339910000000000000e+05
6.340030000000000000e+05
6.340130000000000000e+05
6.340310000000000000e+05
6.340610000000000000e+05
6.340790000000000000e+05
6.340910000000000000e+05
6.340970000000000000e+05
6.341030000000000000e+05
6.341410000000000000e+05
6.341570000000000000e+05
6.341590000000000000e+05
6.341690000000000000e+05
6.341770000000000000e+05
6.341810000000000000e+05
6.341870000000000000e+05
6.341990000000000000e+05
6.342110000000000000e+05
6.342230000000000000e+05
6.342370000000000000e+05
6.342410000000000000e+05
6.342470000000000000e+05
6.342610000000000000e+05
6.342670000000000000e+05
6.342730000000000000e+05
6.342790000000000000e+05
6.343010000000000000e+05
6.343070000000000000e+05
6.343130000000000000e+05
6.343270000000000000e+05
6.343310000000000000e+05
6.343430000000000000e+05
6.343670000000000000e+05
6.343730000000000000e+05
6.343970000000000000e+05
6.344210000000000000e+05
6.344410000000000000e+05
6.344710000000000000e+05
6.344830000000000000e+05
6.344930000000000000e+05
6.344990000000000000e+05
6.345110000000000000e+05
6.345190000000000000e+05
6.345230000000000000e+05
6.345310000000000000e+05
6.345410000000000000e+05
6.345670000000000000e+05
6.345730000000000000e+05
6.345770000000000000e+05
6.345970000000000000e+05
6.346030000000000000e+05
6.346090000000000000e+05
6.346430000000000000e+05
6.346490000000000000e+05
6.346510000000000000e+05
6.346790000000000000e+05
6.346810000000000000e+05
6.346870000000000000e+05
6.347030000000000000e+05
6.347090000000000000e+05
6.347170000000000000e+05
6.347270000000000000e+05
6.347410000000000000e+05
6.347470000000000000e+05
6.347570000000000000e+05
