6.389930000000000000e+05
6.389990000000000000e+05
6.390070000000000000e+05
6.390110000000000000e+05
6.390430000000000000e+05
6.390490000000000000e+05
6.390530000000000000e+05
6.390830000000000000e+05
6.390910000000000000e+05
6.391370000000000000e+05
6.391430000000000000e+05
6.391510000000000000e+05
6.391570000000000000e+05
6.391670000000000000e+05
6.391690000000000000e+05
6.391810000000000000e+05
6.392110000000000000e+05
6.392530000000000000e+05
6.392570000000000000e+05
6.392590000000000000e+05
6.392630000000000000e+05
6.392690000000000000e+05
6.392990000000000000e+05
6.393070000000000000e+05
6.393110000000000000e+05
6.393290000000000000e+05
6.393370000000000000e+05
6.393610000000000000e+05
6.393710000000000000e+05
6.393910000000000000e+05
6.394330000000000000e+05
6.394390000000000000e+05
6.394510000000000000e+05
6.394870000000000000e+05
6.394910000000000000e+05
6.394930000000000000e+05
6.395110000000000000e+05
6.395170000000000000e+05
6.395330000000000000e+05
6.395470000000000000e+05
6.395630000000000000e+05
6.395710000000000000e+05
6.395770000000000000e+05
6.395890000000000000e+05
6.395990000000000000e+05
6.396010000000000000e+05
6.396310000000000000e+05
6.396370000000000000e+05
6.396470000000000000e+05
6.396710000000000000e+05
6.396770000000000000e+05
6.396790000000000000e+05
6.396890000000000000e+05
6.396970000000000000e+05
6.397010000000000000e+05
6.397030000000000000e+05
6.397130000000000000e+05
6.397190000000000000e+05
6.397310000000000000e+05
6.397390000000000000e+05
6.397570000000000000e+05
6.398330000000000000e+05
6.398390000000000000e+05
6.398510000000000000e+05
6.398530000000000000e+05
6.398570000000000000e+05
6.399070000000000000e+05
6.399110000000000000e+05
6.399370000000000000e+05
6.399410000000000000e+05
6.399490000000000000e+05
6.399590000000000000e+05
6.399830000000000000e+05
6.399970000000000000e+05
6.400070000000000000e+05
6.400090000000000000e+05
6.400190000000000000e+05
6.400270000000000000e+05
6.400390000000000000e+05
6.400430000000000000e+05
6.400490000000000000e+05
6.400610000000000000e+05
6.400690000000000000e+05
6.400990000000000000e+05
6.401090000000000000e+05
6.401210000000000000e+05
6.401270000000000000e+05
6.401390000000000000e+05
6.401510000000000000e+05
6.401530000000000000e+05
6.401630000000000000e+05
6.401930000000000000e+05
6.402190000000000000e+05
6.402230000000000000e+05
6.402290000000000000e+05
6.402310000000000000e+05
6.402470000000000000e+05
6.402490000000000000e+05
6.402590000000000000e+05
6.402610000000000000e+05
