6.402670000000000000e+05
6.402790000000000000e+05
6.403030000000000000e+05
6.403070000000000000e+05
6.403330000000000000e+05
6.403630000000000000e+05
6.403690000000000000e+05
6.404110000000000000e+05
6.404210000000000000e+05
6.404570000000000000e+05
6.404630000000000000e+05
6.404770000000000000e+05
6.404830000000000000e+05
6.404990000000000000e+05
6.405290000000000000e+05
6.405310000000000000e+05
6.405790000000000000e+05
6.405830000000000000e+05
6.405890000000000000e+05
6.406130000000000000e+05
6.406210000000000000e+05
6.406310000000000000e+05
6.406490000000000000e+05
6.406630000000000000e+05
6.406670000000000000e+05
6.406690000000000000e+05
6.406870000000000000e+05
6.406910000000000000e+05
6.407270000000000000e+05
6.407330000000000000e+05
6.407410000000000000e+05
6.407710000000000000e+05
6.407770000000000000e+05
6.407930000000000000e+05
6.408370000000000000e+05
6.408470000000000000e+05
6.408530000000000000e+05
6.408590000000000000e+05
6.408730000000000000e+05
6.408910000000000000e+05
6.409010000000000000e+05
6.409070000000000000e+05
6.409190000000000000e+05
6.409330000000000000e+05
6.409430000000000000e+05
6.409490000000000000e+05
6.409570000000000000e+05
6.409630000000000000e+05
6.409670000000000000e+05
6.409730000000000000e+05
6.409930000000000000e+05
6.410510000000000000e+05
6.410570000000000000e+05
6.410770000000000000e+05
6.410830000000000000e+05
6.410890000000000000e+05
6.410930000000000000e+05
6.411010000000000000e+05
6.411290000000000000e+05
6.411310000000000000e+05
6.411430000000000000e+05
6.411670000000000000e+05
6.411970000000000000e+05
6.412030000000000000e+05
6.412130000000000000e+05
6.412270000000000000e+05
6.412390000000000000e+05
6.412610000000000000e+05
6.412790000000000000e+05
6.412870000000000000e+05
6.412990000000000000e+05
6.413170000000000000e+05
6.413270000000000000e+05
6.413710000000000000e+05
6.413870000000000000e+05
6.414110000000000000e+05
6.414130000000000000e+05
6.414190000000000000e+05
6.414370000000000000e+05
6.414410000000000000e+05
6.414530000000000000e+05
6.414670000000000000e+05
6.414710000000000000e+05
6.414790000000000000e+05
6.414910000000000000e+05
6.415130000000000000e+05
6.415190000000000000e+05
6.415210000000000000e+05
6.415490000000000000e+05
6.415510000000000000e+05
6.415790000000000000e+05
6.415810000000000000e+05
6.416230000000000000e+05
6.416330000000000000e+05
6.416390000000000000e+05
6.416810000000000000e+05
6.417010000000000000e+05
6.417130000000000000e+05
6.417470000000000000e+05
6.417490000000000000e+05
