6.417610000000000000e+05
6.417890000000000000e+05
6.417910000000000000e+05
6.418030000000000000e+05
6.418130000000000000e+05
6.418190000000000000e+05
6.418210000000000000e+05
6.418270000000000000e+05
6.418330000000000000e+05
6.418430000000000000e+05
6.418630000000000000e+05
6.418670000000000000e+05
6.418730000000000000e+05
6.418810000000000000e+05
6.418910000000000000e+05
6.418970000000000000e+05
6.419090000000000000e+05
6.419230000000000000e+05
6.419290000000000000e+05
6.419590000000000000e+05
6.419690000000000000e+05
6.419810000000000000e+05
6.420110000000000000e+05
6.420130000000000000e+05
6.420490000000000000e+05
6.420710000000000000e+05
6.420770000000000000e+05
6.420790000000000000e+05
6.421130000000000000e+05
6.421210000000000000e+05
6.421330000000000000e+05
6.421490000000000000e+05
6.421510000000000000e+05
6.421570000000000000e+05
6.421630000000000000e+05
6.421970000000000000e+05
6.421990000000000000e+05
6.422110000000000000e+05
6.422170000000000000e+05
6.422230000000000000e+05
6.422330000000000000e+05
6.422410000000000000e+05
6.422470000000000000e+05
6.422530000000000000e+05
6.422810000000000000e+05
6.423590000000000000e+05
6.423610000000000000e+05
6.423730000000000000e+05
6.424030000000000000e+05
6.424070000000000000e+05
6.424190000000000000e+05
6.424270000000000000e+05
6.424570000000000000e+05
6.424870000000000000e+05
6.425170000000000000e+05
6.425270000000000000e+05
6.425290000000000000e+05
6.425330000000000000e+05
6.425470000000000000e+05
6.425570000000000000e+05
6.425630000000000000e+05
6.425810000000000000e+05
6.426130000000000000e+05
6.426230000000000000e+05
6.426730000000000000e+05
6.426830000000000000e+05
6.427010000000000000e+05
6.427370000000000000e+05
6.427390000000000000e+05
6.427690000000000000e+05
6.427790000000000000e+05
6.427910000000000000e+05
6.427970000000000000e+05
6.427990000000000000e+05
6.428090000000000000e+05
6.428330000000000000e+05
6.428530000000000000e+05
6.428690000000000000e+05
6.428710000000000000e+05
6.428770000000000000e+05
6.428810000000000000e+05
6.428990000000000000e+05
6.429070000000000000e+05
6.429310000000000000e+05
6.429370000000000000e+05
6.429470000000000000e+05
6.429530000000000000e+05
6.429730000000000000e+05
6.429770000000000000e+05
6.429970000000000000e+05
6.430090000000000000e+05
6.430210000000000000e+05
6.430310000000000000e+05
6.430390000000000000e+05
6.430430000000000000e+05
6.430510000000000000e+05
6.430610000000000000e+05
6.430730000000000000e+05
6.430810000000000000e+05
6.430870000000000000e+05
