6.457130000000000000e+05
6.457270000000000000e+05
6.457370000000000000e+05
6.457390000000000000e+05
6.457510000000000000e+05
6.457630000000000000e+05
6.457870000000000000e+05
6.458030000000000000e+05
6.458330000000000000e+05
6.458390000000000000e+05
6.458510000000000000e+05
6.458570000000000000e+05
6.458770000000000000e+05
6.458890000000000000e+05
6.458930000000000000e+05
6.459010000000000000e+05
6.459070000000000000e+05
6.459370000000000000e+05
6.459410000000000000e+05
6.459730000000000000e+05
6.459790000000000000e+05
6.460030000000000000e+05
6.460130000000000000e+05
6.460270000000000000e+05
6.460390000000000000e+05
6.460670000000000000e+05
6.460730000000000000e+05
6.460990000000000000e+05
6.461030000000000000e+05
6.461470000000000000e+05
6.461570000000000000e+05
6.461590000000000000e+05
6.461690000000000000e+05
6.461810000000000000e+05
6.461830000000000000e+05
6.461890000000000000e+05
6.461930000000000000e+05
6.461990000000000000e+05
6.462370000000000000e+05
6.462530000000000000e+05
6.462590000000000000e+05
6.462670000000000000e+05
6.462710000000000000e+05
6.462730000000000000e+05
6.462910000000000000e+05
6.463010000000000000e+05
6.463070000000000000e+05
6.463090000000000000e+05
6.463390000000000000e+05
6.463790000000000000e+05
6.463970000000000000e+05
6.464030000000000000e+05
6.464110000000000000e+05
6.464210000000000000e+05
6.464230000000000000e+05
6.464330000000000000e+05
6.464530000000000000e+05
6.465190000000000000e+05
6.465230000000000000e+05
6.465370000000000000e+05
6.465430000000000000e+05
6.465490000000000000e+05
6.465710000000000000e+05
6.465730000000000000e+05
6.465770000000000000e+05
6.466090000000000000e+05
6.466190000000000000e+05
6.466310000000000000e+05
6.466370000000000000e+05
6.466430000000000000e+05
6.466690000000000000e+05
6.466870000000000000e+05
6.467210000000000000e+05
6.467570000000000000e+05
6.467710000000000000e+05
6.467810000000000000e+05
6.468230000000000000e+05
6.468310000000000000e+05
6.468370000000000000e+05
6.468430000000000000e+05
6.468590000000000000e+05
6.468730000000000000e+05
6.468790000000000000e+05
6.468830000000000000e+05
6.468890000000000000e+05
6.468970000000000000e+05
6.469090000000000000e+05
6.469130000000000000e+05
6.469270000000000000e+05
6.469370000000000000e+05
6.469570000000000000e+05
6.469790000000000000e+05
6.469810000000000000e+05
6.469910000000000000e+05
6.469930000000000000e+05
6.470110000000000000e+05
6.470330000000000000e+05
6.470390000000000000e+05
6.470470000000000000e+05
6.470570000000000000e+05
