6.470690000000000000e+05
6.470810000000000000e+05
6.470990000000000000e+05
6.471110000000000000e+05
6.471130000000000000e+05
6.471170000000000000e+05
6.471310000000000000e+05
6.471470000000000000e+05
6.471610000000000000e+05
6.471890000000000000e+05
6.472010000000000000e+05
6.472090000000000000e+05
6.472190000000000000e+05
6.472610000000000000e+05
6.472630000000000000e+05
6.472930000000000000e+05
6.473030000000000000e+05
6.473210000000000000e+05
6.473270000000000000e+05
6.473330000000000000e+05
6.473410000000000000e+05
6.473570000000000000e+05
6.473590000000000000e+05
6.473630000000000000e+05
6.473710000000000000e+05
6.473990000000000000e+05
6.474010000000000000e+05
6.474170000000000000e+05
6.474290000000000000e+05
6.474410000000000000e+05
6.474530000000000000e+05
6.474770000000000000e+05
6.474890000000000000e+05
6.475030000000000000e+05
6.475090000000000000e+05
6.475270000000000000e+05
6.475310000000000000e+05
6.475510000000000000e+05
6.475570000000000000e+05
6.475790000000000000e+05
6.475870000000000000e+05
6.475930000000000000e+05
6.476090000000000000e+05
6.476170000000000000e+05
6.476270000000000000e+05
6.476410000000000000e+05
6.476510000000000000e+05
6.476590000000000000e+05
6.476630000000000000e+05
6.476870000000000000e+05
6.476930000000000000e+05
6.477190000000000000e+05
6.477230000000000000e+05
6.477410000000000000e+05
6.477430000000000000e+05
6.477470000000000000e+05
6.477530000000000000e+05
6.477710000000000000e+05
6.477830000000000000e+05
6.477890000000000000e+05
6.478090000000000000e+05
6.478210000000000000e+05
6.478370000000000000e+05
6.478390000000000000e+05
6.478510000000000000e+05
6.478610000000000000e+05
6.478910000000000000e+05
6.478930000000000000e+05
6.479090000000000000e+05
6.479170000000000000e+05
6.479510000000000000e+05
6.479530000000000000e+05
6.479630000000000000e+05
6.479870000000000000e+05
6.480070000000000000e+05
6.480190000000000000e+05
6.480290000000000000e+05
6.480410000000000000e+05
6.480470000000000000e+05
6.480590000000000000e+05
6.480610000000000000e+05
6.480730000000000000e+05
6.480790000000000000e+05
6.480970000000000000e+05
6.481010000000000000e+05
6.481070000000000000e+05
6.481190000000000000e+05
6.481330000000000000e+05
6.481730000000000000e+05
6.481810000000000000e+05
6.481910000000000000e+05
6.481990000000000000e+05
6.482110000000000000e+05
6.482170000000000000e+05
6.482290000000000000e+05
6.482390000000000000e+05
6.482570000000000000e+05
6.482590000000000000e+05
6.482690000000000000e+05
6.482830000000000000e+05
