6.496510000000000000e+05
6.496570000000000000e+05
6.496610000000000000e+05
6.496970000000000000e+05
6.497090000000000000e+05
6.497170000000000000e+05
6.497390000000000000e+05
6.497510000000000000e+05
6.497690000000000000e+05
6.497710000000000000e+05
6.497770000000000000e+05
6.497830000000000000e+05
6.497870000000000000e+05
6.497930000000000000e+05
6.497990000000000000e+05
6.498010000000000000e+05
6.498130000000000000e+05
6.498290000000000000e+05
6.498430000000000000e+05
6.498490000000000000e+05
6.498670000000000000e+05
6.498710000000000000e+05
6.498770000000000000e+05
6.498790000000000000e+05
6.498970000000000000e+05
6.499070000000000000e+05
6.499210000000000000e+05
6.499370000000000000e+05
6.499690000000000000e+05
6.499810000000000000e+05
6.499910000000000000e+05
6.500110000000000000e+05
6.500170000000000000e+05
6.500590000000000000e+05
6.500710000000000000e+05
6.500810000000000000e+05
6.500990000000000000e+05
6.501070000000000000e+05
6.501790000000000000e+05
6.501830000000000000e+05
6.501890000000000000e+05
6.502130000000000000e+05
6.502270000000000000e+05
6.502610000000000000e+05
6.502690000000000000e+05
6.502810000000000000e+05
6.502910000000000000e+05
6.503170000000000000e+05
6.503270000000000000e+05
6.503290000000000000e+05
6.503470000000000000e+05
6.503590000000000000e+05
6.503870000000000000e+05
6.504010000000000000e+05
6.504130000000000000e+05
6.504490000000000000e+05
6.504770000000000000e+05
6.504790000000000000e+05
6.504830000000000000e+05
6.505190000000000000e+05
6.505370000000000000e+05
6.505430000000000000e+05
6.505490000000000000e+05
6.505630000000000000e+05
6.505670000000000000e+05
6.505810000000000000e+05
6.505910000000000000e+05
6.505990000000000000e+05
6.506090000000000000e+05
6.506230000000000000e+05
6.506270000000000000e+05
6.506690000000000000e+05
6.507010000000000000e+05
6.507590000000000000e+05
6.507610000000000000e+05
6.507790000000000000e+05
6.508130000000000000e+05
6.508210000000000000e+05
6.508270000000000000e+05
6.508330000000000000e+05
6.508510000000000000e+05
6.508610000000000000e+05
6.508630000000000000e+05
6.508690000000000000e+05
6.508730000000000000e+05
6.509110000000000000e+05
6.509170000000000000e+05
6.509270000000000000e+05
6.509330000000000000e+05
6.509530000000000000e+05
6.509710000000000000e+05
6.509870000000000000e+05
6.510170000000000000e+05
6.510190000000000000e+05
6.510290000000000000e+05
6.510430000000000000e+05
6.510670000000000000e+05
6.510710000000000000e+05
6.510970000000000000e+05
6.511030000000000000e+05
