6.564230000000000000e+05
6.564290000000000000e+05
6.564590000000000000e+05
6.564710000000000000e+05
6.564790000000000000e+05
6.564830000000000000e+05
6.565190000000000000e+05
6.565270000000000000e+05
6.565610000000000000e+05
6.565870000000000000e+05
6.565970000000000000e+05
6.565990000000000000e+05
6.566030000000000000e+05
6.566090000000000000e+05
6.566510000000000000e+05
6.566570000000000000e+05
6.566710000000000000e+05
6.566810000000000000e+05
6.566830000000000000e+05
6.566870000000000000e+05
6.567010000000000000e+05
6.567070000000000000e+05
6.567370000000000000e+05
6.567410000000000000e+05
6.567490000000000000e+05
6.567530000000000000e+05
6.567710000000000000e+05
6.567830000000000000e+05
6.567910000000000000e+05
6.568090000000000000e+05
6.568190000000000000e+05
6.568330000000000000e+05
6.568390000000000000e+05
6.568910000000000000e+05
6.569170000000000000e+05
6.569230000000000000e+05
6.569390000000000000e+05
6.569510000000000000e+05
6.569590000000000000e+05
6.569770000000000000e+05
6.569890000000000000e+05
6.569930000000000000e+05
6.570170000000000000e+05
6.570290000000000000e+05
6.570470000000000000e+05
6.570490000000000000e+05
6.570610000000000000e+05
6.570710000000000000e+05
6.570790000000000000e+05
6.570890000000000000e+05
6.570910000000000000e+05
6.571130000000000000e+05
6.571210000000000000e+05
6.571270000000000000e+05
6.571310000000000000e+05
6.571870000000000000e+05
6.571930000000000000e+05
6.571970000000000000e+05
6.572330000000000000e+05
6.572570000000000000e+05
6.572690000000000000e+05
6.572810000000000000e+05
6.572890000000000000e+05
6.572990000000000000e+05
6.573110000000000000e+05
6.573130000000000000e+05
6.573230000000000000e+05
6.573470000000000000e+05
6.573610000000000000e+05
6.573830000000000000e+05
6.574030000000000000e+05
6.574130000000000000e+05
6.574310000000000000e+05
6.574390000000000000e+05
6.574510000000000000e+05
6.574690000000000000e+05
6.574730000000000000e+05
6.574910000000000000e+05
6.574930000000000000e+05
6.574970000000000000e+05
6.574990000000000000e+05
6.575230000000000000e+05
6.575290000000000000e+05
6.575390000000000000e+05
6.575570000000000000e+05
6.575810000000000000e+05
6.575830000000000000e+05
6.575890000000000000e+05
6.576070000000000000e+05
6.576170000000000000e+05
6.576490000000000000e+05
6.576530000000000000e+05
6.576590000000000000e+05
6.576610000000000000e+05
6.577030000000000000e+05
6.577070000000000000e+05
6.577190000000000000e+05
6.577430000000000000e+05
6.577790000000000000e+05
6.577930000000000000e+05
