6.578090000000000000e+05
6.578270000000000000e+05
6.578410000000000000e+05
6.578630000000000000e+05
6.578930000000000000e+05
6.579110000000000000e+05
6.579290000000000000e+05
6.579310000000000000e+05
6.579470000000000000e+05
6.579590000000000000e+05
6.579730000000000000e+05
6.579830000000000000e+05
6.580010000000000000e+05
6.580430000000000000e+05
6.580510000000000000e+05
6.580570000000000000e+05
6.580690000000000000e+05
6.580790000000000000e+05
6.581110000000000000e+05
6.581170000000000000e+05
6.581230000000000000e+05
6.581270000000000000e+05
6.581390000000000000e+05
6.581530000000000000e+05
6.581590000000000000e+05
6.581690000000000000e+05
6.581870000000000000e+05
6.581990000000000000e+05
6.582110000000000000e+05
6.582190000000000000e+05
6.582470000000000000e+05
6.582530000000000000e+05
6.582610000000000000e+05
6.582770000000000000e+05
6.582790000000000000e+05
6.583030000000000000e+05
6.583090000000000000e+05
6.583190000000000000e+05
6.583210000000000000e+05
6.583270000000000000e+05
6.583490000000000000e+05
6.583510000000000000e+05
6.583670000000000000e+05
6.583790000000000000e+05
6.583910000000000000e+05
6.584030000000000000e+05
6.584170000000000000e+05
6.584330000000000000e+05
6.584470000000000000e+05
6.584530000000000000e+05
6.584770000000000000e+05
6.584870000000000000e+05
6.585070000000000000e+05
6.585470000000000000e+05
6.585490000000000000e+05
6.585730000000000000e+05
6.585790000000000000e+05
6.585890000000000000e+05
6.585910000000000000e+05
6.586010000000000000e+05
6.586070000000000000e+05
6.586130000000000000e+05
6.586330000000000000e+05
6.586390000000000000e+05
6.586430000000000000e+05
6.586490000000000000e+05
6.586630000000000000e+05
6.586810000000000000e+05
6.587030000000000000e+05
6.587510000000000000e+05
6.587530000000000000e+05
6.587830000000000000e+05
6.588070000000000000e+05
6.588170000000000000e+05
6.588310000000000000e+05
6.588370000000000000e+05
6.588410000000000000e+05
6.588710000000000000e+05
6.588730000000000000e+05
6.588830000000000000e+05
6.588970000000000000e+05
6.589070000000000000e+05
6.589130000000000000e+05
6.589190000000000000e+05
6.589430000000000000e+05
6.589610000000000000e+05
6.589630000000000000e+05
6.589690000000000000e+05
6.589790000000000000e+05
6.589910000000000000e+05
6.589970000000000000e+05
6.590110000000000000e+05
6.590230000000000000e+05
6.590470000000000000e+05
6.590590000000000000e+05
6.590630000000000000e+05
6.590690000000000000e+05
6.590770000000000000e+05
6.591010000000000000e+05
6.591370000000000000e+05
