6.591590000000000000e+05
6.591710000000000000e+05
6.591730000000000000e+05
6.591770000000000000e+05
6.591890000000000000e+05
6.592210000000000000e+05
6.592310000000000000e+05
6.592370000000000000e+05
6.592510000000000000e+05
6.592790000000000000e+05
6.592990000000000000e+05
6.593170000000000000e+05
6.593270000000000000e+05
6.593330000000000000e+05
6.593530000000000000e+05
6.593710000000000000e+05
6.594190000000000000e+05
6.594230000000000000e+05
6.594370000000000000e+05
6.594530000000000000e+05
6.594670000000000000e+05
6.594730000000000000e+05
6.594970000000000000e+05
6.595010000000000000e+05
6.595130000000000000e+05
6.595210000000000000e+05
6.595310000000000000e+05
6.595390000000000000e+05
6.595630000000000000e+05
6.595690000000000000e+05
6.595910000000000000e+05
6.595970000000000000e+05
6.596090000000000000e+05
6.596110000000000000e+05
6.596210000000000000e+05
6.596290000000000000e+05
6.596390000000000000e+05
6.596530000000000000e+05
6.596570000000000000e+05
6.596690000000000000e+05
6.596710000000000000e+05
6.596890000000000000e+05
6.596930000000000000e+05
6.597130000000000000e+05
6.597230000000000000e+05
6.597410000000000000e+05
6.597590000000000000e+05
6.597610000000000000e+05
6.597830000000000000e+05
6.598190000000000000e+05
6.598310000000000000e+05
6.598430000000000000e+05
6.598490000000000000e+05
6.598630000000000000e+05
6.598730000000000000e+05
6.598810000000000000e+05
6.598990000000000000e+05
6.599170000000000000e+05
6.599410000000000000e+05
6.599470000000000000e+05
6.599510000000000000e+05
6.599630000000000000e+05
6.599830000000000000e+05
6.599990000000000000e+05
6.600010000000000000e+05
6.600130000000000000e+05
6.600290000000000000e+05
6.600470000000000000e+05
6.600530000000000000e+05
6.600610000000000000e+05
6.600670000000000000e+05
6.600710000000000000e+05
6.600730000000000000e+05
6.600970000000000000e+05
6.601030000000000000e+05
6.601190000000000000e+05
6.601310000000000000e+05
6.601370000000000000e+05
6.601570000000000000e+05
6.601670000000000000e+05
6.601810000000000000e+05
6.601970000000000000e+05
6.601990000000000000e+05
6.602170000000000000e+05
6.602270000000000000e+05
6.602410000000000000e+05
6.602510000000000000e+05
6.602710000000000000e+05
6.602770000000000000e+05
6.602810000000000000e+05
6.602990000000000000e+05
6.603290000000000000e+05
6.603370000000000000e+05
6.603470000000000000e+05
6.603490000000000000e+05
6.603670000000000000e+05
6.603770000000000000e+05
6.603790000000000000e+05
6.603910000000000000e+05
6.604030000000000000e+05
