6.604090000000000000e+05
6.604490000000000000e+05
6.604930000000000000e+05
6.605030000000000000e+05
6.605090000000000000e+05
6.605210000000000000e+05
6.605290000000000000e+05
6.605470000000000000e+05
6.605570000000000000e+05
6.605590000000000000e+05
6.605630000000000000e+05
6.605890000000000000e+05
6.605930000000000000e+05
6.605990000000000000e+05
6.606010000000000000e+05
6.606070000000000000e+05
6.606170000000000000e+05
6.606190000000000000e+05
6.606430000000000000e+05
6.606590000000000000e+05
6.606610000000000000e+05
6.606830000000000000e+05
6.607190000000000000e+05
6.607270000000000000e+05
6.607310000000000000e+05
6.607330000000000000e+05
6.607570000000000000e+05
6.607690000000000000e+05
6.607870000000000000e+05
6.607910000000000000e+05
6.607990000000000000e+05
6.608090000000000000e+05
6.608110000000000000e+05
6.608170000000000000e+05
6.608330000000000000e+05
6.608510000000000000e+05
6.608530000000000000e+05
6.608870000000000000e+05
6.608930000000000000e+05
6.608990000000000000e+05
6.609010000000000000e+05
6.609170000000000000e+05
6.609230000000000000e+05
6.609410000000000000e+05
6.609490000000000000e+05
6.609730000000000000e+05
6.609830000000000000e+05
6.610090000000000000e+05
6.610190000000000000e+05
6.610270000000000000e+05
6.610490000000000000e+05
6.610610000000000000e+05
6.610910000000000000e+05
6.610930000000000000e+05
6.610970000000000000e+05
6.610990000000000000e+05
6.611030000000000000e+05
6.611090000000000000e+05
6.611170000000000000e+05
6.611210000000000000e+05
6.611390000000000000e+05
6.611830000000000000e+05
6.611870000000000000e+05
6.611890000000000000e+05
6.612010000000000000e+05
6.612170000000000000e+05
6.612310000000000000e+05
6.612370000000000000e+05
6.612530000000000000e+05
6.612590000000000000e+05
6.612670000000000000e+05
6.613210000000000000e+05
6.613270000000000000e+05
6.613430000000000000e+05
6.613610000000000000e+05
6.613730000000000000e+05
6.613930000000000000e+05
6.614170000000000000e+05
6.614210000000000000e+05
6.614390000000000000e+05
6.614590000000000000e+05
6.614770000000000000e+05
6.614810000000000000e+05
6.614830000000000000e+05
6.615130000000000000e+05
6.615170000000000000e+05
6.615410000000000000e+05
6.615470000000000000e+05
6.615530000000000000e+05
6.616030000000000000e+05
6.616070000000000000e+05
6.616130000000000000e+05
6.616210000000000000e+05
6.616630000000000000e+05
6.616730000000000000e+05
6.616790000000000000e+05
6.616970000000000000e+05
6.617210000000000000e+05
6.617410000000000000e+05
6.617690000000000000e+05
