6.617770000000000000e+05
6.618230000000000000e+05
6.618490000000000000e+05
6.618730000000000000e+05
6.618770000000000000e+05
6.618790000000000000e+05
6.618830000000000000e+05
6.618890000000000000e+05
6.618970000000000000e+05
6.619090000000000000e+05
6.619310000000000000e+05
6.619390000000000000e+05
6.619490000000000000e+05
6.619510000000000000e+05
6.619610000000000000e+05
6.619870000000000000e+05
6.619930000000000000e+05
6.620030000000000000e+05
6.620210000000000000e+05
6.620290000000000000e+05
6.620470000000000000e+05
6.620590000000000000e+05
6.620630000000000000e+05
6.620830000000000000e+05
6.621070000000000000e+05
6.621110000000000000e+05
6.621410000000000000e+05
6.621430000000000000e+05
6.621490000000000000e+05
6.621770000000000000e+05
6.622030000000000000e+05
6.622270000000000000e+05
6.622310000000000000e+05
6.622510000000000000e+05
6.622610000000000000e+05
6.622670000000000000e+05
6.622810000000000000e+05
6.622870000000000000e+05
6.623090000000000000e+05
6.623230000000000000e+05
6.623270000000000000e+05
6.623390000000000000e+05
6.623510000000000000e+05
6.623530000000000000e+05
6.623570000000000000e+05
6.623690000000000000e+05
6.624010000000000000e+05
6.624070000000000000e+05
6.624430000000000000e+05
6.624490000000000000e+05
6.624770000000000000e+05
6.624830000000000000e+05
6.624910000000000000e+05
6.625130000000000000e+05
6.625270000000000000e+05
6.625310000000000000e+05
6.625370000000000000e+05
6.625390000000000000e+05
6.625510000000000000e+05
6.625670000000000000e+05
6.625910000000000000e+05
6.626170000000000000e+05
6.626390000000000000e+05
6.626470000000000000e+05
6.626570000000000000e+05
6.626710000000000000e+05
6.626810000000000000e+05
6.626890000000000000e+05
6.626930000000000000e+05
6.627130000000000000e+05
6.627190000000000000e+05
6.627430000000000000e+05
6.627710000000000000e+05
6.627730000000000000e+05
6.627890000000000000e+05
6.627970000000000000e+05
6.628190000000000000e+05
6.628330000000000000e+05
6.628390000000000000e+05
6.628430000000000000e+05
6.628670000000000000e+05
6.628970000000000000e+05
6.628990000000000000e+05
6.629170000000000000e+05
6.629390000000000000e+05
6.629410000000000000e+05
6.629470000000000000e+05
6.629510000000000000e+05
6.629530000000000000e+05
6.629570000000000000e+05
6.629990000000000000e+05
6.630010000000000000e+05
6.630070000000000000e+05
6.630310000000000000e+05
6.630370000000000000e+05
6.630490000000000000e+05
6.630530000000000000e+05
6.630710000000000000e+05
6.630970000000000000e+05
6.631270000000000000e+05
