6.685670000000000000e+05
6.685790000000000000e+05
6.685810000000000000e+05
6.685990000000000000e+05
6.686090000000000000e+05
6.686110000000000000e+05
6.686170000000000000e+05
6.686230000000000000e+05
6.686710000000000000e+05
6.686770000000000000e+05
6.686870000000000000e+05
6.686990000000000000e+05
6.687130000000000000e+05
6.687190000000000000e+05
6.687370000000000000e+05
6.687410000000000000e+05
6.687470000000000000e+05
6.687610000000000000e+05
6.687910000000000000e+05
6.688030000000000000e+05
6.688130000000000000e+05
6.688210000000000000e+05
6.688510000000000000e+05
6.688670000000000000e+05
6.688690000000000000e+05
6.688730000000000000e+05
6.688790000000000000e+05
6.689030000000000000e+05
6.689290000000000000e+05
6.689390000000000000e+05
6.689470000000000000e+05
6.689590000000000000e+05
6.689630000000000000e+05
6.689890000000000000e+05
6.689990000000000000e+05
6.690230000000000000e+05
6.690290000000000000e+05
6.690490000000000000e+05
6.690770000000000000e+05
6.690890000000000000e+05
6.690910000000000000e+05
6.691070000000000000e+05
6.691130000000000000e+05
6.691210000000000000e+05
6.691270000000000000e+05
6.691330000000000000e+05
6.691670000000000000e+05
6.691730000000000000e+05
6.691810000000000000e+05
6.692410000000000000e+05
6.692470000000000000e+05
6.692710000000000000e+05
6.692830000000000000e+05
6.692870000000000000e+05
6.692890000000000000e+05
6.693010000000000000e+05
6.693110000000000000e+05
6.693290000000000000e+05
6.693590000000000000e+05
6.693710000000000000e+05
6.693770000000000000e+05
6.693790000000000000e+05
6.693910000000000000e+05
6.694010000000000000e+05
6.694130000000000000e+05
6.694190000000000000e+05
6.694330000000000000e+05
6.694370000000000000e+05
6.694510000000000000e+05
6.694630000000000000e+05
6.694790000000000000e+05
6.694810000000000000e+05
6.695270000000000000e+05
6.695510000000000000e+05
6.695770000000000000e+05
6.696070000000000000e+05
6.696110000000000000e+05
6.696370000000000000e+05
6.696490000000000000e+05
6.696590000000000000e+05
6.696610000000000000e+05
6.696670000000000000e+05
6.696730000000000000e+05
6.696770000000000000e+05
6.696790000000000000e+05
6.696890000000000000e+05
6.697010000000000000e+05
6.697070000000000000e+05
6.697330000000000000e+05
6.697630000000000000e+05
6.697870000000000000e+05
6.697910000000000000e+05
6.698390000000000000e+05
6.698470000000000000e+05
6.698530000000000000e+05
6.698570000000000000e+05
6.698590000000000000e+05
6.698630000000000000e+05
6.698690000000000000e+05
6.698870000000000000e+05
