6.699010000000000000e+05
6.699130000000000000e+05
6.699230000000000000e+05
6.699310000000000000e+05
6.699370000000000000e+05
6.699430000000000000e+05
6.699470000000000000e+05
6.699710000000000000e+05
6.699890000000000000e+05
6.700010000000000000e+05
6.700310000000000000e+05
6.700370000000000000e+05
6.700390000000000000e+05
6.700490000000000000e+05
6.700510000000000000e+05
6.700970000000000000e+05
6.700990000000000000e+05
6.701290000000000000e+05
6.701390000000000000e+05
6.701470000000000000e+05
6.701770000000000000e+05
6.701930000000000000e+05
6.701990000000000000e+05
6.702110000000000000e+05
6.702170000000000000e+05
6.702230000000000000e+05
6.702310000000000000e+05
6.702370000000000000e+05
6.702490000000000000e+05
6.702610000000000000e+05
6.702790000000000000e+05
6.702970000000000000e+05
6.703030000000000000e+05
6.703210000000000000e+05
6.703330000000000000e+05
6.703430000000000000e+05
6.703490000000000000e+05
6.703630000000000000e+05
6.703790000000000000e+05
6.703990000000000000e+05
6.704090000000000000e+05
6.704470000000000000e+05
6.704570000000000000e+05
6.704710000000000000e+05
6.704870000000000000e+05
6.704890000000000000e+05
6.704930000000000000e+05
6.705070000000000000e+05
6.705110000000000000e+05
6.705170000000000000e+05
6.705410000000000000e+05
6.705430000000000000e+05
6.705590000000000000e+05
6.705770000000000000e+05
6.705830000000000000e+05
6.705970000000000000e+05
6.706130000000000000e+05
6.706190000000000000e+05
6.706270000000000000e+05
6.706390000000000000e+05
6.706690000000000000e+05
6.706730000000000000e+05
6.706930000000000000e+05
6.707110000000000000e+05
6.707270000000000000e+05
6.707290000000000000e+05
6.707390000000000000e+05
6.707630000000000000e+05
6.707770000000000000e+05
6.707810000000000000e+05
6.708110000000000000e+05
6.708230000000000000e+05
6.708490000000000000e+05
6.708530000000000000e+05
6.708670000000000000e+05
6.708770000000000000e+05
6.708970000000000000e+05
6.709030000000000000e+05
6.709190000000000000e+05
6.709310000000000000e+05
6.709510000000000000e+05
6.709630000000000000e+05
6.709870000000000000e+05
6.709910000000000000e+05
6.710030000000000000e+05
6.710170000000000000e+05
6.710290000000000000e+05
6.710390000000000000e+05
6.710590000000000000e+05
6.710630000000000000e+05
6.710810000000000000e+05
6.710870000000000000e+05
6.710930000000000000e+05
6.711230000000000000e+05
6.711310000000000000e+05
6.711410000000000000e+05
6.711590000000000000e+05
6.711610000000000000e+05
6.711890000000000000e+05
6.712010000000000000e+05
