6.712190000000000000e+05
6.712330000000000000e+05
6.712490000000000000e+05
6.712570000000000000e+05
6.712610000000000000e+05
6.712690000000000000e+05
6.712870000000000000e+05
6.712990000000000000e+05
6.713030000000000000e+05
6.713230000000000000e+05
6.713390000000000000e+05
6.713530000000000000e+05
6.713570000000000000e+05
6.713690000000000000e+05
6.713830000000000000e+05
6.714010000000000000e+05
6.714170000000000000e+05
6.714310000000000000e+05
6.714430000000000000e+05
6.714670000000000000e+05
6.714710000000000000e+05
6.714770000000000000e+05
6.715010000000000000e+05
6.715190000000000000e+05
6.715330000000000000e+05
6.715370000000000000e+05
6.715570000000000000e+05
6.715810000000000000e+05
6.715910000000000000e+05
6.716030000000000000e+05
6.716090000000000000e+05
6.716330000000000000e+05
6.716470000000000000e+05
6.716510000000000000e+05
6.716810000000000000e+05
6.717010000000000000e+05
6.717170000000000000e+05
6.717290000000000000e+05
6.717430000000000000e+05
6.717530000000000000e+05
6.717770000000000000e+05
6.717790000000000000e+05
6.717910000000000000e+05
6.718310000000000000e+05
6.718370000000000000e+05
6.718510000000000000e+05
6.718870000000000000e+05
6.718930000000000000e+05
6.719030000000000000e+05
6.719110000000000000e+05
6.719170000000000000e+05
6.719210000000000000e+05
6.719330000000000000e+05
6.719390000000000000e+05
6.719410000000000000e+05
6.719470000000000000e+05
6.719690000000000000e+05
6.719710000000000000e+05
6.719810000000000000e+05
6.719990000000000000e+05
6.720190000000000000e+05
6.720290000000000000e+05
6.720410000000000000e+05
6.720430000000000000e+05
6.720590000000000000e+05
6.720730000000000000e+05
6.720790000000000000e+05
6.720970000000000000e+05
6.721030000000000000e+05
6.721070000000000000e+05
6.721270000000000000e+05
6.721310000000000000e+05
6.721370000000000000e+05
6.721430000000000000e+05
6.721510000000000000e+05
6.721670000000000000e+05
6.721690000000000000e+05
6.721810000000000000e+05
6.721930000000000000e+05
6.722090000000000000e+05
6.722230000000000000e+05
6.722270000000000000e+05
6.722290000000000000e+05
6.722510000000000000e+05
6.722710000000000000e+05
6.722830000000000000e+05
6.722890000000000000e+05
6.722930000000000000e+05
6.723110000000000000e+05
6.723170000000000000e+05
6.723230000000000000e+05
6.723410000000000000e+05
6.723490000000000000e+05
6.723770000000000000e+05
6.723790000000000000e+05
6.724390000000000000e+05
6.724430000000000000e+05
6.724730000000000000e+05
6.724930000000000000e+05
6.724990000000000000e+05
