6.725210000000000000e+05
6.725570000000000000e+05
6.725770000000000000e+05
6.725870000000000000e+05
6.725930000000000000e+05
6.726290000000000000e+05
6.726410000000000000e+05
6.726430000000000000e+05
6.726530000000000000e+05
6.726670000000000000e+05
6.727030000000000000e+05
6.727430000000000000e+05
6.727570000000000000e+05
6.727670000000000000e+05
6.727790000000000000e+05
6.727810000000000000e+05
6.727870000000000000e+05
6.727990000000000000e+05
6.728030000000000000e+05
6.728110000000000000e+05
6.728170000000000000e+05
6.728230000000000000e+05
6.728270000000000000e+05
6.728630000000000000e+05
6.728690000000000000e+05
6.728710000000000000e+05
6.728830000000000000e+05
6.729010000000000000e+05
6.729130000000000000e+05
6.729370000000000000e+05
6.729430000000000000e+05
6.729490000000000000e+05
6.729530000000000000e+05
6.729670000000000000e+05
6.729770000000000000e+05
6.729830000000000000e+05
6.730190000000000000e+05
6.730390000000000000e+05
6.730630000000000000e+05
6.730690000000000000e+05
6.730730000000000000e+05
6.730910000000000000e+05
6.730930000000000000e+05
6.731090000000000000e+05
6.731110000000000000e+05
6.731170000000000000e+05
6.731210000000000000e+05
6.731290000000000000e+05
6.731570000000000000e+05
6.731930000000000000e+05
6.731990000000000000e+05
6.732010000000000000e+05
6.732070000000000000e+05
6.732230000000000000e+05
6.732410000000000000e+05
6.732470000000000000e+05
6.732710000000000000e+05
6.732730000000000000e+05
6.732910000000000000e+05
6.732970000000000000e+05
6.733130000000000000e+05
6.733270000000000000e+05
6.733390000000000000e+05
6.733490000000000000e+05
6.733810000000000000e+05
6.733910000000000000e+05
6.733970000000000000e+05
6.733990000000000000e+05
6.734030000000000000e+05
6.734110000000000000e+05
6.734270000000000000e+05
6.734290000000000000e+05
6.734410000000000000e+05
6.734470000000000000e+05
6.734510000000000000e+05
6.734570000000000000e+05
6.734590000000000000e+05
6.734690000000000000e+05
6.734870000000000000e+05
6.734990000000000000e+05
6.735130000000000000e+05
6.735290000000000000e+05
6.735490000000000000e+05
6.735530000000000000e+05
6.735670000000000000e+05
6.735730000000000000e+05
6.735790000000000000e+05
6.736090000000000000e+05
6.736130000000000000e+05
6.736190000000000000e+05
6.736370000000000000e+05
6.736390000000000000e+05
6.736430000000000000e+05
6.736490000000000000e+05
6.736670000000000000e+05
6.736690000000000000e+05
6.737470000000000000e+05
6.737690000000000000e+05
6.737810000000000000e+05
6.737870000000000000e+05
