6.737930000000000000e+05
6.738010000000000000e+05
6.738110000000000000e+05
6.738170000000000000e+05
6.738370000000000000e+05
6.738790000000000000e+05
6.738910000000000000e+05
6.739210000000000000e+05
6.739430000000000000e+05
6.739510000000000000e+05
6.739610000000000000e+05
6.739790000000000000e+05
6.739910000000000000e+05
6.740170000000000000e+05
6.740570000000000000e+05
6.740590000000000000e+05
6.740710000000000000e+05
6.740830000000000000e+05
6.740990000000000000e+05
6.741170000000000000e+05
6.741230000000000000e+05
6.741310000000000000e+05
6.741590000000000000e+05
6.741610000000000000e+05
6.741730000000000000e+05
6.741830000000000000e+05
6.741890000000000000e+05
6.742270000000000000e+05
6.742310000000000000e+05
6.742390000000000000e+05
6.742490000000000000e+05
6.742630000000000000e+05
6.742690000000000000e+05
6.742730000000000000e+05
6.742990000000000000e+05
6.743210000000000000e+05
6.743470000000000000e+05
6.743570000000000000e+05
6.743630000000000000e+05
6.743710000000000000e+05
6.743930000000000000e+05
6.744190000000000000e+05
6.744310000000000000e+05
6.744490000000000000e+05
6.744610000000000000e+05
6.744830000000000000e+05
6.745010000000000000e+05
6.745330000000000000e+05
6.745370000000000000e+05
6.745510000000000000e+05
6.745630000000000000e+05
6.746030000000000000e+05
6.746470000000000000e+05
6.746690000000000000e+05
6.746770000000000000e+05
6.746830000000000000e+05
6.746930000000000000e+05
6.746990000000000000e+05
6.747010000000000000e+05
6.747110000000000000e+05
6.747170000000000000e+05
6.747190000000000000e+05
6.747310000000000000e+05
6.747410000000000000e+05
6.747490000000000000e+05
6.747590000000000000e+05
6.747610000000000000e+05
6.747670000000000000e+05
6.747710000000000000e+05
6.747890000000000000e+05
6.748130000000000000e+05
6.748270000000000000e+05
6.748310000000000000e+05
6.748330000000000000e+05
6.748370000000000000e+05
6.748510000000000000e+05
6.748570000000000000e+05
6.748670000000000000e+05
6.748790000000000000e+05
6.749030000000000000e+05
6.749290000000000000e+05
6.749410000000000000e+05
6.749530000000000000e+05
6.749570000000000000e+05
6.749770000000000000e+05
6.749870000000000000e+05
6.750290000000000000e+05
6.750670000000000000e+05
6.750710000000000000e+05
6.750790000000000000e+05
6.750830000000000000e+05
6.750970000000000000e+05
6.751090000000000000e+05
6.751130000000000000e+05
6.751310000000000000e+05
6.751330000000000000e+05
6.751510000000000000e+05
6.751610000000000000e+05
6.751630000000000000e+05
6.751730000000000000e+05
