6.751790000000000000e+05
6.751870000000000000e+05
6.751970000000000000e+05
6.752210000000000000e+05
6.752390000000000000e+05
6.752470000000000000e+05
6.752510000000000000e+05
6.752530000000000000e+05
6.752630000000000000e+05
6.752710000000000000e+05
6.752990000000000000e+05
6.753130000000000000e+05
6.753190000000000000e+05
6.753410000000000000e+05
6.753470000000000000e+05
6.753910000000000000e+05
6.754070000000000000e+05
6.754130000000000000e+05
6.754190000000000000e+05
6.754490000000000000e+05
6.754570000000000000e+05
6.754630000000000000e+05
6.754810000000000000e+05
6.755110000000000000e+05
6.755390000000000000e+05
6.755410000000000000e+05
6.755510000000000000e+05
6.755530000000000000e+05
6.755590000000000000e+05
6.755690000000000000e+05
6.755810000000000000e+05
6.755930000000000000e+05
6.756010000000000000e+05
6.756070000000000000e+05
6.756110000000000000e+05
6.756170000000000000e+05
6.756290000000000000e+05
6.756430000000000000e+05
6.757130000000000000e+05
6.757390000000000000e+05
6.757430000000000000e+05
6.757510000000000000e+05
6.757810000000000000e+05
6.757970000000000000e+05
6.758170000000000000e+05
6.758230000000000000e+05
6.758270000000000000e+05
6.758390000000000000e+05
6.758410000000000000e+05
6.758590000000000000e+05
6.758630000000000000e+05
6.758770000000000000e+05
6.758810000000000000e+05
6.758890000000000000e+05
6.759230000000000000e+05
6.759290000000000000e+05
6.759310000000000000e+05
6.759590000000000000e+05
6.759730000000000000e+05
6.759770000000000000e+05
6.759790000000000000e+05
6.760070000000000000e+05
6.760090000000000000e+05
6.760310000000000000e+05
6.760370000000000000e+05
6.760430000000000000e+05
6.760510000000000000e+05
6.760570000000000000e+05
6.760610000000000000e+05
6.760690000000000000e+05
6.760990000000000000e+05
6.761030000000000000e+05
6.761110000000000000e+05
6.761290000000000000e+05
6.761470000000000000e+05
6.761710000000000000e+05
6.762110000000000000e+05
6.762170000000000000e+05
6.762190000000000000e+05
6.762410000000000000e+05
6.762530000000000000e+05
6.762590000000000000e+05
6.762790000000000000e+05
6.762890000000000000e+05
6.762970000000000000e+05
6.763370000000000000e+05
6.763390000000000000e+05
6.763490000000000000e+05
6.763630000000000000e+05
6.763730000000000000e+05
6.763870000000000000e+05
6.763910000000000000e+05
6.764090000000000000e+05
6.764110000000000000e+05
6.764210000000000000e+05
6.764270000000000000e+05
6.764630000000000000e+05
6.764690000000000000e+05
6.764930000000000000e+05
6.765230000000000000e+05
