6.780470000000000000e+05
6.780610000000000000e+05
6.780770000000000000e+05
6.781010000000000000e+05
6.781030000000000000e+05
6.781330000000000000e+05
6.781570000000000000e+05
6.781690000000000000e+05
6.781790000000000000e+05
6.781910000000000000e+05
6.781990000000000000e+05
6.782030000000000000e+05
6.782110000000000000e+05
6.782170000000000000e+05
6.782210000000000000e+05
6.782290000000000000e+05
6.782530000000000000e+05
6.782890000000000000e+05
6.782990000000000000e+05
6.783290000000000000e+05
6.783410000000000000e+05
6.783430000000000000e+05
6.783670000000000000e+05
6.783710000000000000e+05
6.783830000000000000e+05
6.784010000000000000e+05
6.784070000000000000e+05
6.784090000000000000e+05
6.784130000000000000e+05
6.784210000000000000e+05
6.784370000000000000e+05
6.784510000000000000e+05
6.784630000000000000e+05
6.784790000000000000e+05
6.784810000000000000e+05
6.784930000000000000e+05
6.784990000000000000e+05
6.785330000000000000e+05
6.785410000000000000e+05
6.785530000000000000e+05
6.785630000000000000e+05
6.785770000000000000e+05
6.785810000000000000e+05
6.785930000000000000e+05
6.785990000000000000e+05
6.786070000000000000e+05
6.786110000000000000e+05
6.786310000000000000e+05
6.786370000000000000e+05
6.786410000000000000e+05
6.786470000000000000e+05
6.786490000000000000e+05
6.786530000000000000e+05
6.786590000000000000e+05
6.787190000000000000e+05
6.787210000000000000e+05
6.787310000000000000e+05
6.787390000000000000e+05
6.787490000000000000e+05
6.787570000000000000e+05
6.787610000000000000e+05
6.787630000000000000e+05
6.787670000000000000e+05
6.787730000000000000e+05
6.787790000000000000e+05
6.788090000000000000e+05
6.788230000000000000e+05
6.788290000000000000e+05
6.788330000000000000e+05
6.788590000000000000e+05
6.788710000000000000e+05
6.788830000000000000e+05
6.789010000000000000e+05
6.789070000000000000e+05
6.789410000000000000e+05
6.789430000000000000e+05
6.789490000000000000e+05
6.789590000000000000e+05
6.789710000000000000e+05
6.789890000000000000e+05
6.790330000000000000e+05
6.790370000000000000e+05
6.790390000000000000e+05
6.790510000000000000e+05
6.790670000000000000e+05
6.790870000000000000e+05
6.791110000000000000e+05
6.791230000000000000e+05
6.791270000000000000e+05
6.791530000000000000e+05
6.791570000000000000e+05
6.791690000000000000e+05
6.791710000000000000e+05
6.791830000000000000e+05
6.792070000000000000e+05
6.792190000000000000e+05
6.792230000000000000e+05
6.792290000000000000e+05
6.792490000000000000e+05
6.792770000000000000e+05
