6.818090000000000000e+05
6.818230000000000000e+05
6.818330000000000000e+05
6.818390000000000000e+05
6.818410000000000000e+05
6.818830000000000000e+05
6.818990000000000000e+05
6.819130000000000000e+05
6.819310000000000000e+05
6.819430000000000000e+05
6.819490000000000000e+05
6.819710000000000000e+05
6.819770000000000000e+05
6.819790000000000000e+05
6.819830000000000000e+05
6.819970000000000000e+05
6.820010000000000000e+05
6.820090000000000000e+05
6.820370000000000000e+05
6.820490000000000000e+05
6.820630000000000000e+05
6.820690000000000000e+05
6.820790000000000000e+05
6.821410000000000000e+05
6.821470000000000000e+05
6.821510000000000000e+05
6.821530000000000000e+05
6.821830000000000000e+05
6.822070000000000000e+05
6.822190000000000000e+05
6.822290000000000000e+05
6.822370000000000000e+05
6.822470000000000000e+05
6.822590000000000000e+05
6.822770000000000000e+05
6.822890000000000000e+05
6.822910000000000000e+05
6.823030000000000000e+05
6.823070000000000000e+05
6.823210000000000000e+05
6.823270000000000000e+05
6.823330000000000000e+05
6.823370000000000000e+05
6.823610000000000000e+05
6.823730000000000000e+05
6.824110000000000000e+05
6.824170000000000000e+05
6.824210000000000000e+05
6.824270000000000000e+05
6.824390000000000000e+05
6.824470000000000000e+05
6.824630000000000000e+05
6.824710000000000000e+05
6.824830000000000000e+05
6.824890000000000000e+05
6.825110000000000000e+05
6.825190000000000000e+05
6.825310000000000000e+05
6.825470000000000000e+05
6.825970000000000000e+05
6.826070000000000000e+05
6.826370000000000000e+05
6.826570000000000000e+05
6.826730000000000000e+05
6.826790000000000000e+05
6.826970000000000000e+05
6.826990000000000000e+05
6.827230000000000000e+05
6.827290000000000000e+05
6.827330000000000000e+05
6.827390000000000000e+05
6.827510000000000000e+05
6.827630000000000000e+05
6.827770000000000000e+05
6.827890000000000000e+05
6.828110000000000000e+05
6.828190000000000000e+05
6.829010000000000000e+05
6.829330000000000000e+05
6.829430000000000000e+05
6.829510000000000000e+05
6.829670000000000000e+05
6.830030000000000000e+05
6.830210000000000000e+05
6.830410000000000000e+05
6.830470000000000000e+05
6.830710000000000000e+05
6.830830000000000000e+05
6.830870000000000000e+05
6.831190000000000000e+05
6.831290000000000000e+05
6.831430000000000000e+05
6.831490000000000000e+05
6.831590000000000000e+05
6.832010000000000000e+05
6.832310000000000000e+05
6.832510000000000000e+05
6.832570000000000000e+05
6.832730000000000000e+05
6.832990000000000000e+05
