6.833030000000000000e+05
6.833170000000000000e+05
6.833230000000000000e+05
6.833410000000000000e+05
6.833510000000000000e+05
6.833570000000000000e+05
6.833770000000000000e+05
6.833810000000000000e+05
6.834010000000000000e+05
6.834070000000000000e+05
6.834370000000000000e+05
6.834470000000000000e+05
6.834530000000000000e+05
6.834610000000000000e+05
6.834710000000000000e+05
6.834770000000000000e+05
6.834790000000000000e+05
6.834830000000000000e+05
6.834890000000000000e+05
6.835030000000000000e+05
6.835130000000000000e+05
6.835670000000000000e+05
6.835910000000000000e+05
6.835970000000000000e+05
6.836030000000000000e+05
6.836510000000000000e+05
6.836530000000000000e+05
6.836810000000000000e+05
6.836870000000000000e+05
6.836930000000000000e+05
6.836990000000000000e+05
6.837010000000000000e+05
6.837130000000000000e+05
6.837190000000000000e+05
6.837310000000000000e+05
6.837370000000000000e+05
6.837470000000000000e+05
6.837590000000000000e+05
6.837770000000000000e+05
6.837830000000000000e+05
6.837890000000000000e+05
6.838070000000000000e+05
6.838190000000000000e+05
6.838210000000000000e+05
6.838310000000000000e+05
6.838330000000000000e+05
6.838430000000000000e+05
6.838570000000000000e+05
6.838610000000000000e+05
6.838630000000000000e+05
6.838730000000000000e+05
6.838870000000000000e+05
6.838990000000000000e+05
6.839090000000000000e+05
6.839110000000000000e+05
6.839230000000000000e+05
6.839330000000000000e+05
6.839390000000000000e+05
6.839570000000000000e+05
6.839830000000000000e+05
6.840070000000000000e+05
6.840170000000000000e+05
6.840370000000000000e+05
6.840530000000000000e+05
6.840910000000000000e+05
6.841090000000000000e+05
6.841130000000000000e+05
6.841190000000000000e+05
6.841210000000000000e+05
6.841270000000000000e+05
6.841570000000000000e+05
6.841630000000000000e+05
6.841910000000000000e+05
6.842170000000000000e+05
6.842210000000000000e+05
6.842390000000000000e+05
6.842690000000000000e+05
6.842870000000000000e+05
6.842890000000000000e+05
6.842930000000000000e+05
6.843110000000000000e+05
6.843290000000000000e+05
6.843370000000000000e+05
6.843470000000000000e+05
6.843490000000000000e+05
6.843730000000000000e+05
6.843790000000000000e+05
6.844070000000000000e+05
6.844190000000000000e+05
6.844270000000000000e+05
6.844330000000000000e+05
6.844430000000000000e+05
6.844510000000000000e+05
6.844690000000000000e+05
6.844730000000000000e+05
6.844930000000000000e+05
6.845270000000000000e+05
6.845470000000000000e+05
6.845570000000000000e+05
6.845590000000000000e+05
