6.845690000000000000e+05
6.845810000000000000e+05
6.845870000000000000e+05
6.845990000000000000e+05
6.846170000000000000e+05
6.846370000000000000e+05
6.846430000000000000e+05
6.846470000000000000e+05
6.846830000000000000e+05
6.847130000000000000e+05
6.847270000000000000e+05
6.847310000000000000e+05
6.847510000000000000e+05
6.847570000000000000e+05
6.847670000000000000e+05
6.847690000000000000e+05
6.847730000000000000e+05
6.847910000000000000e+05
6.847930000000000000e+05
6.847990000000000000e+05
6.848090000000000000e+05
6.848290000000000000e+05
6.848410000000000000e+05
6.848570000000000000e+05
6.848690000000000000e+05
6.848890000000000000e+05
6.849230000000000000e+05
6.849490000000000000e+05
6.849610000000000000e+05
6.849730000000000000e+05
6.849770000000000000e+05
6.849890000000000000e+05
6.850010000000000000e+05
6.850190000000000000e+05
6.850310000000000000e+05
6.850390000000000000e+05
6.850510000000000000e+05
6.850570000000000000e+05
6.850630000000000000e+05
6.850730000000000000e+05
6.850810000000000000e+05
6.850930000000000000e+05
6.850990000000000000e+05
6.851030000000000000e+05
6.851090000000000000e+05
6.851230000000000000e+05
6.851410000000000000e+05
6.851690000000000000e+05
6.851770000000000000e+05
6.851990000000000000e+05
6.852310000000000000e+05
6.852470000000000000e+05
6.852490000000000000e+05
6.852710000000000000e+05
6.852970000000000000e+05
6.853010000000000000e+05
6.853190000000000000e+05
6.853370000000000000e+05
6.853390000000000000e+05
6.853610000000000000e+05
6.853670000000000000e+05
6.853690000000000000e+05
6.853810000000000000e+05
6.853930000000000000e+05
6.854170000000000000e+05
6.854270000000000000e+05
6.854290000000000000e+05
6.854530000000000000e+05
6.854590000000000000e+05
6.854710000000000000e+05
6.854930000000000000e+05
6.855110000000000000e+05
6.855130000000000000e+05
6.855190000000000000e+05
6.855370000000000000e+05
6.855410000000000000e+05
6.855470000000000000e+05
6.855910000000000000e+05
6.856090000000000000e+05
6.856130000000000000e+05
6.856210000000000000e+05
6.856310000000000000e+05
6.856370000000000000e+05
6.856490000000000000e+05
6.856690000000000000e+05
6.856790000000000000e+05
6.856970000000000000e+05
6.857170000000000000e+05
6.857230000000000000e+05
6.857330000000000000e+05
6.857390000000000000e+05
6.857470000000000000e+05
6.857530000000000000e+05
6.857590000000000000e+05
6.857810000000000000e+05
6.857930000000000000e+05
6.858190000000000000e+05
6.858490000000000000e+05
6.858590000000000000e+05
6.859070000000000000e+05
