6.859390000000000000e+05
6.859630000000000000e+05
6.859690000000000000e+05
6.859730000000000000e+05
6.859870000000000000e+05
6.859910000000000000e+05
6.860030000000000000e+05
6.860090000000000000e+05
6.860110000000000000e+05
6.860270000000000000e+05
6.860290000000000000e+05
6.860390000000000000e+05
6.860410000000000000e+05
6.860510000000000000e+05
6.860570000000000000e+05
6.860870000000000000e+05
6.860890000000000000e+05
6.860990000000000000e+05
6.861170000000000000e+05
6.861310000000000000e+05
6.861410000000000000e+05
6.861430000000000000e+05
6.861490000000000000e+05
6.861730000000000000e+05
6.861770000000000000e+05
6.861970000000000000e+05
6.862010000000000000e+05
6.862090000000000000e+05
6.862670000000000000e+05
6.862690000000000000e+05
6.862930000000000000e+05
6.863170000000000000e+05
6.863210000000000000e+05
6.863330000000000000e+05
6.863390000000000000e+05
6.863530000000000000e+05
6.863590000000000000e+05
6.863630000000000000e+05
6.864170000000000000e+05
6.864230000000000000e+05
6.864370000000000000e+05
6.864490000000000000e+05
6.864530000000000000e+05
6.864730000000000000e+05
6.864790000000000000e+05
6.865030000000000000e+05
6.865130000000000000e+05
6.865190000000000000e+05
6.865510000000000000e+05
6.865630000000000000e+05
6.865930000000000000e+05
6.866110000000000000e+05
6.866390000000000000e+05
6.866690000000000000e+05
6.866710000000000000e+05
6.866870000000000000e+05
6.867230000000000000e+05
6.867290000000000000e+05
6.867310000000000000e+05
6.867370000000000000e+05
6.867610000000000000e+05
6.867730000000000000e+05
6.867890000000000000e+05
6.867970000000000000e+05
6.868010000000000000e+05
6.868370000000000000e+05
6.868430000000000000e+05
6.868630000000000000e+05
6.868790000000000000e+05
6.868910000000000000e+05
6.868930000000000000e+05
6.868970000000000000e+05
6.869110000000000000e+05
6.869470000000000000e+05
6.869630000000000000e+05
6.869690000000000000e+05
6.869710000000000000e+05
6.869770000000000000e+05
6.869890000000000000e+05
6.869930000000000000e+05
6.870070000000000000e+05
6.870130000000000000e+05
6.870170000000000000e+05
6.870190000000000000e+05
6.870230000000000000e+05
6.870310000000000000e+05
6.870410000000000000e+05
6.870610000000000000e+05
6.870730000000000000e+05
6.870830000000000000e+05
6.871010000000000000e+05
6.871070000000000000e+05
6.871090000000000000e+05
6.871210000000000000e+05
6.871310000000000000e+05
6.871390000000000000e+05
6.871510000000000000e+05
6.871610000000000000e+05
6.871630000000000000e+05
6.871790000000000000e+05
