6.898690000000000000e+05
6.898730000000000000e+05
6.898790000000000000e+05
6.898910000000000000e+05
6.898930000000000000e+05
6.899030000000000000e+05
6.899170000000000000e+05
6.899210000000000000e+05
6.899290000000000000e+05
6.899510000000000000e+05
6.899570000000000000e+05
6.899590000000000000e+05
6.899630000000000000e+05
6.899810000000000000e+05
6.899870000000000000e+05
6.900370000000000000e+05
6.900590000000000000e+05
6.900730000000000000e+05
6.900890000000000000e+05
6.901030000000000000e+05
6.901190000000000000e+05
6.901270000000000000e+05
6.901390000000000000e+05
6.901430000000000000e+05
6.901630000000000000e+05
6.901870000000000000e+05
6.902330000000000000e+05
6.902590000000000000e+05
6.902690000000000000e+05
6.902710000000000000e+05
6.902810000000000000e+05
6.902930000000000000e+05
6.903230000000000000e+05
6.903410000000000000e+05
6.903670000000000000e+05
6.903770000000000000e+05
6.903970000000000000e+05
6.904070000000000000e+05
6.904190000000000000e+05
6.904270000000000000e+05
6.904330000000000000e+05
6.904390000000000000e+05
6.904490000000000000e+05
6.904670000000000000e+05
6.904910000000000000e+05
6.904930000000000000e+05
6.905090000000000000e+05
6.905110000000000000e+05
6.905330000000000000e+05
6.905410000000000000e+05
6.905530000000000000e+05
6.905830000000000000e+05
6.905890000000000000e+05
6.906070000000000000e+05
6.906110000000000000e+05
6.906290000000000000e+05
6.906610000000000000e+05
6.906730000000000000e+05
6.906890000000000000e+05
6.907190000000000000e+05
6.907210000000000000e+05
6.907570000000000000e+05
6.907870000000000000e+05
6.907930000000000000e+05
6.908170000000000000e+05
6.908390000000000000e+05
6.908410000000000000e+05
6.908690000000000000e+05
6.908710000000000000e+05
6.908870000000000000e+05
6.908890000000000000e+05
6.909190000000000000e+05
6.909290000000000000e+05
6.909530000000000000e+05
6.909970000000000000e+05
6.910010000000000000e+05
6.910370000000000000e+05
6.910510000000000000e+05
6.910630000000000000e+05
6.910790000000000000e+05
6.911090000000000000e+05
6.911110000000000000e+05
6.911210000000000000e+05
6.911290000000000000e+05
6.911470000000000000e+05
6.911510000000000000e+05
6.911530000000000000e+05
6.911810000000000000e+05
6.911830000000000000e+05
6.911890000000000000e+05
6.911930000000000000e+05
6.911990000000000000e+05
6.912310000000000000e+05
6.912410000000000000e+05
6.912670000000000000e+05
6.912890000000000000e+05
6.912970000000000000e+05
6.913090000000000000e+05
6.913330000000000000e+05
6.913370000000000000e+05
