6.913430000000000000e+05
6.913490000000000000e+05
6.913630000000000000e+05
6.913810000000000000e+05
6.913990000000000000e+05
6.914090000000000000e+05
6.914330000000000000e+05
6.914510000000000000e+05
6.914630000000000000e+05
6.914890000000000000e+05
6.914990000000000000e+05
6.915310000000000000e+05
6.915530000000000000e+05
6.915730000000000000e+05
6.915830000000000000e+05
6.915890000000000000e+05
6.915910000000000000e+05
6.916310000000000000e+05
6.916370000000000000e+05
6.916510000000000000e+05
6.916610000000000000e+05
6.916810000000000000e+05
6.916870000000000000e+05
6.916930000000000000e+05
6.916970000000000000e+05
6.917090000000000000e+05
6.917210000000000000e+05
6.917230000000000000e+05
6.917270000000000000e+05
6.917290000000000000e+05
6.917390000000000000e+05
6.917590000000000000e+05
6.917630000000000000e+05
6.917870000000000000e+05
6.917990000000000000e+05
6.918130000000000000e+05
6.918290000000000000e+05
6.918370000000000000e+05
6.918410000000000000e+05
6.918430000000000000e+05
6.918710000000000000e+05
6.918770000000000000e+05
6.918910000000000000e+05
6.918970000000000000e+05
6.919030000000000000e+05
6.919070000000000000e+05
6.919190000000000000e+05
6.919210000000000000e+05
6.919310000000000000e+05
6.919490000000000000e+05
6.919730000000000000e+05
6.919790000000000000e+05
6.919910000000000000e+05
6.919970000000000000e+05
6.920090000000000000e+05
6.920170000000000000e+05
6.920510000000000000e+05
6.920590000000000000e+05
6.920630000000000000e+05
6.920710000000000000e+05
6.920890000000000000e+05
6.920990000000000000e+05
6.921170000000000000e+05
6.921410000000000000e+05
6.921470000000000000e+05
6.921490000000000000e+05
6.921610000000000000e+05
6.921910000000000000e+05
6.922210000000000000e+05
6.922390000000000000e+05
6.922490000000000000e+05
6.922690000000000000e+05
6.922730000000000000e+05
6.922810000000000000e+05
6.922870000000000000e+05
6.922970000000000000e+05
6.922990000000000000e+05
6.923090000000000000e+05
6.923270000000000000e+05
6.923330000000000000e+05
6.923470000000000000e+05
6.923530000000000000e+05
6.923710000000000000e+05
6.923870000000000000e+05
6.923890000000000000e+05
6.923990000000000000e+05
6.924010000000000000e+05
6.924070000000000000e+05
6.924130000000000000e+05
6.924230000000000000e+05
6.924310000000000000e+05
6.924410000000000000e+05
6.924530000000000000e+05
6.924590000000000000e+05
6.924670000000000000e+05
6.925130000000000000e+05
6.925210000000000000e+05
6.925370000000000000e+05
6.925390000000000000e+05
6.925430000000000000e+05
