6.925670000000000000e+05
6.925810000000000000e+05
6.925910000000000000e+05
6.926210000000000000e+05
6.926410000000000000e+05
6.926470000000000000e+05
6.926510000000000000e+05
6.926630000000000000e+05
6.926890000000000000e+05
6.927070000000000000e+05
6.927110000000000000e+05
6.927170000000000000e+05
6.927290000000000000e+05
6.927430000000000000e+05
6.927530000000000000e+05
6.927610000000000000e+05
6.927710000000000000e+05
6.927790000000000000e+05
6.927890000000000000e+05
6.928210000000000000e+05
6.928510000000000000e+05
6.928630000000000000e+05
6.928930000000000000e+05
6.929170000000000000e+05
6.929270000000000000e+05
6.929290000000000000e+05
6.929330000000000000e+05
6.929570000000000000e+05
6.929630000000000000e+05
6.929690000000000000e+05
6.929830000000000000e+05
6.930190000000000000e+05
6.930370000000000000e+05
6.930410000000000000e+05
6.930610000000000000e+05
6.930790000000000000e+05
6.930890000000000000e+05
6.930970000000000000e+05
6.931030000000000000e+05
6.931270000000000000e+05
6.931370000000000000e+05
6.931490000000000000e+05
6.931570000000000000e+05
6.931670000000000000e+05
6.931690000000000000e+05
6.931790000000000000e+05
6.932230000000000000e+05
6.932570000000000000e+05
6.932830000000000000e+05
6.933170000000000000e+05
6.933230000000000000e+05
6.933370000000000000e+05
6.933530000000000000e+05
6.933590000000000000e+05
6.933730000000000000e+05
6.933970000000000000e+05
6.934010000000000000e+05
6.934030000000000000e+05
6.934090000000000000e+05
6.934210000000000000e+05
6.934310000000000000e+05
6.934370000000000000e+05
6.934870000000000000e+05
6.934930000000000000e+05
6.935030000000000000e+05
6.935230000000000000e+05
6.935270000000000000e+05
6.935290000000000000e+05
6.935330000000000000e+05
6.935690000000000000e+05
6.935710000000000000e+05
6.936010000000000000e+05
6.936070000000000000e+05
6.936190000000000000e+05
6.936290000000000000e+05
6.936590000000000000e+05
6.936610000000000000e+05
6.936770000000000000e+05
6.936830000000000000e+05
6.936890000000000000e+05
6.936910000000000000e+05
6.936970000000000000e+05
6.937010000000000000e+05
6.937270000000000000e+05
6.937310000000000000e+05
6.937330000000000000e+05
6.937390000000000000e+05
6.937430000000000000e+05
6.937570000000000000e+05
6.937790000000000000e+05
6.937930000000000000e+05
6.937990000000000000e+05
6.938090000000000000e+05
6.938270000000000000e+05
6.938290000000000000e+05
6.938510000000000000e+05
6.938590000000000000e+05
6.938710000000000000e+05
6.938770000000000000e+05
6.938810000000000000e+05
