6.939430000000000000e+05
6.939610000000000000e+05
6.939670000000000000e+05
6.939890000000000000e+05
6.940190000000000000e+05
6.940330000000000000e+05
6.940390000000000000e+05
6.940610000000000000e+05
6.940690000000000000e+05
6.940790000000000000e+05
6.940810000000000000e+05
6.940870000000000000e+05
6.940910000000000000e+05
6.941230000000000000e+05
6.941890000000000000e+05
6.941930000000000000e+05
6.942010000000000000e+05
6.942070000000000000e+05
6.942230000000000000e+05
6.942590000000000000e+05
6.942610000000000000e+05
6.942710000000000000e+05
6.942730000000000000e+05
6.942770000000000000e+05
6.943130000000000000e+05
6.943190000000000000e+05
6.943270000000000000e+05
6.943330000000000000e+05
6.943390000000000000e+05
6.943490000000000000e+05
6.943570000000000000e+05
6.943610000000000000e+05
6.943670000000000000e+05
6.943730000000000000e+05
6.943810000000000000e+05
6.943870000000000000e+05
6.943910000000000000e+05
6.944090000000000000e+05
6.944270000000000000e+05
6.944570000000000000e+05
6.944710000000000000e+05
6.944810000000000000e+05
6.944830000000000000e+05
6.944870000000000000e+05
6.945110000000000000e+05
6.945130000000000000e+05
6.945230000000000000e+05
6.945410000000000000e+05
6.945490000000000000e+05
6.945590000000000000e+05
6.945670000000000000e+05
6.945710000000000000e+05
6.945910000000000000e+05
6.945970000000000000e+05
6.946090000000000000e+05
6.946190000000000000e+05
6.946330000000000000e+05
6.946490000000000000e+05
6.946510000000000000e+05
6.947170000000000000e+05
6.947210000000000000e+05
6.947470000000000000e+05
6.947630000000000000e+05
6.947810000000000000e+05
6.947830000000000000e+05
6.947890000000000000e+05
6.948290000000000000e+05
6.948310000000000000e+05
6.948670000000000000e+05
6.948710000000000000e+05
6.948730000000000000e+05
6.948790000000000000e+05
6.949010000000000000e+05
6.949190000000000000e+05
6.949510000000000000e+05
6.949570000000000000e+05
6.949790000000000000e+05
6.949870000000000000e+05
6.949970000000000000e+05
6.949990000000000000e+05
6.950030000000000000e+05
6.950170000000000000e+05
6.950210000000000000e+05
6.950470000000000000e+05
6.950590000000000000e+05
6.950690000000000000e+05
6.950810000000000000e+05
6.950870000000000000e+05
6.950890000000000000e+05
6.950990000000000000e+05
6.951110000000000000e+05
6.951170000000000000e+05
6.951310000000000000e+05
6.951410000000000000e+05
6.951710000000000000e+05
6.952070000000000000e+05
6.952390000000000000e+05
6.952430000000000000e+05
6.952570000000000000e+05
6.952630000000000000e+05
