6.952690000000000000e+05
6.952810000000000000e+05
6.952930000000000000e+05
6.952970000000000000e+05
6.953090000000000000e+05
6.953230000000000000e+05
6.953270000000000000e+05
6.953290000000000000e+05
6.953470000000000000e+05
6.953690000000000000e+05
6.953710000000000000e+05
6.953770000000000000e+05
6.953890000000000000e+05
6.954070000000000000e+05
6.954110000000000000e+05
6.954410000000000000e+05
6.954470000000000000e+05
6.954670000000000000e+05
6.954770000000000000e+05
6.954910000000000000e+05
6.955030000000000000e+05
6.955090000000000000e+05
6.955610000000000000e+05
6.955670000000000000e+05
6.955730000000000000e+05
6.955810000000000000e+05
6.955930000000000000e+05
6.955990000000000000e+05
6.956030000000000000e+05
6.956210000000000000e+05
6.956270000000000000e+05
6.956410000000000000e+05
6.956590000000000000e+05
6.956630000000000000e+05
6.956770000000000000e+05
6.956870000000000000e+05
6.956890000000000000e+05
6.957010000000000000e+05
6.957190000000000000e+05
6.957430000000000000e+05
6.957490000000000000e+05
6.957710000000000000e+05
6.957770000000000000e+05
6.957910000000000000e+05
6.958010000000000000e+05
6.958090000000000000e+05
6.958390000000000000e+05
6.958430000000000000e+05
6.958670000000000000e+05
6.958730000000000000e+05
6.958790000000000000e+05
6.958810000000000000e+05
6.958990000000000000e+05
6.959170000000000000e+05
6.959270000000000000e+05
6.959390000000000000e+05
6.959990000000000000e+05
6.960190000000000000e+05
6.960530000000000000e+05
6.960610000000000000e+05
6.960670000000000000e+05
6.960770000000000000e+05
6.960790000000000000e+05
6.960830000000000000e+05
6.961070000000000000e+05
6.961090000000000000e+05
6.961190000000000000e+05
6.961490000000000000e+05
6.961810000000000000e+05
6.962390000000000000e+05
6.962530000000000000e+05
6.962570000000000000e+05
6.962630000000000000e+05
6.962710000000000000e+05
6.962810000000000000e+05
6.963130000000000000e+05
6.963170000000000000e+05
6.963230000000000000e+05
6.963430000000000000e+05
6.963490000000000000e+05
6.963590000000000000e+05
6.963610000000000000e+05
6.963730000000000000e+05
6.963790000000000000e+05
6.964030000000000000e+05
6.964130000000000000e+05
6.964270000000000000e+05
6.964330000000000000e+05
6.964570000000000000e+05
6.964810000000000000e+05
6.964910000000000000e+05
6.964970000000000000e+05
6.965030000000000000e+05
6.965170000000000000e+05
6.965230000000000000e+05
6.965330000000000000e+05
6.965470000000000000e+05
6.965690000000000000e+05
6.966070000000000000e+05
6.966110000000000000e+05
