6.979090000000000000e+05
6.979130000000000000e+05
6.979370000000000000e+05
6.979510000000000000e+05
6.979670000000000000e+05
6.979730000000000000e+05
6.979790000000000000e+05
6.979930000000000000e+05
6.979990000000000000e+05
6.980170000000000000e+05
6.980210000000000000e+05
6.980390000000000000e+05
6.980510000000000000e+05
6.980530000000000000e+05
6.980770000000000000e+05
6.980830000000000000e+05
6.981110000000000000e+05
6.981710000000000000e+05
6.981830000000000000e+05
6.982390000000000000e+05
6.982490000000000000e+05
6.982510000000000000e+05
6.982610000000000000e+05
6.982630000000000000e+05
6.982730000000000000e+05
6.982870000000000000e+05
6.982930000000000000e+05
6.982970000000000000e+05
6.983110000000000000e+05
6.983290000000000000e+05
6.983390000000000000e+05
6.983590000000000000e+05
6.983710000000000000e+05
6.983870000000000000e+05
6.983930000000000000e+05
6.984130000000000000e+05
6.984170000000000000e+05
6.984190000000000000e+05
6.984370000000000000e+05
6.984470000000000000e+05
6.984710000000000000e+05
6.984830000000000000e+05
6.984910000000000000e+05
6.985070000000000000e+05
6.985210000000000000e+05
6.985270000000000000e+05
6.985310000000000000e+05
6.985390000000000000e+05
6.985430000000000000e+05
6.985570000000000000e+05
6.985670000000000000e+05
6.985910000000000000e+05
6.986410000000000000e+05
6.986530000000000000e+05
6.986690000000000000e+05
6.987010000000000000e+05
6.987130000000000000e+05
6.987230000000000000e+05
6.987290000000000000e+05
6.987730000000000000e+05
6.987790000000000000e+05
6.988210000000000000e+05
6.988270000000000000e+05
6.988490000000000000e+05
6.988910000000000000e+05
6.988990000000000000e+05
6.989030000000000000e+05
6.989230000000000000e+05
6.989390000000000000e+05
6.989770000000000000e+05
6.989830000000000000e+05
6.990010000000000000e+05
6.990070000000000000e+05
6.990370000000000000e+05
6.990530000000000000e+05
6.990590000000000000e+05
6.990730000000000000e+05
6.990770000000000000e+05
6.990890000000000000e+05
6.991130000000000000e+05
6.991190000000000000e+05
6.991330000000000000e+05
6.991510000000000000e+05
6.991570000000000000e+05
6.991690000000000000e+05
6.991870000000000000e+05
6.991910000000000000e+05
6.991970000000000000e+05
6.992110000000000000e+05
6.992170000000000000e+05
6.992210000000000000e+05
6.992410000000000000e+05
6.992530000000000000e+05
6.992710000000000000e+05
6.992870000000000000e+05
6.992890000000000000e+05
6.992990000000000000e+05
6.993190000000000000e+05
6.993230000000000000e+05
6.993430000000000000e+05
