7.021730000000000000e+05
7.021790000000000000e+05
7.021930000000000000e+05
7.021990000000000000e+05
7.022030000000000000e+05
7.022110000000000000e+05
7.022390000000000000e+05
7.022570000000000000e+05
7.022690000000000000e+05
7.022810000000000000e+05
7.022830000000000000e+05
7.023110000000000000e+05
7.023130000000000000e+05
7.023230000000000000e+05
7.023290000000000000e+05
7.023370000000000000e+05
7.023410000000000000e+05
7.023470000000000000e+05
7.023490000000000000e+05
7.023530000000000000e+05
7.023790000000000000e+05
7.023910000000000000e+05
7.024070000000000000e+05
7.024130000000000000e+05
7.024310000000000000e+05
7.024330000000000000e+05
7.024390000000000000e+05
7.024510000000000000e+05
7.024690000000000000e+05
7.024970000000000000e+05
7.025030000000000000e+05
7.025110000000000000e+05
7.025170000000000000e+05
7.025230000000000000e+05
7.025290000000000000e+05
7.025390000000000000e+05
7.025510000000000000e+05
7.025570000000000000e+05
7.025870000000000000e+05
7.025890000000000000e+05
7.025990000000000000e+05
7.026070000000000000e+05
7.026130000000000000e+05
7.026230000000000000e+05
7.026710000000000000e+05
7.026790000000000000e+05
7.026830000000000000e+05
7.027010000000000000e+05
7.027070000000000000e+05
7.027210000000000000e+05
7.027310000000000000e+05
7.027330000000000000e+05
7.027430000000000000e+05
7.027730000000000000e+05
7.027870000000000000e+05
7.028030000000000000e+05
7.028090000000000000e+05
7.028170000000000000e+05
7.028270000000000000e+05
7.028470000000000000e+05
7.028510000000000000e+05
7.028530000000000000e+05
7.028690000000000000e+05
7.028810000000000000e+05
7.028870000000000000e+05
7.028930000000000000e+05
7.029130000000000000e+05
7.029370000000000000e+05
7.029830000000000000e+05
7.029910000000000000e+05
7.030130000000000000e+05
7.030330000000000000e+05
7.030390000000000000e+05
7.030810000000000000e+05
7.031170000000000000e+05
7.031210000000000000e+05
7.031230000000000000e+05
7.031270000000000000e+05
7.031390000000000000e+05
7.031410000000000000e+05
7.031690000000000000e+05
7.031930000000000000e+05
7.032110000000000000e+05
7.032170000000000000e+05
7.032230000000000000e+05
7.032290000000000000e+05
7.032310000000000000e+05
7.032430000000000000e+05
7.032490000000000000e+05
7.032670000000000000e+05
7.032770000000000000e+05
7.033010000000000000e+05
7.033090000000000000e+05
7.033210000000000000e+05
7.033270000000000000e+05
7.033310000000000000e+05
7.033490000000000000e+05
7.033570000000000000e+05
7.033790000000000000e+05
7.033930000000000000e+05
