7.034110000000000000e+05
7.034410000000000000e+05
7.034470000000000000e+05
7.034590000000000000e+05
7.034630000000000000e+05
7.034710000000000000e+05
7.034890000000000000e+05
7.034990000000000000e+05
7.035310000000000000e+05
7.035370000000000000e+05
7.035590000000000000e+05
7.035610000000000000e+05
7.036310000000000000e+05
7.036430000000000000e+05
7.036570000000000000e+05
7.036630000000000000e+05
7.036730000000000000e+05
7.036790000000000000e+05
7.036910000000000000e+05
7.036990000000000000e+05
7.037090000000000000e+05
7.037110000000000000e+05
7.037210000000000000e+05
7.037330000000000000e+05
7.037530000000000000e+05
7.037630000000000000e+05
7.037890000000000000e+05
7.038190000000000000e+05
7.038370000000000000e+05
7.038490000000000000e+05
7.038610000000000000e+05
7.038730000000000000e+05
7.038830000000000000e+05
7.038970000000000000e+05
7.039030000000000000e+05
7.039070000000000000e+05
7.039430000000000000e+05
7.039490000000000000e+05
7.039570000000000000e+05
7.039810000000000000e+05
7.039910000000000000e+05
7.040030000000000000e+05
7.040090000000000000e+05
7.040170000000000000e+05
7.040230000000000000e+05
7.040270000000000000e+05
7.040290000000000000e+05
7.040590000000000000e+05
7.040690000000000000e+05
7.040870000000000000e+05
7.041010000000000000e+05
7.041110000000000000e+05
7.041170000000000000e+05
7.041310000000000000e+05
7.041410000000000000e+05
7.041530000000000000e+05
7.041610000000000000e+05
7.041770000000000000e+05
7.041830000000000000e+05
7.041890000000000000e+05
7.042130000000000000e+05
7.042190000000000000e+05
7.042330000000000000e+05
7.042430000000000000e+05
7.042510000000000000e+05
7.042690000000000000e+05
7.042790000000000000e+05
7.042810000000000000e+05
7.042870000000000000e+05
7.042990000000000000e+05
7.043030000000000000e+05
7.043090000000000000e+05
7.043210000000000000e+05
7.043570000000000000e+05
7.043930000000000000e+05
7.043990000000000000e+05
7.044190000000000000e+05
7.044410000000000000e+05
7.044470000000000000e+05
7.044490000000000000e+05
7.044530000000000000e+05
7.044610000000000000e+05
7.044770000000000000e+05
7.045070000000000000e+05
7.045210000000000000e+05
7.045270000000000000e+05
7.045490000000000000e+05
7.045510000000000000e+05
7.045670000000000000e+05
7.045690000000000000e+05
7.045790000000000000e+05
7.045810000000000000e+05
7.045930000000000000e+05
7.046030000000000000e+05
7.046170000000000000e+05
7.046470000000000000e+05
7.046570000000000000e+05
7.046630000000000000e+05
7.046810000000000000e+05
7.046870000000000000e+05
