7.047130000000000000e+05
7.047190000000000000e+05
7.047310000000000000e+05
7.047470000000000000e+05
7.047610000000000000e+05
7.047710000000000000e+05
7.047770000000000000e+05
7.047790000000000000e+05
7.047830000000000000e+05
7.047970000000000000e+05
7.048010000000000000e+05
7.048070000000000000e+05
7.048190000000000000e+05
7.048330000000000000e+05
7.048390000000000000e+05
7.048490000000000000e+05
7.048570000000000000e+05
7.048610000000000000e+05
7.048630000000000000e+05
7.048670000000000000e+05
7.048970000000000000e+05
7.049290000000000000e+05
7.049330000000000000e+05
7.049470000000000000e+05
7.049830000000000000e+05
7.049890000000000000e+05
7.049930000000000000e+05
7.049990000000000000e+05
7.050110000000000000e+05
7.050130000000000000e+05
7.050170000000000000e+05
7.050310000000000000e+05
7.050430000000000000e+05
7.050530000000000000e+05
7.050730000000000000e+05
7.050790000000000000e+05
7.050970000000000000e+05
7.051130000000000000e+05
7.051190000000000000e+05
7.051270000000000000e+05
7.051370000000000000e+05
7.051610000000000000e+05
7.051630000000000000e+05
7.051670000000000000e+05
7.051690000000000000e+05
7.051810000000000000e+05
7.051910000000000000e+05
7.051970000000000000e+05
7.052090000000000000e+05
7.052470000000000000e+05
7.052590000000000000e+05
7.052690000000000000e+05
7.052770000000000000e+05
7.052930000000000000e+05
7.053070000000000000e+05
7.053170000000000000e+05
7.053890000000000000e+05
7.054030000000000000e+05
7.054090000000000000e+05
7.054210000000000000e+05
7.054270000000000000e+05
7.054370000000000000e+05
7.054610000000000000e+05
7.054910000000000000e+05
7.054930000000000000e+05
7.054990000000000000e+05
7.055210000000000000e+05
7.055330000000000000e+05
7.055590000000000000e+05
7.056130000000000000e+05
7.056310000000000000e+05
7.056430000000000000e+05
7.056890000000000000e+05
7.057130000000000000e+05
7.057370000000000000e+05
7.057510000000000000e+05
7.057630000000000000e+05
7.057690000000000000e+05
7.057790000000000000e+05
7.057810000000000000e+05
7.057870000000000000e+05
7.058210000000000000e+05
7.058270000000000000e+05
7.058290000000000000e+05
7.058330000000000000e+05
7.058410000000000000e+05
7.058630000000000000e+05
7.058710000000000000e+05
7.058830000000000000e+05
7.058990000000000000e+05
7.059190000000000000e+05
7.059370000000000000e+05
7.059490000000000000e+05
7.059670000000000000e+05
7.059730000000000000e+05
7.059890000000000000e+05
7.060010000000000000e+05
7.060030000000000000e+05
7.060090000000000000e+05
7.060190000000000000e+05
