7.060330000000000000e+05
7.060390000000000000e+05
7.060490000000000000e+05
7.060510000000000000e+05
7.060670000000000000e+05
7.060990000000000000e+05
7.061090000000000000e+05
7.061170000000000000e+05
7.061330000000000000e+05
7.061410000000000000e+05
7.061510000000000000e+05
7.061570000000000000e+05
7.061590000000000000e+05
7.061830000000000000e+05
7.061930000000000000e+05
7.062010000000000000e+05
7.062070000000000000e+05
7.062130000000000000e+05
7.062290000000000000e+05
7.062530000000000000e+05
7.062670000000000000e+05
7.062830000000000000e+05
7.062910000000000000e+05
7.062970000000000000e+05
7.063010000000000000e+05
7.063090000000000000e+05
7.063130000000000000e+05
7.063370000000000000e+05
7.063570000000000000e+05
7.063690000000000000e+05
7.063730000000000000e+05
7.064030000000000000e+05
7.064170000000000000e+05
7.064270000000000000e+05
7.064630000000000000e+05
7.064810000000000000e+05
7.064870000000000000e+05
7.064990000000000000e+05
7.065070000000000000e+05
7.065230000000000000e+05
7.065470000000000000e+05
7.065610000000000000e+05
7.065970000000000000e+05
7.066030000000000000e+05
7.066130000000000000e+05
7.066210000000000000e+05
7.066310000000000000e+05
7.066330000000000000e+05
7.066610000000000000e+05
7.066690000000000000e+05
7.066790000000000000e+05
7.067030000000000000e+05
7.067090000000000000e+05
7.067290000000000000e+05
7.067330000000000000e+05
7.067470000000000000e+05
7.067510000000000000e+05
7.067530000000000000e+05
7.067570000000000000e+05
7.067630000000000000e+05
7.067870000000000000e+05
7.067930000000000000e+05
7.068010000000000000e+05
7.068290000000000000e+05
7.068370000000000000e+05
7.068410000000000000e+05
7.068470000000000000e+05
7.068830000000000000e+05
7.068970000000000000e+05
7.069070000000000000e+05
7.069130000000000000e+05
7.069190000000000000e+05
7.069210000000000000e+05
7.069430000000000000e+05
7.069610000000000000e+05
7.069730000000000000e+05
7.069870000000000000e+05
7.069990000000000000e+05
7.070110000000000000e+05
7.070270000000000000e+05
7.070290000000000000e+05
7.070530000000000000e+05
7.070710000000000000e+05
7.070990000000000000e+05
7.071110000000000000e+05
7.071170000000000000e+05
7.071310000000000000e+05
7.071430000000000000e+05
7.071530000000000000e+05
7.071590000000000000e+05
7.071770000000000000e+05
7.071910000000000000e+05
7.071970000000000000e+05
7.072190000000000000e+05
7.072490000000000000e+05
7.072610000000000000e+05
7.072790000000000000e+05
7.072930000000000000e+05
7.072990000000000000e+05
7.073210000000000000e+05
