7.073410000000000000e+05
7.073590000000000000e+05
7.073830000000000000e+05
7.074070000000000000e+05
7.074290000000000000e+05
7.074310000000000000e+05
7.074370000000000000e+05
7.074590000000000000e+05
7.074670000000000000e+05
7.075010000000000000e+05
7.075270000000000000e+05
7.075430000000000000e+05
7.075610000000000000e+05
7.075630000000000000e+05
7.075730000000000000e+05
7.076270000000000000e+05
7.076330000000000000e+05
7.076470000000000000e+05
7.076530000000000000e+05
7.076690000000000000e+05
7.076710000000000000e+05
7.076770000000000000e+05
7.076830000000000000e+05
7.076890000000000000e+05
7.077110000000000000e+05
7.077170000000000000e+05
7.077230000000000000e+05
7.077470000000000000e+05
7.077530000000000000e+05
7.077670000000000000e+05
7.077890000000000000e+05
7.077970000000000000e+05
7.078010000000000000e+05
7.078130000000000000e+05
7.078270000000000000e+05
7.078310000000000000e+05
7.078490000000000000e+05
7.078570000000000000e+05
7.078690000000000000e+05
7.078730000000000000e+05
7.078870000000000000e+05
7.079110000000000000e+05
7.079230000000000000e+05
7.079290000000000000e+05
7.079330000000000000e+05
7.079390000000000000e+05
7.079510000000000000e+05
7.079530000000000000e+05
7.079570000000000000e+05
7.079690000000000000e+05
7.079810000000000000e+05
7.079830000000000000e+05
7.080070000000000000e+05
7.080110000000000000e+05
7.080170000000000000e+05
7.080230000000000000e+05
7.080310000000000000e+05
7.080410000000000000e+05
7.080470000000000000e+05
7.080490000000000000e+05
7.080530000000000000e+05
7.080610000000000000e+05
7.080910000000000000e+05
7.081090000000000000e+05
7.081190000000000000e+05
7.081310000000000000e+05
7.081370000000000000e+05
7.081390000000000000e+05
7.081610000000000000e+05
7.081630000000000000e+05
7.081790000000000000e+05
7.081990000000000000e+05
7.082210000000000000e+05
7.082230000000000000e+05
7.082290000000000000e+05
7.082510000000000000e+05
7.082690000000000000e+05
7.082830000000000000e+05
7.082870000000000000e+05
7.082930000000000000e+05
7.083110000000000000e+05
7.083290000000000000e+05
7.083430000000000000e+05
7.083470000000000000e+05
7.083530000000000000e+05
7.083590000000000000e+05
7.083610000000000000e+05
7.083710000000000000e+05
7.084030000000000000e+05
7.084370000000000000e+05
7.084570000000000000e+05
7.084730000000000000e+05
7.084790000000000000e+05
7.084810000000000000e+05
7.084930000000000000e+05
7.084970000000000000e+05
7.085170000000000000e+05
7.085270000000000000e+05
7.085590000000000000e+05
7.085630000000000000e+05
