7.099270000000000000e+05
7.099570000000000000e+05
7.099630000000000000e+05
7.099670000000000000e+05
7.099810000000000000e+05
7.099910000000000000e+05
7.100090000000000000e+05
7.100230000000000000e+05
7.100270000000000000e+05
7.100510000000000000e+05
7.100530000000000000e+05
7.100810000000000000e+05
7.100890000000000000e+05
7.101190000000000000e+05
7.101890000000000000e+05
7.102070000000000000e+05
7.102190000000000000e+05
7.102210000000000000e+05
7.102570000000000000e+05
7.102610000000000000e+05
7.102730000000000000e+05
7.102930000000000000e+05
7.102990000000000000e+05
7.103210000000000000e+05
7.103230000000000000e+05
7.103270000000000000e+05
7.103410000000000000e+05
7.103510000000000000e+05
7.103710000000000000e+05
7.103770000000000000e+05
7.103830000000000000e+05
7.103890000000000000e+05
7.103990000000000000e+05
7.104410000000000000e+05
7.104430000000000000e+05
7.104490000000000000e+05
7.104590000000000000e+05
7.104730000000000000e+05
7.104830000000000000e+05
7.104910000000000000e+05
7.105030000000000000e+05
7.105130000000000000e+05
7.105190000000000000e+05
7.105270000000000000e+05
7.105310000000000000e+05
7.105570000000000000e+05
7.105610000000000000e+05
7.105690000000000000e+05
7.105730000000000000e+05
7.105990000000000000e+05
7.106030000000000000e+05
7.106090000000000000e+05
7.106210000000000000e+05
7.106230000000000000e+05
7.106270000000000000e+05
7.106410000000000000e+05
7.106630000000000000e+05
7.106830000000000000e+05
7.106930000000000000e+05
7.107130000000000000e+05
7.107770000000000000e+05
7.107790000000000000e+05
7.107910000000000000e+05
7.108130000000000000e+05
7.108370000000000000e+05
7.108390000000000000e+05
7.108490000000000000e+05
7.108510000000000000e+05
7.108630000000000000e+05
7.108670000000000000e+05
7.108730000000000000e+05
7.108870000000000000e+05
7.109030000000000000e+05
7.109090000000000000e+05
7.109110000000000000e+05
7.109170000000000000e+05
7.109290000000000000e+05
7.109330000000000000e+05
7.109510000000000000e+05
7.109590000000000000e+05
7.109710000000000000e+05
7.109770000000000000e+05
7.109870000000000000e+05
7.109890000000000000e+05
7.110010000000000000e+05
7.110170000000000000e+05
7.110190000000000000e+05
7.110230000000000000e+05
7.110410000000000000e+05
7.110490000000000000e+05
7.110890000000000000e+05
7.110970000000000000e+05
7.111210000000000000e+05
7.111310000000000000e+05
7.111330000000000000e+05
7.111430000000000000e+05
7.111630000000000000e+05
7.111730000000000000e+05
7.111810000000000000e+05
7.111870000000000000e+05
