7.139390000000000000e+05
7.139410000000000000e+05
7.139570000000000000e+05
7.139810000000000000e+05
7.139870000000000000e+05
7.140290000000000000e+05
7.140370000000000000e+05
7.140610000000000000e+05
7.140730000000000000e+05
7.141070000000000000e+05
7.141130000000000000e+05
7.141390000000000000e+05
7.141430000000000000e+05
7.141510000000000000e+05
7.141630000000000000e+05
7.141690000000000000e+05
7.141990000000000000e+05
7.142230000000000000e+05
7.142270000000000000e+05
7.142470000000000000e+05
7.142570000000000000e+05
7.142830000000000000e+05
7.143410000000000000e+05
7.143490000000000000e+05
7.143610000000000000e+05
7.143770000000000000e+05
7.144430000000000000e+05
7.144630000000000000e+05
7.144790000000000000e+05
7.144810000000000000e+05
7.144870000000000000e+05
7.145030000000000000e+05
7.145090000000000000e+05
7.145170000000000000e+05
7.145210000000000000e+05
7.145290000000000000e+05
7.145510000000000000e+05
7.145570000000000000e+05
7.145630000000000000e+05
7.145690000000000000e+05
7.145770000000000000e+05
7.146010000000000000e+05
7.146190000000000000e+05
7.146730000000000000e+05
7.146770000000000000e+05
7.146910000000000000e+05
7.147190000000000000e+05
7.147390000000000000e+05
7.147510000000000000e+05
7.147730000000000000e+05
7.147810000000000000e+05
7.147870000000000000e+05
7.147970000000000000e+05
7.148090000000000000e+05
7.148270000000000000e+05
7.148390000000000000e+05
7.148410000000000000e+05
7.148510000000000000e+05
7.148530000000000000e+05
7.148690000000000000e+05
7.148810000000000000e+05
7.148870000000000000e+05
7.148930000000000000e+05
7.149070000000000000e+05
7.149110000000000000e+05
7.149190000000000000e+05
7.149430000000000000e+05
7.149470000000000000e+05
7.149490000000000000e+05
7.149710000000000000e+05
7.149910000000000000e+05
7.150190000000000000e+05
7.150310000000000000e+05
7.150490000000000000e+05
7.150630000000000000e+05
7.150690000000000000e+05
7.150730000000000000e+05
7.150870000000000000e+05
7.151090000000000000e+05
7.151230000000000000e+05
7.151510000000000000e+05
7.151530000000000000e+05
7.151570000000000000e+05
7.151590000000000000e+05
7.151710000000000000e+05
7.151890000000000000e+05
7.151930000000000000e+05
7.152230000000000000e+05
7.152290000000000000e+05
7.152370000000000000e+05
7.152430000000000000e+05
7.152490000000000000e+05
7.152590000000000000e+05
7.152890000000000000e+05
7.153010000000000000e+05
7.153030000000000000e+05
7.153130000000000000e+05
7.153390000000000000e+05
7.153570000000000000e+05
7.153610000000000000e+05
