7.209430000000000000e+05
7.209470000000000000e+05
7.209610000000000000e+05
7.209710000000000000e+05
7.209830000000000000e+05
7.209910000000000000e+05
7.209970000000000000e+05
7.210030000000000000e+05
7.210130000000000000e+05
7.210370000000000000e+05
7.210430000000000000e+05
7.210510000000000000e+05
7.210570000000000000e+05
7.210790000000000000e+05
7.210870000000000000e+05
7.211090000000000000e+05
7.211110000000000000e+05
7.211170000000000000e+05
7.211290000000000000e+05
7.211390000000000000e+05
7.211410000000000000e+05
7.211590000000000000e+05
7.211630000000000000e+05
7.211690000000000000e+05
7.211770000000000000e+05
7.211810000000000000e+05
7.211990000000000000e+05
7.212070000000000000e+05
7.212130000000000000e+05
7.212190000000000000e+05
7.212230000000000000e+05
7.212290000000000000e+05
7.212430000000000000e+05
7.212610000000000000e+05
7.212670000000000000e+05
7.212830000000000000e+05
7.212910000000000000e+05
7.213070000000000000e+05
7.213190000000000000e+05
7.213210000000000000e+05
7.213330000000000000e+05
7.213370000000000000e+05
7.213510000000000000e+05
7.213630000000000000e+05
7.213790000000000000e+05
7.213810000000000000e+05
7.213870000000000000e+05
7.213970000000000000e+05
7.214390000000000000e+05
7.214510000000000000e+05
7.214810000000000000e+05
7.214990000000000000e+05
7.215290000000000000e+05
7.215470000000000000e+05
7.215610000000000000e+05
7.215710000000000000e+05
7.215770000000000000e+05
7.215970000000000000e+05
7.216130000000000000e+05
7.216190000000000000e+05
7.216210000000000000e+05
7.216310000000000000e+05
7.216610000000000000e+05
7.216630000000000000e+05
7.216870000000000000e+05
7.216970000000000000e+05
7.217030000000000000e+05
7.217090000000000000e+05
7.217330000000000000e+05
7.217390000000000000e+05
7.217830000000000000e+05
7.217930000000000000e+05
7.218430000000000000e+05
7.218490000000000000e+05
7.218590000000000000e+05
7.218830000000000000e+05
7.218910000000000000e+05
7.219090000000000000e+05
7.219210000000000000e+05
7.219510000000000000e+05
7.219610000000000000e+05
7.219790000000000000e+05
7.219910000000000000e+05
7.219970000000000000e+05
7.220110000000000000e+05
7.220230000000000000e+05
7.220270000000000000e+05
7.220470000000000000e+05
7.220630000000000000e+05
7.220690000000000000e+05
7.220770000000000000e+05
7.220930000000000000e+05
7.221190000000000000e+05
7.221230000000000000e+05
7.221470000000000000e+05
7.221490000000000000e+05
7.221530000000000000e+05
7.221590000000000000e+05
7.221670000000000000e+05
7.221730000000000000e+05
