7.222130000000000000e+05
7.222370000000000000e+05
7.222430000000000000e+05
7.222570000000000000e+05
7.222730000000000000e+05
7.222870000000000000e+05
7.222910000000000000e+05
7.222990000000000000e+05
7.223110000000000000e+05
7.223170000000000000e+05
7.223210000000000000e+05
7.223330000000000000e+05
7.223410000000000000e+05
7.223530000000000000e+05
7.223630000000000000e+05
7.223690000000000000e+05
7.223770000000000000e+05
7.223890000000000000e+05
7.224110000000000000e+05
7.224170000000000000e+05
7.224310000000000000e+05
7.224590000000000000e+05
7.224670000000000000e+05
7.224790000000000000e+05
7.224890000000000000e+05
7.225090000000000000e+05
7.225210000000000000e+05
7.225370000000000000e+05
7.225390000000000000e+05
7.225630000000000000e+05
7.225810000000000000e+05
7.225990000000000000e+05
7.226110000000000000e+05
7.226330000000000000e+05
7.226390000000000000e+05
7.226630000000000000e+05
7.226690000000000000e+05
7.227130000000000000e+05
7.227230000000000000e+05
7.227370000000000000e+05
7.227490000000000000e+05
7.227830000000000000e+05
7.227910000000000000e+05
7.227970000000000000e+05
7.228070000000000000e+05
7.228190000000000000e+05
7.228330000000000000e+05
7.228490000000000000e+05
7.228810000000000000e+05
7.228990000000000000e+05
7.229030000000000000e+05
7.229210000000000000e+05
7.229330000000000000e+05
7.229630000000000000e+05
7.229710000000000000e+05
7.229770000000000000e+05
7.229830000000000000e+05
7.230290000000000000e+05
7.230310000000000000e+05
7.230430000000000000e+05
7.230490000000000000e+05
7.230530000000000000e+05
7.230670000000000000e+05
7.230710000000000000e+05
7.230890000000000000e+05
7.231010000000000000e+05
7.231030000000000000e+05
7.231090000000000000e+05
7.231130000000000000e+05
7.231190000000000000e+05
7.231270000000000000e+05
7.231330000000000000e+05
7.231570000000000000e+05
7.231610000000000000e+05
7.231670000000000000e+05
7.231690000000000000e+05
7.231810000000000000e+05
7.231930000000000000e+05
7.232090000000000000e+05
7.232210000000000000e+05
7.232270000000000000e+05
7.232570000000000000e+05
7.232590000000000000e+05
7.232630000000000000e+05
7.232690000000000000e+05
7.232710000000000000e+05
7.232870000000000000e+05
7.232930000000000000e+05
7.233190000000000000e+05
7.233370000000000000e+05
7.233530000000000000e+05
7.233610000000000000e+05
7.233790000000000000e+05
7.233910000000000000e+05
7.234070000000000000e+05
7.234090000000000000e+05
7.234130000000000000e+05
7.234210000000000000e+05
7.234390000000000000e+05
7.234510000000000000e+05
