7.234670000000000000e+05
7.234730000000000000e+05
7.234790000000000000e+05
7.234910000000000000e+05
7.234930000000000000e+05
7.235290000000000000e+05
7.235510000000000000e+05
7.235530000000000000e+05
7.235590000000000000e+05
7.235630000000000000e+05
7.235870000000000000e+05
7.235890000000000000e+05
7.236010000000000000e+05
7.236070000000000000e+05
7.236170000000000000e+05
7.236230000000000000e+05
7.236610000000000000e+05
7.237210000000000000e+05
7.237270000000000000e+05
7.237390000000000000e+05
7.237610000000000000e+05
7.237910000000000000e+05
7.237970000000000000e+05
7.237990000000000000e+05
7.238030000000000000e+05
7.238230000000000000e+05
7.238290000000000000e+05
7.238390000000000000e+05
7.238510000000000000e+05
7.238570000000000000e+05
7.238590000000000000e+05
7.238930000000000000e+05
7.239010000000000000e+05
7.239070000000000000e+05
7.239130000000000000e+05
7.239170000000000000e+05
7.239230000000000000e+05
7.239490000000000000e+05
7.239590000000000000e+05
7.239670000000000000e+05
7.239730000000000000e+05
7.239770000000000000e+05
7.239970000000000000e+05
7.240010000000000000e+05
7.240070000000000000e+05
7.240210000000000000e+05
7.240790000000000000e+05
7.240930000000000000e+05
7.240990000000000000e+05
7.241110000000000000e+05
7.241170000000000000e+05
7.241210000000000000e+05
7.241230000000000000e+05
7.241530000000000000e+05
7.241870000000000000e+05
7.242110000000000000e+05
7.242190000000000000e+05
7.242590000000000000e+05
7.242670000000000000e+05
7.242770000000000000e+05
7.242910000000000000e+05
7.243030000000000000e+05
7.243090000000000000e+05
7.243130000000000000e+05
7.243310000000000000e+05
7.243930000000000000e+05
7.244030000000000000e+05
7.244330000000000000e+05
7.244410000000000000e+05
7.244470000000000000e+05
7.244530000000000000e+05
7.244590000000000000e+05
7.244690000000000000e+05
7.244810000000000000e+05
7.244870000000000000e+05
7.244990000000000000e+05
7.245130000000000000e+05
7.245170000000000000e+05
7.245190000000000000e+05
7.245310000000000000e+05
7.245470000000000000e+05
7.245530000000000000e+05
7.245670000000000000e+05
7.245730000000000000e+05
7.245830000000000000e+05
7.245970000000000000e+05
7.246010000000000000e+05
7.246090000000000000e+05
7.246210000000000000e+05
7.246270000000000000e+05
7.246310000000000000e+05
7.246390000000000000e+05
7.246430000000000000e+05
7.246510000000000000e+05
7.247210000000000000e+05
7.247230000000000000e+05
7.247290000000000000e+05
7.247330000000000000e+05
7.247470000000000000e+05
7.247510000000000000e+05
