7.247690000000000000e+05
7.247770000000000000e+05
7.247810000000000000e+05
7.247830000000000000e+05
7.248070000000000000e+05
7.248130000000000000e+05
7.248370000000000000e+05
7.248470000000000000e+05
7.248530000000000000e+05
7.248790000000000000e+05
7.249010000000000000e+05
7.249030000000000000e+05
7.249390000000000000e+05
7.249490000000000000e+05
7.249610000000000000e+05
7.249670000000000000e+05
7.249910000000000000e+05
7.249930000000000000e+05
7.250090000000000000e+05
7.250410000000000000e+05
7.250570000000000000e+05
7.250710000000000000e+05
7.250770000000000000e+05
7.250990000000000000e+05
7.251110000000000000e+05
7.251130000000000000e+05
7.251190000000000000e+05
7.251470000000000000e+05
7.251490000000000000e+05
7.251590000000000000e+05
7.251610000000000000e+05
7.251890000000000000e+05
7.252010000000000000e+05
7.252090000000000000e+05
7.252730000000000000e+05
7.252930000000000000e+05
7.253030000000000000e+05
7.253170000000000000e+05
7.253210000000000000e+05
7.253230000000000000e+05
7.253270000000000000e+05
7.253410000000000000e+05
7.253570000000000000e+05
7.253590000000000000e+05
7.253710000000000000e+05
7.253810000000000000e+05
7.253930000000000000e+05
7.253990000000000000e+05
7.254230000000000000e+05
7.254370000000000000e+05
7.254470000000000000e+05
7.254490000000000000e+05
7.254790000000000000e+05
7.255070000000000000e+05
7.255190000000000000e+05
7.255310000000000000e+05
7.255370000000000000e+05
7.255790000000000000e+05
7.255870000000000000e+05
7.255970000000000000e+05
7.256030000000000000e+05
7.256390000000000000e+05
7.256530000000000000e+05
7.256630000000000000e+05
7.256710000000000000e+05
7.256870000000000000e+05
7.257230000000000000e+05
7.257310000000000000e+05
7.257370000000000000e+05
7.257490000000000000e+05
7.257890000000000000e+05
7.258010000000000000e+05
7.258070000000000000e+05
7.258270000000000000e+05
7.258610000000000000e+05
7.258630000000000000e+05
7.258670000000000000e+05
7.258910000000000000e+05
7.258970000000000000e+05
7.259090000000000000e+05
7.259290000000000000e+05
7.259390000000000000e+05
7.259530000000000000e+05
7.259810000000000000e+05
7.259830000000000000e+05
7.259930000000000000e+05
7.259990000000000000e+05
7.260070000000000000e+05
7.260130000000000000e+05
7.260230000000000000e+05
7.260430000000000000e+05
7.260710000000000000e+05
7.260910000000000000e+05
7.260970000000000000e+05
7.261010000000000000e+05
7.261070000000000000e+05
7.261090000000000000e+05
7.261370000000000000e+05
7.261390000000000000e+05
7.261490000000000000e+05
