7.288730000000000000e+05
7.288810000000000000e+05
7.288910000000000000e+05
7.288990000000000000e+05
7.289110000000000000e+05
7.289210000000000000e+05
7.289270000000000000e+05
7.289290000000000000e+05
7.289410000000000000e+05
7.289470000000000000e+05
7.289530000000000000e+05
7.289690000000000000e+05
7.289710000000000000e+05
7.289930000000000000e+05
7.290190000000000000e+05
7.290230000000000000e+05
7.290370000000000000e+05
7.290410000000000000e+05
7.290590000000000000e+05
7.290730000000000000e+05
7.291390000000000000e+05
7.291430000000000000e+05
7.291730000000000000e+05
7.291870000000000000e+05
7.291910000000000000e+05
7.291990000000000000e+05
7.292030000000000000e+05
7.292170000000000000e+05
7.292570000000000000e+05
7.292690000000000000e+05
7.292710000000000000e+05
7.292930000000000000e+05
7.293010000000000000e+05
7.293290000000000000e+05
7.293310000000000000e+05
7.293590000000000000e+05
7.293670000000000000e+05
7.293710000000000000e+05
7.293730000000000000e+05
7.293890000000000000e+05
7.294030000000000000e+05
7.294130000000000000e+05
7.294510000000000000e+05
7.294570000000000000e+05
7.294730000000000000e+05
7.294930000000000000e+05
7.294970000000000000e+05
7.295030000000000000e+05
7.295110000000000000e+05
7.295270000000000000e+05
7.295510000000000000e+05
7.295570000000000000e+05
7.295590000000000000e+05
7.295690000000000000e+05
7.295710000000000000e+05
7.295770000000000000e+05
7.295870000000000000e+05
7.296010000000000000e+05
7.296070000000000000e+05
7.296130000000000000e+05
7.296370000000000000e+05
7.296430000000000000e+05
7.296490000000000000e+05
7.296610000000000000e+05
7.296710000000000000e+05
7.296790000000000000e+05
7.296890000000000000e+05
7.297130000000000000e+05
7.297190000000000000e+05
7.297370000000000000e+05
7.297490000000000000e+05
7.297610000000000000e+05
7.297790000000000000e+05
7.297870000000000000e+05
7.297910000000000000e+05
7.298210000000000000e+05
7.298510000000000000e+05
7.298710000000000000e+05
7.298770000000000000e+05
7.299070000000000000e+05
7.299130000000000000e+05
7.299190000000000000e+05
7.299310000000000000e+05
7.299410000000000000e+05
7.299430000000000000e+05
7.299470000000000000e+05
7.299770000000000000e+05
7.299790000000000000e+05
7.299910000000000000e+05
7.300030000000000000e+05
7.300210000000000000e+05
7.300330000000000000e+05
7.300490000000000000e+05
7.300690000000000000e+05
7.300910000000000000e+05
7.301110000000000000e+05
7.301390000000000000e+05
7.301570000000000000e+05
7.301870000000000000e+05
7.301990000000000000e+05
