7.316030000000000000e+05
7.316110000000000000e+05
7.316230000000000000e+05
7.316390000000000000e+05
7.316510000000000000e+05
7.316810000000000000e+05
7.316830000000000000e+05
7.317110000000000000e+05
7.317130000000000000e+05
7.317190000000000000e+05
7.317290000000000000e+05
7.317370000000000000e+05
7.317410000000000000e+05
7.317610000000000000e+05
7.317670000000000000e+05
7.317790000000000000e+05
7.318030000000000000e+05
7.318070000000000000e+05
7.318210000000000000e+05
7.318270000000000000e+05
7.318310000000000000e+05
7.318390000000000000e+05
7.318510000000000000e+05
7.318690000000000000e+05
7.318810000000000000e+05
7.318930000000000000e+05
7.319090000000000000e+05
7.319110000000000000e+05
7.319210000000000000e+05
7.319230000000000000e+05
7.319330000000000000e+05
7.319570000000000000e+05
7.319810000000000000e+05
7.319990000000000000e+05
7.320230000000000000e+05
7.320290000000000000e+05
7.320410000000000000e+05
7.320730000000000000e+05
7.320770000000000000e+05
7.320790000000000000e+05
7.320970000000000000e+05
7.321010000000000000e+05
7.321330000000000000e+05
7.321570000000000000e+05
7.321690000000000000e+05
7.321810000000000000e+05
7.321870000000000000e+05
7.321910000000000000e+05
7.321970000000000000e+05
7.322090000000000000e+05
7.322110000000000000e+05
7.322170000000000000e+05
7.322290000000000000e+05
7.322330000000000000e+05
7.322390000000000000e+05
7.322570000000000000e+05
7.322710000000000000e+05
7.322830000000000000e+05
7.322870000000000000e+05
7.322930000000000000e+05
7.322990000000000000e+05
7.323110000000000000e+05
7.323230000000000000e+05
7.323310000000000000e+05
7.323730000000000000e+05
7.324390000000000000e+05
7.324490000000000000e+05
7.324610000000000000e+05
7.324670000000000000e+05
7.324910000000000000e+05
7.324930000000000000e+05
7.324970000000000000e+05
7.325090000000000000e+05
7.325210000000000000e+05
7.325330000000000000e+05
7.325410000000000000e+05
7.326010000000000000e+05
7.326170000000000000e+05
7.326310000000000000e+05
7.326530000000000000e+05
7.326730000000000000e+05
7.326890000000000000e+05
7.327030000000000000e+05
7.327090000000000000e+05
7.327130000000000000e+05
7.327310000000000000e+05
7.327490000000000000e+05
7.327610000000000000e+05
7.327690000000000000e+05
7.327990000000000000e+05
7.328170000000000000e+05
7.328270000000000000e+05
7.328290000000000000e+05
7.328330000000000000e+05
7.328410000000000000e+05
7.328630000000000000e+05
7.328770000000000000e+05
7.328890000000000000e+05
7.329110000000000000e+05
7.329230000000000000e+05
