7.329430000000000000e+05
7.329590000000000000e+05
7.329670000000000000e+05
7.329710000000000000e+05
7.329970000000000000e+05
7.330030000000000000e+05
7.330090000000000000e+05
7.330670000000000000e+05
7.330970000000000000e+05
7.330990000000000000e+05
7.331110000000000000e+05
7.331230000000000000e+05
7.331270000000000000e+05
7.331330000000000000e+05
7.331410000000000000e+05
7.331470000000000000e+05
7.331570000000000000e+05
7.331690000000000000e+05
7.331770000000000000e+05
7.331890000000000000e+05
7.332370000000000000e+05
7.332410000000000000e+05
7.332730000000000000e+05
7.332770000000000000e+05
7.332830000000000000e+05
7.332890000000000000e+05
7.333010000000000000e+05
7.333070000000000000e+05
7.333210000000000000e+05
7.333310000000000000e+05
7.333330000000000000e+05
7.333390000000000000e+05
7.333510000000000000e+05
7.333730000000000000e+05
7.333870000000000000e+05
7.333910000000000000e+05
7.333930000000000000e+05
7.333990000000000000e+05
7.334090000000000000e+05
7.334270000000000000e+05
7.334330000000000000e+05
7.334590000000000000e+05
7.334770000000000000e+05
7.334890000000000000e+05
7.335110000000000000e+05
7.335170000000000000e+05
7.335190000000000000e+05
7.335590000000000000e+05
7.335610000000000000e+05
7.335910000000000000e+05
7.336190000000000000e+05
7.336390000000000000e+05
7.336510000000000000e+05
7.336870000000000000e+05
7.336970000000000000e+05
7.337410000000000000e+05
7.337510000000000000e+05
7.337530000000000000e+05
7.337570000000000000e+05
7.337930000000000000e+05
7.338070000000000000e+05
7.338130000000000000e+05
7.338230000000000000e+05
7.338290000000000000e+05
7.338410000000000000e+05
7.338470000000000000e+05
7.338490000000000000e+05
7.338670000000000000e+05
7.338710000000000000e+05
7.338790000000000000e+05
7.338830000000000000e+05
7.339190000000000000e+05
7.339210000000000000e+05
7.339370000000000000e+05
7.339390000000000000e+05
7.339490000000000000e+05
7.339630000000000000e+05
7.339730000000000000e+05
7.339810000000000000e+05
7.339910000000000000e+05
7.340030000000000000e+05
7.340170000000000000e+05
7.340210000000000000e+05
7.340470000000000000e+05
7.340570000000000000e+05
7.340870000000000000e+05
7.341130000000000000e+05
7.341310000000000000e+05
7.341430000000000000e+05
7.341590000000000000e+05
7.341710000000000000e+05
7.341770000000000000e+05
7.341890000000000000e+05
7.341970000000000000e+05
7.342030000000000000e+05
7.342070000000000000e+05
7.342210000000000000e+05
7.342330000000000000e+05
7.342630000000000000e+05
7.342670000000000000e+05
