7.342730000000000000e+05
7.342910000000000000e+05
7.343030000000000000e+05
7.343290000000000000e+05
7.343470000000000000e+05
7.343810000000000000e+05
7.343890000000000000e+05
7.344010000000000000e+05
7.344110000000000000e+05
7.344230000000000000e+05
7.344290000000000000e+05
7.344310000000000000e+05
7.344430000000000000e+05
7.344710000000000000e+05
7.344730000000000000e+05
7.344770000000000000e+05
7.344790000000000000e+05
7.344970000000000000e+05
7.345370000000000000e+05
7.345430000000000000e+05
7.345490000000000000e+05
7.345570000000000000e+05
7.345670000000000000e+05
7.346270000000000000e+05
7.346470000000000000e+05
7.346530000000000000e+05
7.346590000000000000e+05
7.346630000000000000e+05
7.346870000000000000e+05
7.346930000000000000e+05
7.347070000000000000e+05
7.347170000000000000e+05
7.347290000000000000e+05
7.347370000000000000e+05
7.347430000000000000e+05
7.347590000000000000e+05
7.347710000000000000e+05
7.348030000000000000e+05
7.348070000000000000e+05
7.348130000000000000e+05
7.348190000000000000e+05
7.348370000000000000e+05
7.348490000000000000e+05
7.348690000000000000e+05
7.348790000000000000e+05
7.348870000000000000e+05
7.348970000000000000e+05
7.349110000000000000e+05
7.349330000000000000e+05
7.349410000000000000e+05
7.349530000000000000e+05
7.349570000000000000e+05
7.349590000000000000e+05
7.349710000000000000e+05
7.350010000000000000e+05
7.350190000000000000e+05
7.350430000000000000e+05
7.350610000000000000e+05
7.350670000000000000e+05
7.350710000000000000e+05
7.350730000000000000e+05
7.350830000000000000e+05
7.351070000000000000e+05
7.351090000000000000e+05
7.351130000000000000e+05
7.351390000000000000e+05
7.351430000000000000e+05
7.351570000000000000e+05
7.351690000000000000e+05
7.351730000000000000e+05
7.351810000000000000e+05
7.351870000000000000e+05
7.351930000000000000e+05
7.352090000000000000e+05
7.352110000000000000e+05
7.352390000000000000e+05
7.352470000000000000e+05
7.352630000000000000e+05
7.352710000000000000e+05
7.352830000000000000e+05
7.353070000000000000e+05
7.353110000000000000e+05
7.353310000000000000e+05
7.353370000000000000e+05
7.353410000000000000e+05
7.353590000000000000e+05
7.353670000000000000e+05
7.353730000000000000e+05
7.353890000000000000e+05
7.353910000000000000e+05
7.354190000000000000e+05
7.354210000000000000e+05
7.354310000000000000e+05
7.354390000000000000e+05
7.354430000000000000e+05
7.354510000000000000e+05
7.354610000000000000e+05
7.354670000000000000e+05
7.354730000000000000e+05
7.354790000000000000e+05
