7.354910000000000000e+05
7.355290000000000000e+05
7.355330000000000000e+05
7.355570000000000000e+05
7.355710000000000000e+05
7.356170000000000000e+05
7.356490000000000000e+05
7.356530000000000000e+05
7.356590000000000000e+05
7.356730000000000000e+05
7.356890000000000000e+05
7.356970000000000000e+05
7.357190000000000000e+05
7.357310000000000000e+05
7.357330000000000000e+05
7.357390000000000000e+05
7.357510000000000000e+05
7.357810000000000000e+05
7.358090000000000000e+05
7.358210000000000000e+05
7.358290000000000000e+05
7.358530000000000000e+05
7.358710000000000000e+05
7.358770000000000000e+05
7.358830000000000000e+05
7.359010000000000000e+05
7.359190000000000000e+05
7.359370000000000000e+05
7.359490000000000000e+05
7.359530000000000000e+05
7.359790000000000000e+05
7.359830000000000000e+05
7.359970000000000000e+05
7.360070000000000000e+05
7.360130000000000000e+05
7.360270000000000000e+05
7.360370000000000000e+05
7.360390000000000000e+05
7.360510000000000000e+05
7.360610000000000000e+05
7.360630000000000000e+05
7.360910000000000000e+05
7.360930000000000000e+05
7.360970000000000000e+05
7.361110000000000000e+05
7.361210000000000000e+05
7.361470000000000000e+05
7.361590000000000000e+05
7.361810000000000000e+05
7.361870000000000000e+05
7.362430000000000000e+05
7.362470000000000000e+05
7.362490000000000000e+05
7.362590000000000000e+05
7.362730000000000000e+05
7.362770000000000000e+05
7.362790000000000000e+05
7.363570000000000000e+05
7.363610000000000000e+05
7.363630000000000000e+05
7.363670000000000000e+05
7.363690000000000000e+05
7.363810000000000000e+05
7.363870000000000000e+05
7.363990000000000000e+05
7.364030000000000000e+05
7.364090000000000000e+05
7.364290000000000000e+05
7.364330000000000000e+05
7.364410000000000000e+05
7.364470000000000000e+05
7.364690000000000000e+05
7.364710000000000000e+05
7.365110000000000000e+05
7.365770000000000000e+05
7.366070000000000000e+05
7.366390000000000000e+05
7.366570000000000000e+05
7.366790000000000000e+05
7.366910000000000000e+05
7.366990000000000000e+05
7.367170000000000000e+05
7.367210000000000000e+05
7.367410000000000000e+05
7.367870000000000000e+05
7.367930000000000000e+05
7.368170000000000000e+05
7.368230000000000000e+05
7.368430000000000000e+05
7.368470000000000000e+05
7.368670000000000000e+05
7.368710000000000000e+05
7.368890000000000000e+05
7.369030000000000000e+05
7.369210000000000000e+05
7.369270000000000000e+05
7.369370000000000000e+05
7.369510000000000000e+05
7.369610000000000000e+05
7.369730000000000000e+05
