7.423690000000000000e+05
7.423810000000000000e+05
7.423930000000000000e+05
7.424090000000000000e+05
7.424390000000000000e+05
7.424570000000000000e+05
7.424990000000000000e+05
7.425070000000000000e+05
7.425130000000000000e+05
7.425190000000000000e+05
7.425310000000000000e+05
7.425370000000000000e+05
7.425410000000000000e+05
7.425490000000000000e+05
7.425590000000000000e+05
7.425790000000000000e+05
7.425910000000000000e+05
7.426070000000000000e+05
7.426190000000000000e+05
7.426570000000000000e+05
7.426630000000000000e+05
7.426730000000000000e+05
7.426810000000000000e+05
7.426970000000000000e+05
7.426990000000000000e+05
7.427110000000000000e+05
7.427170000000000000e+05
7.427230000000000000e+05
7.427570000000000000e+05
7.427590000000000000e+05
7.427830000000000000e+05
7.427890000000000000e+05
7.428010000000000000e+05
7.428170000000000000e+05
7.428910000000000000e+05
7.428970000000000000e+05
7.429090000000000000e+05
7.429130000000000000e+05
7.429430000000000000e+05
7.429490000000000000e+05
7.429670000000000000e+05
7.429810000000000000e+05
7.429910000000000000e+05
7.429930000000000000e+05
7.429990000000000000e+05
7.430270000000000000e+05
7.430470000000000000e+05
7.430590000000000000e+05
7.430690000000000000e+05
7.430890000000000000e+05
7.431110000000000000e+05
7.431230000000000000e+05
7.431290000000000000e+05
7.431310000000000000e+05
7.431370000000000000e+05
7.431430000000000000e+05
7.431590000000000000e+05
7.431610000000000000e+05
7.431670000000000000e+05
7.431730000000000000e+05
7.431770000000000000e+05
7.431790000000000000e+05
7.432030000000000000e+05
7.432090000000000000e+05
7.432210000000000000e+05
7.432510000000000000e+05
7.432630000000000000e+05
7.432690000000000000e+05
7.432730000000000000e+05
7.432790000000000000e+05
7.432970000000000000e+05
7.433210000000000000e+05
7.433330000000000000e+05
7.433390000000000000e+05
7.433630000000000000e+05
7.433770000000000000e+05
7.434010000000000000e+05
7.434230000000000000e+05
7.434470000000000000e+05
7.435070000000000000e+05
7.435490000000000000e+05
7.435510000000000000e+05
7.435730000000000000e+05
7.435790000000000000e+05
7.435910000000000000e+05
7.436090000000000000e+05
7.436570000000000000e+05
7.436690000000000000e+05
7.436710000000000000e+05
7.436890000000000000e+05
7.436930000000000000e+05
7.437110000000000000e+05
7.437310000000000000e+05
7.437470000000000000e+05
7.437770000000000000e+05
7.437790000000000000e+05
7.437910000000000000e+05
7.438030000000000000e+05
7.438190000000000000e+05
7.438330000000000000e+05
