7.467770000000000000e+05
7.467910000000000000e+05
7.467970000000000000e+05
7.468070000000000000e+05
7.468130000000000000e+05
7.468390000000000000e+05
7.468430000000000000e+05
7.468690000000000000e+05
7.468730000000000000e+05
7.468910000000000000e+05
7.468990000000000000e+05
7.469030000000000000e+05
7.469390000000000000e+05
7.469510000000000000e+05
7.469570000000000000e+05
7.469590000000000000e+05
7.469690000000000000e+05
7.469810000000000000e+05
7.469890000000000000e+05
7.470370000000000000e+05
7.470490000000000000e+05
7.470530000000000000e+05
7.470730000000000000e+05
7.471070000000000000e+05
7.471130000000000000e+05
7.471390000000000000e+05
7.471570000000000000e+05
7.471610000000000000e+05
7.471990000000000000e+05
7.472030000000000000e+05
7.472230000000000000e+05
7.472390000000000000e+05
7.472590000000000000e+05
7.472770000000000000e+05
7.472830000000000000e+05
7.472870000000000000e+05
7.473190000000000000e+05
7.473230000000000000e+05
7.473430000000000000e+05
7.473610000000000000e+05
7.473770000000000000e+05
7.473910000000000000e+05
7.474010000000000000e+05
7.474070000000000000e+05
7.474210000000000000e+05
7.474270000000000000e+05
7.474490000000000000e+05
7.474510000000000000e+05
7.474570000000000000e+05
7.474630000000000000e+05
7.474930000000000000e+05
7.474970000000000000e+05
7.474990000000000000e+05
7.475210000000000000e+05
7.475290000000000000e+05
7.475470000000000000e+05
7.475570000000000000e+05
7.475630000000000000e+05
7.475830000000000000e+05
7.475870000000000000e+05
7.475990000000000000e+05
7.476110000000000000e+05
7.476190000000000000e+05
7.476470000000000000e+05
7.476730000000000000e+05
7.476790000000000000e+05
7.477130000000000000e+05
7.477310000000000000e+05
7.477370000000000000e+05
7.477430000000000000e+05
7.477630000000000000e+05
7.477810000000000000e+05
7.478110000000000000e+05
7.478270000000000000e+05
7.478290000000000000e+05
7.478330000000000000e+05
7.478390000000000000e+05
7.478410000000000000e+05
7.478530000000000000e+05
7.478630000000000000e+05
7.478690000000000000e+05
7.478710000000000000e+05
7.478890000000000000e+05
7.479170000000000000e+05
7.479190000000000000e+05
7.479410000000000000e+05
7.479530000000000000e+05
7.479770000000000000e+05
7.479790000000000000e+05
7.479910000000000000e+05
7.480030000000000000e+05
7.480190000000000000e+05
7.480210000000000000e+05
7.480390000000000000e+05
7.480570000000000000e+05
7.480910000000000000e+05
7.480930000000000000e+05
7.481330000000000000e+05
7.481690000000000000e+05
7.481830000000000000e+05
