7.494310000000000000e+05
7.494430000000000000e+05
7.494490000000000000e+05
7.494530000000000000e+05
7.494610000000000000e+05
7.494670000000000000e+05
7.494710000000000000e+05
7.495430000000000000e+05
7.495570000000000000e+05
7.495870000000000000e+05
7.496410000000000000e+05
7.496530000000000000e+05
7.496590000000000000e+05
7.496770000000000000e+05
7.497010000000000000e+05
7.497110000000000000e+05
7.497290000000000000e+05
7.497410000000000000e+05
7.497470000000000000e+05
7.497610000000000000e+05
7.497730000000000000e+05
7.497790000000000000e+05
7.498030000000000000e+05
7.498070000000000000e+05
7.498090000000000000e+05
7.498430000000000000e+05
7.498510000000000000e+05
7.498630000000000000e+05
7.498910000000000000e+05
7.498930000000000000e+05
7.498990000000000000e+05
7.499090000000000000e+05
7.499230000000000000e+05
7.499270000000000000e+05
7.499390000000000000e+05
7.499410000000000000e+05
7.499710000000000000e+05
7.499930000000000000e+05
7.500190000000000000e+05
7.500370000000000000e+05
7.500590000000000000e+05
7.500770000000000000e+05
7.500830000000000000e+05
7.500970000000000000e+05
7.501190000000000000e+05
7.501210000000000000e+05
7.501310000000000000e+05
7.501330000000000000e+05
7.501370000000000000e+05
7.501510000000000000e+05
7.501570000000000000e+05
7.501610000000000000e+05
7.501630000000000000e+05
7.501730000000000000e+05
7.501790000000000000e+05
7.502030000000000000e+05
7.502090000000000000e+05
7.502230000000000000e+05
7.502290000000000000e+05
7.502870000000000000e+05
7.503110000000000000e+05
7.503130000000000000e+05
7.503530000000000000e+05
7.503830000000000000e+05
7.504010000000000000e+05
7.504130000000000000e+05
7.504190000000000000e+05
7.504370000000000000e+05
7.504570000000000000e+05
7.504730000000000000e+05
7.504870000000000000e+05
7.505090000000000000e+05
7.505170000000000000e+05
7.505210000000000000e+05
7.505530000000000000e+05
7.505710000000000000e+05
7.505990000000000000e+05
7.506130000000000000e+05
7.506410000000000000e+05
7.506530000000000000e+05
7.506610000000000000e+05
7.506670000000000000e+05
7.506790000000000000e+05
7.506910000000000000e+05
7.507070000000000000e+05
7.507130000000000000e+05
7.507190000000000000e+05
7.507210000000000000e+05
7.507490000000000000e+05
7.507690000000000000e+05
7.507870000000000000e+05
7.507910000000000000e+05
7.507970000000000000e+05
7.508030000000000000e+05
7.508090000000000000e+05
7.508170000000000000e+05
7.508290000000000000e+05
7.508530000000000000e+05
7.508570000000000000e+05
7.508630000000000000e+05
