7.509170000000000000e+05
7.509290000000000000e+05
7.509430000000000000e+05
7.509610000000000000e+05
7.509770000000000000e+05
7.509830000000000000e+05
7.510010000000000000e+05
7.510070000000000000e+05
7.510210000000000000e+05
7.510270000000000000e+05
7.510570000000000000e+05
7.510610000000000000e+05
7.510870000000000000e+05
7.511030000000000000e+05
7.511230000000000000e+05
7.511330000000000000e+05
7.511390000000000000e+05
7.511410000000000000e+05
7.511470000000000000e+05
7.511510000000000000e+05
7.511810000000000000e+05
7.511830000000000000e+05
7.511890000000000000e+05
7.511930000000000000e+05
7.511990000000000000e+05
7.512070000000000000e+05
7.512170000000000000e+05
7.512370000000000000e+05
7.512590000000000000e+05
7.512730000000000000e+05
7.512770000000000000e+05
7.512910000000000000e+05
7.512970000000000000e+05
7.513010000000000000e+05
7.513070000000000000e+05
7.513190000000000000e+05
7.513210000000000000e+05
7.513270000000000000e+05
7.513430000000000000e+05
7.513510000000000000e+05
7.513570000000000000e+05
7.513630000000000000e+05
7.513670000000000000e+05
7.513790000000000000e+05
7.514110000000000000e+05
7.514230000000000000e+05
7.514470000000000000e+05
7.514530000000000000e+05
7.514630000000000000e+05
7.514810000000000000e+05
7.515230000000000000e+05
7.515290000000000000e+05
7.515490000000000000e+05
7.515670000000000000e+05
7.515790000000000000e+05
7.516090000000000000e+05
7.516130000000000000e+05
7.516270000000000000e+05
7.516310000000000000e+05
7.516330000000000000e+05
7.516370000000000000e+05
7.516430000000000000e+05
7.516610000000000000e+05
7.516690000000000000e+05
7.516910000000000000e+05
7.517110000000000000e+05
7.517170000000000000e+05
7.517270000000000000e+05
7.517390000000000000e+05
7.517470000000000000e+05
7.517530000000000000e+05
7.517590000000000000e+05
7.517630000000000000e+05
7.517870000000000000e+05
7.517990000000000000e+05
7.518130000000000000e+05
7.518230000000000000e+05
7.518410000000000000e+05
7.518530000000000000e+05
7.518670000000000000e+05
7.518710000000000000e+05
7.518790000000000000e+05
7.519010000000000000e+05
7.519090000000000000e+05
7.519130000000000000e+05
7.519210000000000000e+05
7.519430000000000000e+05
7.519570000000000000e+05
7.519690000000000000e+05
7.519870000000000000e+05
7.519970000000000000e+05
7.520090000000000000e+05
7.520230000000000000e+05
7.520330000000000000e+05
7.520530000000000000e+05
7.520830000000000000e+05
7.520930000000000000e+05
7.521070000000000000e+05
7.521110000000000000e+05
7.521170000000000000e+05
