7.535830000000000000e+05
7.535870000000000000e+05
7.535890000000000000e+05
7.536110000000000000e+05
7.536170000000000000e+05
7.536190000000000000e+05
7.536310000000000000e+05
7.536470000000000000e+05
7.536590000000000000e+05
7.536770000000000000e+05
7.536790000000000000e+05
7.536890000000000000e+05
7.536910000000000000e+05
7.537070000000000000e+05
7.537190000000000000e+05
7.537210000000000000e+05
7.537370000000000000e+05
7.537430000000000000e+05
7.537510000000000000e+05
7.537730000000000000e+05
7.537930000000000000e+05
7.537990000000000000e+05
7.538030000000000000e+05
7.538110000000000000e+05
7.538210000000000000e+05
7.538390000000000000e+05
7.538470000000000000e+05
7.538590000000000000e+05
7.539310000000000000e+05
7.539370000000000000e+05
7.539410000000000000e+05
7.539470000000000000e+05
7.539590000000000000e+05
7.539790000000000000e+05
7.539830000000000000e+05
7.540030000000000000e+05
7.540270000000000000e+05
7.540370000000000000e+05
7.540430000000000000e+05
7.540570000000000000e+05
7.540670000000000000e+05
7.540730000000000000e+05
7.540810000000000000e+05
7.540930000000000000e+05
7.540990000000000000e+05
7.541090000000000000e+05
7.541110000000000000e+05
7.541210000000000000e+05
7.541230000000000000e+05
7.541330000000000000e+05
7.541530000000000000e+05
7.541570000000000000e+05
7.541810000000000000e+05
7.541830000000000000e+05
7.542070000000000000e+05
7.542110000000000000e+05
7.542170000000000000e+05
7.542230000000000000e+05
7.542410000000000000e+05
7.542490000000000000e+05
7.542670000000000000e+05
7.542790000000000000e+05
7.542830000000000000e+05
7.542890000000000000e+05
7.542970000000000000e+05
7.543010000000000000e+05
7.543330000000000000e+05
7.543370000000000000e+05
7.543430000000000000e+05
7.543670000000000000e+05
7.543730000000000000e+05
7.543790000000000000e+05
7.543810000000000000e+05
7.543990000000000000e+05
7.544170000000000000e+05
7.544210000000000000e+05
7.544270000000000000e+05
7.544510000000000000e+05
7.544630000000000000e+05
7.544830000000000000e+05
7.544890000000000000e+05
7.545130000000000000e+05
7.545310000000000000e+05
7.545490000000000000e+05
7.545730000000000000e+05
7.545770000000000000e+05
7.545830000000000000e+05
7.545970000000000000e+05
7.546270000000000000e+05
7.546390000000000000e+05
7.546510000000000000e+05
7.547030000000000000e+05
7.547090000000000000e+05
7.547110000000000000e+05
7.547170000000000000e+05
7.547230000000000000e+05
7.547390000000000000e+05
7.547510000000000000e+05
7.547710000000000000e+05
7.547810000000000000e+05
