7.576930000000000000e+05
7.576990000000000000e+05
7.577090000000000000e+05
7.577110000000000000e+05
7.577270000000000000e+05
7.577510000000000000e+05
7.577530000000000000e+05
7.577630000000000000e+05
7.577930000000000000e+05
7.578070000000000000e+05
7.578110000000000000e+05
7.578190000000000000e+05
7.578290000000000000e+05
7.578790000000000000e+05
7.579030000000000000e+05
7.579090000000000000e+05
7.579270000000000000e+05
7.579370000000000000e+05
7.579430000000000000e+05
7.579510000000000000e+05
7.579930000000000000e+05
7.579970000000000000e+05
7.580030000000000000e+05
7.580290000000000000e+05
7.580410000000000000e+05
7.580530000000000000e+05
7.580710000000000000e+05
7.580830000000000000e+05
7.580990000000000000e+05
7.581010000000000000e+05
7.581110000000000000e+05
7.581370000000000000e+05
7.581410000000000000e+05
7.581590000000000000e+05
7.581790000000000000e+05
7.581890000000000000e+05
7.582010000000000000e+05
7.582030000000000000e+05
7.582270000000000000e+05
7.582310000000000000e+05
7.582370000000000000e+05
7.582430000000000000e+05
7.582670000000000000e+05
7.582690000000000000e+05
7.582730000000000000e+05
7.582790000000000000e+05
7.582990000000000000e+05
7.583230000000000000e+05
7.583390000000000000e+05
7.583410000000000000e+05
7.583570000000000000e+05
7.583630000000000000e+05
7.583830000000000000e+05
7.583930000000000000e+05
7.584110000000000000e+05
7.584310000000000000e+05
7.584410000000000000e+05
7.584490000000000000e+05
7.584530000000000000e+05
7.584910000000000000e+05
7.585010000000000000e+05
7.585030000000000000e+05
7.585190000000000000e+05
7.585210000000000000e+05
7.585510000000000000e+05
7.585610000000000000e+05
7.585730000000000000e+05
7.585790000000000000e+05
7.585990000000000000e+05
7.586170000000000000e+05
7.586290000000000000e+05
7.586330000000000000e+05
7.586710000000000000e+05
7.586870000000000000e+05
7.586990000000000000e+05
7.587070000000000000e+05
7.587110000000000000e+05
7.587130000000000000e+05
7.587290000000000000e+05
7.587310000000000000e+05
7.587410000000000000e+05
7.587430000000000000e+05
7.587530000000000000e+05
7.587670000000000000e+05
7.587830000000000000e+05
7.587890000000000000e+05
7.588190000000000000e+05
7.588270000000000000e+05
7.588370000000000000e+05
7.588510000000000000e+05
7.588670000000000000e+05
7.588870000000000000e+05
7.588930000000000000e+05
7.588990000000000000e+05
7.589290000000000000e+05
7.589410000000000000e+05
7.589570000000000000e+05
7.589630000000000000e+05
7.589690000000000000e+05
7.589710000000000000e+05
