7.602730000000000000e+05
7.602890000000000000e+05
7.602970000000000000e+05
7.603010000000000000e+05
7.603210000000000000e+05
7.603430000000000000e+05
7.603670000000000000e+05
7.603730000000000000e+05
7.604110000000000000e+05
7.604230000000000000e+05
7.604330000000000000e+05
7.604470000000000000e+05
7.604530000000000000e+05
7.604570000000000000e+05
7.604770000000000000e+05
7.604890000000000000e+05
7.604990000000000000e+05
7.605110000000000000e+05
7.605190000000000000e+05
7.605310000000000000e+05
7.605370000000000000e+05
7.605490000000000000e+05
7.605530000000000000e+05
7.605610000000000000e+05
7.605670000000000000e+05
7.605790000000000000e+05
7.606070000000000000e+05
7.606190000000000000e+05
7.606210000000000000e+05
7.606370000000000000e+05
7.606490000000000000e+05
7.606570000000000000e+05
7.606930000000000000e+05
7.607230000000000000e+05
7.607290000000000000e+05
7.607590000000000000e+05
7.607690000000000000e+05
7.607830000000000000e+05
7.608070000000000000e+05
7.608130000000000000e+05
7.608410000000000000e+05
7.608430000000000000e+05
7.608470000000000000e+05
7.608710000000000000e+05
7.608910000000000000e+05
7.608970000000000000e+05
7.609010000000000000e+05
7.609130000000000000e+05
7.609270000000000000e+05
7.609330000000000000e+05
7.609390000000000000e+05
7.609510000000000000e+05
7.609610000000000000e+05
7.609930000000000000e+05
7.609970000000000000e+05
7.610030000000000000e+05
7.610090000000000000e+05
7.610230000000000000e+05
7.610510000000000000e+05
7.610690000000000000e+05
7.610870000000000000e+05
7.611130000000000000e+05
7.611190000000000000e+05
7.611290000000000000e+05
7.611530000000000000e+05
7.611610000000000000e+05
7.611770000000000000e+05
7.611790000000000000e+05
7.611830000000000000e+05
7.612030000000000000e+05
7.612070000000000000e+05
7.612130000000000000e+05
7.612270000000000000e+05
7.612490000000000000e+05
7.612510000000000000e+05
7.612610000000000000e+05
7.612630000000000000e+05
7.612910000000000000e+05
7.612970000000000000e+05
7.613470000000000000e+05
7.613510000000000000e+05
7.613570000000000000e+05
7.613630000000000000e+05
7.613770000000000000e+05
7.613810000000000000e+05
7.613890000000000000e+05
7.613930000000000000e+05
7.613990000000000000e+05
7.614070000000000000e+05
7.614170000000000000e+05
7.614290000000000000e+05
7.614370000000000000e+05
7.614410000000000000e+05
7.614430000000000000e+05
7.614590000000000000e+05
7.614710000000000000e+05
7.614770000000000000e+05
7.614830000000000000e+05
7.614890000000000000e+05
7.615210000000000000e+05
