7.615310000000000000e+05
7.615330000000000000e+05
7.615430000000000000e+05
7.615610000000000000e+05
7.615670000000000000e+05
7.615910000000000000e+05
7.615970000000000000e+05
7.616030000000000000e+05
7.616110000000000000e+05
7.616230000000000000e+05
7.616330000000000000e+05
7.616690000000000000e+05
7.616710000000000000e+05
7.616810000000000000e+05
7.616890000000000000e+05
7.617110000000000000e+05
7.617130000000000000e+05
7.617310000000000000e+05
7.617730000000000000e+05
7.617770000000000000e+05
7.617790000000000000e+05
7.618070000000000000e+05
7.618090000000000000e+05
7.618330000000000000e+05
7.618610000000000000e+05
7.618630000000000000e+05
7.618690000000000000e+05
7.618790000000000000e+05
7.618970000000000000e+05
7.619270000000000000e+05
7.619390000000000000e+05
7.619630000000000000e+05
7.619770000000000000e+05
7.619830000000000000e+05
7.619930000000000000e+05
7.620010000000000000e+05
7.620070000000000000e+05
7.620170000000000000e+05
7.620310000000000000e+05
7.620370000000000000e+05
7.620490000000000000e+05
7.620530000000000000e+05
7.620610000000000000e+05
7.621010000000000000e+05
7.621210000000000000e+05
7.621870000000000000e+05
7.622110000000000000e+05
7.622270000000000000e+05
7.622330000000000000e+05
7.622390000000000000e+05
7.622410000000000000e+05
7.622530000000000000e+05
7.622570000000000000e+05
7.622770000000000000e+05
7.623190000000000000e+05
7.623290000000000000e+05
7.623670000000000000e+05
7.623710000000000000e+05
7.623730000000000000e+05
7.623790000000000000e+05
7.623890000000000000e+05
7.623970000000000000e+05
7.624010000000000000e+05
7.624070000000000000e+05
7.624090000000000000e+05
7.624790000000000000e+05
7.624910000000000000e+05
7.624990000000000000e+05
7.625290000000000000e+05
7.625390000000000000e+05
7.625470000000000000e+05
7.625570000000000000e+05
7.625630000000000000e+05
7.625710000000000000e+05
7.625770000000000000e+05
7.625830000000000000e+05
7.625990000000000000e+05
7.626470000000000000e+05
7.626530000000000000e+05
7.626590000000000000e+05
7.626670000000000000e+05
7.627210000000000000e+05
7.627370000000000000e+05
7.627430000000000000e+05
7.627610000000000000e+05
7.627790000000000000e+05
7.627910000000000000e+05
7.628090000000000000e+05
7.628210000000000000e+05
7.628230000000000000e+05
7.628470000000000000e+05
7.628710000000000000e+05
7.628770000000000000e+05
7.628930000000000000e+05
7.628990000000000000e+05
7.629010000000000000e+05
7.629130000000000000e+05
7.629170000000000000e+05
7.629190000000000000e+05
7.629590000000000000e+05
