7.642490000000000000e+05
7.642510000000000000e+05
7.642610000000000000e+05
7.642730000000000000e+05
7.642930000000000000e+05
7.643170000000000000e+05
7.643210000000000000e+05
7.643270000000000000e+05
7.643390000000000000e+05
7.643410000000000000e+05
7.643690000000000000e+05
7.643810000000000000e+05
7.643990000000000000e+05
7.644310000000000000e+05
7.644470000000000000e+05
7.644590000000000000e+05
7.644710000000000000e+05
7.645010000000000000e+05
7.645210000000000000e+05
7.645390000000000000e+05
7.645510000000000000e+05
7.645630000000000000e+05
7.645870000000000000e+05
7.645910000000000000e+05
7.645930000000000000e+05
7.646110000000000000e+05
7.646230000000000000e+05
7.646270000000000000e+05
7.646290000000000000e+05
7.646570000000000000e+05
7.646830000000000000e+05
7.646890000000000000e+05
7.647170000000000000e+05
7.647190000000000000e+05
7.647230000000000000e+05
7.647830000000000000e+05
7.647890000000000000e+05
7.648090000000000000e+05
7.648370000000000000e+05
7.648390000000000000e+05
7.648490000000000000e+05
7.648570000000000000e+05
7.648870000000000000e+05
7.648910000000000000e+05
7.648930000000000000e+05
7.648990000000000000e+05
7.649030000000000000e+05
7.649470000000000000e+05
7.649690000000000000e+05
7.649710000000000000e+05
7.649770000000000000e+05
7.649890000000000000e+05
7.649930000000000000e+05
7.649990000000000000e+05
7.650070000000000000e+05
7.650310000000000000e+05
7.650410000000000000e+05
7.650430000000000000e+05
7.650470000000000000e+05
7.650590000000000000e+05
7.650910000000000000e+05
7.650970000000000000e+05
7.651030000000000000e+05
7.651090000000000000e+05
7.651310000000000000e+05
7.651370000000000000e+05
7.651390000000000000e+05
7.651430000000000000e+05
7.651510000000000000e+05
7.651690000000000000e+05
7.651810000000000000e+05
7.651990000000000000e+05
7.652030000000000000e+05
7.652090000000000000e+05
7.652110000000000000e+05
7.652270000000000000e+05
7.652290000000000000e+05
7.652410000000000000e+05
7.652510000000000000e+05
7.652570000000000000e+05
7.652830000000000000e+05
7.652870000000000000e+05
7.652930000000000000e+05
7.653070000000000000e+05
7.653130000000000000e+05
7.653190000000000000e+05
7.653290000000000000e+05
7.653530000000000000e+05
7.653790000000000000e+05
7.653830000000000000e+05
7.653890000000000000e+05
7.654090000000000000e+05
7.654370000000000000e+05
7.654390000000000000e+05
7.654610000000000000e+05
7.654670000000000000e+05
7.654870000000000000e+05
7.654970000000000000e+05
7.655030000000000000e+05
7.655210000000000000e+05
