7.682030000000000000e+05
7.682210000000000000e+05
7.682410000000000000e+05
7.682590000000000000e+05
7.682630000000000000e+05
7.683010000000000000e+05
7.683190000000000000e+05
7.683230000000000000e+05
7.683290000000000000e+05
7.683430000000000000e+05
7.683470000000000000e+05
7.683530000000000000e+05
7.683590000000000000e+05
7.683710000000000000e+05
7.683730000000000000e+05
7.683770000000000000e+05
7.683890000000000000e+05
7.684010000000000000e+05
7.684090000000000000e+05
7.684190000000000000e+05
7.684310000000000000e+05
7.684370000000000000e+05
7.684570000000000000e+05
7.684610000000000000e+05
7.684790000000000000e+05
7.684910000000000000e+05
7.685030000000000000e+05
7.685410000000000000e+05
7.685630000000000000e+05
7.685710000000000000e+05
7.685890000000000000e+05
7.686130000000000000e+05
7.686230000000000000e+05
7.686290000000000000e+05
7.686310000000000000e+05
7.686410000000000000e+05
7.686430000000000000e+05
7.686530000000000000e+05
7.686710000000000000e+05
7.687270000000000000e+05
7.687510000000000000e+05
7.687670000000000000e+05
7.687730000000000000e+05
7.687870000000000000e+05
7.687930000000000000e+05
7.687990000000000000e+05
7.688110000000000000e+05
7.688410000000000000e+05
7.688510000000000000e+05
7.688530000000000000e+05
7.688570000000000000e+05
7.688690000000000000e+05
7.688810000000000000e+05
7.689230000000000000e+05
7.689310000000000000e+05
7.689410000000000000e+05
7.689530000000000000e+05
7.689790000000000000e+05
7.689830000000000000e+05
7.690030000000000000e+05
7.690070000000000000e+05
7.690190000000000000e+05
7.690330000000000000e+05
7.690390000000000000e+05
7.690570000000000000e+05
7.690730000000000000e+05
7.690810000000000000e+05
7.690910000000000000e+05
7.691170000000000000e+05
7.691230000000000000e+05
7.691470000000000000e+05
7.691510000000000000e+05
7.691590000000000000e+05
7.691690000000000000e+05
7.692070000000000000e+05
7.692310000000000000e+05
7.692430000000000000e+05
7.692470000000000000e+05
7.692590000000000000e+05
7.692610000000000000e+05
7.692730000000000000e+05
7.692890000000000000e+05
7.692970000000000000e+05
7.693090000000000000e+05
7.693190000000000000e+05
7.693390000000000000e+05
7.693570000000000000e+05
7.693870000000000000e+05
7.694110000000000000e+05
7.694210000000000000e+05
7.694230000000000000e+05
7.694290000000000000e+05
7.694530000000000000e+05
7.694590000000000000e+05
7.694630000000000000e+05
7.694690000000000000e+05
7.694870000000000000e+05
7.695410000000000000e+05
7.695430000000000000e+05
7.695470000000000000e+05
