7.695530000000000000e+05
7.695770000000000000e+05
7.695790000000000000e+05
7.695890000000000000e+05
7.695910000000000000e+05
7.695970000000000000e+05
7.696190000000000000e+05
7.696270000000000000e+05
7.696610000000000000e+05
7.696630000000000000e+05
7.696730000000000000e+05
7.696870000000000000e+05
7.697230000000000000e+05
7.697290000000000000e+05
7.697330000000000000e+05
7.697390000000000000e+05
7.697510000000000000e+05
7.697810000000000000e+05
7.697890000000000000e+05
7.697990000000000000e+05
7.698070000000000000e+05
7.698370000000000000e+05
7.698710000000000000e+05
7.699030000000000000e+05
7.699190000000000000e+05
7.699270000000000000e+05
7.699430000000000000e+05
7.699610000000000000e+05
7.699630000000000000e+05
7.699730000000000000e+05
7.699870000000000000e+05
7.699970000000000000e+05
7.699990000000000000e+05
7.700270000000000000e+05
7.700390000000000000e+05
7.700410000000000000e+05
7.700470000000000000e+05
7.700530000000000000e+05
7.700570000000000000e+05
7.700590000000000000e+05
7.700690000000000000e+05
7.701010000000000000e+05
7.701110000000000000e+05
7.701130000000000000e+05
7.701230000000000000e+05
7.701290000000000000e+05
7.701670000000000000e+05
7.701770000000000000e+05
7.701790000000000000e+05
7.701830000000000000e+05
7.701910000000000000e+05
7.702070000000000000e+05
7.702270000000000000e+05
7.702330000000000000e+05
7.702390000000000000e+05
7.702610000000000000e+05
7.702810000000000000e+05
7.702910000000000000e+05
7.703090000000000000e+05
7.703110000000000000e+05
7.703530000000000000e+05
7.703590000000000000e+05
7.703870000000000000e+05
7.704010000000000000e+05
7.704170000000000000e+05
7.704370000000000000e+05
7.704470000000000000e+05
7.704490000000000000e+05
7.704590000000000000e+05
7.705030000000000000e+05
7.705190000000000000e+05
7.705270000000000000e+05
7.705330000000000000e+05
7.705370000000000000e+05
7.705510000000000000e+05
7.705570000000000000e+05
7.705730000000000000e+05
7.705790000000000000e+05
7.705870000000000000e+05
7.705910000000000000e+05
7.705970000000000000e+05
7.706110000000000000e+05
7.706390000000000000e+05
7.706410000000000000e+05
7.706470000000000000e+05
7.706570000000000000e+05
7.706630000000000000e+05
7.706690000000000000e+05
7.707410000000000000e+05
7.707610000000000000e+05
7.707670000000000000e+05
7.707710000000000000e+05
7.707890000000000000e+05
7.708010000000000000e+05
7.708130000000000000e+05
7.708370000000000000e+05
7.708390000000000000e+05
7.708430000000000000e+05
7.708630000000000000e+05
7.708670000000000000e+05
