7.708730000000000000e+05
7.708810000000000000e+05
7.708970000000000000e+05
7.709090000000000000e+05
7.709270000000000000e+05
7.709290000000000000e+05
7.709510000000000000e+05
7.709710000000000000e+05
7.709810000000000000e+05
7.709930000000000000e+05
7.710110000000000000e+05
7.710130000000000000e+05
7.710190000000000000e+05
7.710310000000000000e+05
7.710370000000000000e+05
7.710470000000000000e+05
7.710490000000000000e+05
7.710730000000000000e+05
7.710790000000000000e+05
7.710910000000000000e+05
7.711090000000000000e+05
7.711430000000000000e+05
7.711630000000000000e+05
7.711790000000000000e+05
7.711810000000000000e+05
7.712090000000000000e+05
7.712170000000000000e+05
7.712270000000000000e+05
7.712330000000000000e+05
7.712690000000000000e+05
7.712830000000000000e+05
7.712890000000000000e+05
7.712930000000000000e+05
7.712990000000000000e+05
7.713010000000000000e+05
7.713490000000000000e+05
7.713590000000000000e+05
7.713890000000000000e+05
7.714010000000000000e+05
7.714030000000000000e+05
7.714270000000000000e+05
7.714310000000000000e+05
7.714370000000000000e+05
7.714390000000000000e+05
7.714610000000000000e+05
7.714730000000000000e+05
7.714810000000000000e+05
7.714990000000000000e+05
7.715030000000000000e+05
7.715090000000000000e+05
7.715170000000000000e+05
7.715270000000000000e+05
7.715530000000000000e+05
7.715690000000000000e+05
7.715830000000000000e+05
7.715870000000000000e+05
7.716070000000000000e+05
7.716190000000000000e+05
7.716230000000000000e+05
7.716290000000000000e+05
7.716370000000000000e+05
7.716430000000000000e+05
7.716530000000000000e+05
7.716790000000000000e+05
7.716910000000000000e+05
7.716970000000000000e+05
7.717030000000000000e+05
7.717390000000000000e+05
7.717630000000000000e+05
7.717690000000000000e+05
7.717810000000000000e+05
7.718090000000000000e+05
7.718530000000000000e+05
7.718630000000000000e+05
7.718770000000000000e+05
7.718870000000000000e+05
7.718890000000000000e+05
7.718990000000000000e+05
7.719170000000000000e+05
7.719370000000000000e+05
7.719410000000000000e+05
7.719610000000000000e+05
7.719710000000000000e+05
7.719730000000000000e+05
7.719970000000000000e+05
7.720010000000000000e+05
7.720030000000000000e+05
7.720190000000000000e+05
7.720610000000000000e+05
7.720730000000000000e+05
7.720810000000000000e+05
7.720910000000000000e+05
7.720970000000000000e+05
7.721270000000000000e+05
7.721390000000000000e+05
7.721470000000000000e+05
7.721590000000000000e+05
7.721690000000000000e+05
7.721810000000000000e+05
7.722070000000000000e+05
