7.722290000000000000e+05
7.722310000000000000e+05
7.722730000000000000e+05
7.722790000000000000e+05
7.722970000000000000e+05
7.723130000000000000e+05
7.723330000000000000e+05
7.723390000000000000e+05
7.723490000000000000e+05
7.723670000000000000e+05
7.723790000000000000e+05
7.723810000000000000e+05
7.723910000000000000e+05
7.723930000000000000e+05
7.724030000000000000e+05
7.724390000000000000e+05
7.724410000000000000e+05
7.724510000000000000e+05
7.724590000000000000e+05
7.724770000000000000e+05
7.724930000000000000e+05
7.725170000000000000e+05
7.725370000000000000e+05
7.725670000000000000e+05
7.725710000000000000e+05
7.725730000000000000e+05
7.725910000000000000e+05
7.726190000000000000e+05
7.726310000000000000e+05
7.726490000000000000e+05
7.726570000000000000e+05
7.726610000000000000e+05
7.726630000000000000e+05
7.726690000000000000e+05
7.726910000000000000e+05
7.726970000000000000e+05
7.727030000000000000e+05
7.727210000000000000e+05
7.727570000000000000e+05
7.727710000000000000e+05
7.727890000000000000e+05
7.728430000000000000e+05
7.728470000000000000e+05
7.728530000000000000e+05
7.728590000000000000e+05
7.728670000000000000e+05
7.729030000000000000e+05
7.729070000000000000e+05
7.729090000000000000e+05
7.729130000000000000e+05
7.729210000000000000e+05
7.729490000000000000e+05
7.729630000000000000e+05
7.729870000000000000e+05
7.729910000000000000e+05
7.730210000000000000e+05
7.730230000000000000e+05
7.730270000000000000e+05
7.730290000000000000e+05
7.730390000000000000e+05
7.730570000000000000e+05
7.730630000000000000e+05
7.730810000000000000e+05
7.730830000000000000e+05
7.730930000000000000e+05
7.731170000000000000e+05
7.731470000000000000e+05
7.731530000000000000e+05
7.731590000000000000e+05
7.732070000000000000e+05
7.732090000000000000e+05
7.732310000000000000e+05
7.732390000000000000e+05
7.732490000000000000e+05
7.732510000000000000e+05
7.732730000000000000e+05
7.732870000000000000e+05
7.732990000000000000e+05
7.733170000000000000e+05
7.733410000000000000e+05
7.733630000000000000e+05
7.733710000000000000e+05
7.733870000000000000e+05
7.733930000000000000e+05
7.734070000000000000e+05
7.734170000000000000e+05
7.734470000000000000e+05
7.734530000000000000e+05
7.734730000000000000e+05
7.734910000000000000e+05
7.734970000000000000e+05
7.735010000000000000e+05
7.735330000000000000e+05
7.735370000000000000e+05
7.735610000000000000e+05
7.735670000000000000e+05
7.735690000000000000e+05
7.735790000000000000e+05
7.735990000000000000e+05
7.736030000000000000e+05
