7.764490000000000000e+05
7.764530000000000000e+05
7.764670000000000000e+05
7.764710000000000000e+05
7.764830000000000000e+05
7.764970000000000000e+05
7.765070000000000000e+05
7.765130000000000000e+05
7.765210000000000000e+05
7.765510000000000000e+05
7.765570000000000000e+05
7.765610000000000000e+05
7.765630000000000000e+05
7.765690000000000000e+05
7.765990000000000000e+05
7.766270000000000000e+05
7.766510000000000000e+05
7.766830000000000000e+05
7.766930000000000000e+05
7.767190000000000000e+05
7.767290000000000000e+05
7.767490000000000000e+05
7.767530000000000000e+05
7.767590000000000000e+05
7.768010000000000000e+05
7.768130000000000000e+05
7.768190000000000000e+05
7.768370000000000000e+05
7.768510000000000000e+05
7.768610000000000000e+05
7.768690000000000000e+05
7.768790000000000000e+05
7.768870000000000000e+05
7.768990000000000000e+05
7.769210000000000000e+05
7.769470000000000000e+05
7.769690000000000000e+05
7.769770000000000000e+05
7.769830000000000000e+05
7.769870000000000000e+05
7.770010000000000000e+05
7.770110000000000000e+05
7.770130000000000000e+05
7.770310000000000000e+05
7.770410000000000000e+05
7.770710000000000000e+05
7.770970000000000000e+05
7.771030000000000000e+05
7.771090000000000000e+05
7.771370000000000000e+05
7.771430000000000000e+05
7.771510000000000000e+05
7.771670000000000000e+05
7.771690000000000000e+05
7.771730000000000000e+05
7.771810000000000000e+05
7.771870000000000000e+05
7.771910000000000000e+05
7.771990000000000000e+05
7.772090000000000000e+05
7.772210000000000000e+05
7.772410000000000000e+05
7.772470000000000000e+05
7.772510000000000000e+05
7.772690000000000000e+05
7.772770000000000000e+05
7.773130000000000000e+05
7.773170000000000000e+05
7.773490000000000000e+05
7.773530000000000000e+05
7.773730000000000000e+05
7.773830000000000000e+05
7.773890000000000000e+05
7.773910000000000000e+05
7.774190000000000000e+05
7.774210000000000000e+05
7.774310000000000000e+05
7.774330000000000000e+05
7.774370000000000000e+05
7.774510000000000000e+05
7.774630000000000000e+05
7.774730000000000000e+05
7.774790000000000000e+05
7.775410000000000000e+05
7.775510000000000000e+05
7.775710000000000000e+05
7.775830000000000000e+05
7.775890000000000000e+05
7.776170000000000000e+05
7.776190000000000000e+05
7.776410000000000000e+05
7.776430000000000000e+05
7.776610000000000000e+05
7.776710000000000000e+05
7.776770000000000000e+05
7.776830000000000000e+05
7.777310000000000000e+05
7.777370000000000000e+05
7.777430000000000000e+05
7.777610000000000000e+05
