7.790390000000000000e+05
7.790630000000000000e+05
7.790690000000000000e+05
7.790810000000000000e+05
7.791010000000000000e+05
7.791110000000000000e+05
7.791310000000000000e+05
7.791370000000000000e+05
7.791590000000000000e+05
7.791730000000000000e+05
7.791890000000000000e+05
7.792210000000000000e+05
7.792310000000000000e+05
7.792390000000000000e+05
7.792490000000000000e+05
7.792670000000000000e+05
7.793270000000000000e+05
7.793290000000000000e+05
7.793410000000000000e+05
7.793470000000000000e+05
7.793510000000000000e+05
7.793530000000000000e+05
7.793570000000000000e+05
7.793770000000000000e+05
7.794130000000000000e+05
7.794770000000000000e+05
7.794890000000000000e+05
7.795070000000000000e+05
7.795210000000000000e+05
7.795310000000000000e+05
7.795430000000000000e+05
7.795610000000000000e+05
7.795630000000000000e+05
7.795730000000000000e+05
7.795790000000000000e+05
7.795910000000000000e+05
7.795930000000000000e+05
7.795990000000000000e+05
7.796090000000000000e+05
7.796170000000000000e+05
7.796210000000000000e+05
7.796570000000000000e+05
7.796590000000000000e+05
7.796630000000000000e+05
7.796930000000000000e+05
7.796990000000000000e+05
7.797070000000000000e+05
7.797310000000000000e+05
7.797470000000000000e+05
7.797490000000000000e+05
7.797610000000000000e+05
7.797670000000000000e+05
7.797710000000000000e+05
7.797910000000000000e+05
7.797970000000000000e+05
7.798270000000000000e+05
7.798370000000000000e+05
7.798690000000000000e+05
7.798730000000000000e+05
7.798790000000000000e+05
7.798870000000000000e+05
7.798990000000000000e+05
7.799270000000000000e+05
7.799390000000000000e+05
7.799710000000000000e+05
7.799810000000000000e+05
7.799830000000000000e+05
7.799930000000000000e+05
7.800290000000000000e+05
7.800370000000000000e+05
7.800410000000000000e+05
7.800470000000000000e+05
7.800490000000000000e+05
7.800610000000000000e+05
7.801190000000000000e+05
7.801270000000000000e+05
7.801630000000000000e+05
7.801730000000000000e+05
7.801790000000000000e+05
7.801910000000000000e+05
7.801930000000000000e+05
7.802110000000000000e+05
7.802230000000000000e+05
7.802330000000000000e+05
7.802530000000000000e+05
7.802570000000000000e+05
7.802870000000000000e+05
7.803230000000000000e+05
7.803430000000000000e+05
7.803470000000000000e+05
7.803710000000000000e+05
7.803790000000000000e+05
7.803830000000000000e+05
7.803890000000000000e+05
7.803970000000000000e+05
7.804010000000000000e+05
7.804210000000000000e+05
7.804330000000000000e+05
7.804570000000000000e+05
7.804690000000000000e+05
