7.831490000000000000e+05
7.831510000000000000e+05
7.831910000000000000e+05
7.831930000000000000e+05
7.831970000000000000e+05
7.832270000000000000e+05
7.832470000000000000e+05
7.832570000000000000e+05
7.832590000000000000e+05
7.832690000000000000e+05
7.832830000000000000e+05
7.833170000000000000e+05
7.833230000000000000e+05
7.833290000000000000e+05
7.833370000000000000e+05
7.833590000000000000e+05
7.833610000000000000e+05
7.833730000000000000e+05
7.833790000000000000e+05
7.834070000000000000e+05
7.834130000000000000e+05
7.834210000000000000e+05
7.834730000000000000e+05
7.834870000000000000e+05
7.835270000000000000e+05
7.835290000000000000e+05
7.835330000000000000e+05
7.835530000000000000e+05
7.835570000000000000e+05
7.835690000000000000e+05
7.835710000000000000e+05
7.835990000000000000e+05
7.836130000000000000e+05
7.836190000000000000e+05
7.836410000000000000e+05
7.836470000000000000e+05
7.836610000000000000e+05
7.836770000000000000e+05
7.836890000000000000e+05
7.836910000000000000e+05
7.837010000000000000e+05
7.837030000000000000e+05
7.837070000000000000e+05
7.837190000000000000e+05
7.837210000000000000e+05
7.837330000000000000e+05
7.837370000000000000e+05
7.837430000000000000e+05
7.837490000000000000e+05
7.837630000000000000e+05
7.837670000000000000e+05
7.837790000000000000e+05
7.837810000000000000e+05
7.837870000000000000e+05
7.837910000000000000e+05
7.837930000000000000e+05
7.837990000000000000e+05
7.838030000000000000e+05
7.838290000000000000e+05
7.838690000000000000e+05
7.838770000000000000e+05
7.839310000000000000e+05
7.839530000000000000e+05
7.840090000000000000e+05
7.840390000000000000e+05
7.840610000000000000e+05
7.840810000000000000e+05
7.840870000000000000e+05
7.840970000000000000e+05
7.841030000000000000e+05
7.841090000000000000e+05
7.841170000000000000e+05
7.841290000000000000e+05
7.841530000000000000e+05
7.841710000000000000e+05
7.841810000000000000e+05
7.841830000000000000e+05
7.842110000000000000e+05
7.842130000000000000e+05
7.842190000000000000e+05
7.842290000000000000e+05
7.842430000000000000e+05
7.842490000000000000e+05
7.842830000000000000e+05
7.843070000000000000e+05
7.843090000000000000e+05
7.843130000000000000e+05
7.843210000000000000e+05
7.843270000000000000e+05
7.843490000000000000e+05
7.843510000000000000e+05
7.843670000000000000e+05
7.843730000000000000e+05
7.843790000000000000e+05
7.843870000000000000e+05
7.844090000000000000e+05
7.844110000000000000e+05
7.844230000000000000e+05
7.844470000000000000e+05
7.844510000000000000e+05
