7.844570000000000000e+05
7.844630000000000000e+05
7.844710000000000000e+05
7.844810000000000000e+05
7.844890000000000000e+05
7.845010000000000000e+05
7.845130000000000000e+05
7.845410000000000000e+05
7.845430000000000000e+05
7.845470000000000000e+05
7.845610000000000000e+05
7.845730000000000000e+05
7.845770000000000000e+05
7.845830000000000000e+05
7.846030000000000000e+05
7.846270000000000000e+05
7.846490000000000000e+05
7.846610000000000000e+05
7.846870000000000000e+05
7.846970000000000000e+05
7.847170000000000000e+05
7.847230000000000000e+05
7.847270000000000000e+05
7.847530000000000000e+05
7.847890000000000000e+05
7.847990000000000000e+05
7.848310000000000000e+05
7.848370000000000000e+05
7.848410000000000000e+05
7.848590000000000000e+05
7.848670000000000000e+05
7.848970000000000000e+05
7.849130000000000000e+05
7.849190000000000000e+05
7.849390000000000000e+05
7.849570000000000000e+05
7.849610000000000000e+05
7.849810000000000000e+05
7.850030000000000000e+05
7.850170000000000000e+05
7.850330000000000000e+05
7.850530000000000000e+05
7.850930000000000000e+05
7.851010000000000000e+05
7.851070000000000000e+05
7.851190000000000000e+05
7.851230000000000000e+05
7.851290000000000000e+05
7.851430000000000000e+05
7.851530000000000000e+05
7.851590000000000000e+05
7.851670000000000000e+05
7.852030000000000000e+05
7.852070000000000000e+05
7.852190000000000000e+05
7.852210000000000000e+05
7.852270000000000000e+05
7.852490000000000000e+05
7.852690000000000000e+05
7.852870000000000000e+05
7.852930000000000000e+05
7.852990000000000000e+05
7.853030000000000000e+05
7.853110000000000000e+05
7.853210000000000000e+05
7.853290000000000000e+05
7.853330000000000000e+05
7.853410000000000000e+05
7.853470000000000000e+05
7.853530000000000000e+05
7.853570000000000000e+05
7.853630000000000000e+05
7.853770000000000000e+05
7.854130000000000000e+05
7.854230000000000000e+05
7.854310000000000000e+05
7.854590000000000000e+05
7.854610000000000000e+05
7.854830000000000000e+05
7.855010000000000000e+05
7.855030000000000000e+05
7.855270000000000000e+05
7.855370000000000000e+05
7.855490000000000000e+05
7.855690000000000000e+05
7.855730000000000000e+05
7.855790000000000000e+05
7.855910000000000000e+05
7.855970000000000000e+05
7.856230000000000000e+05
7.856270000000000000e+05
7.856410000000000000e+05
7.856510000000000000e+05
7.856710000000000000e+05
7.856930000000000000e+05
7.857170000000000000e+05
7.857310000000000000e+05
7.857370000000000000e+05
7.857530000000000000e+05
7.857730000000000000e+05
