7.857770000000000000e+05
7.857790000000000000e+05
7.858010000000000000e+05
7.858030000000000000e+05
7.858090000000000000e+05
7.858390000000000000e+05
7.858570000000000000e+05
7.858610000000000000e+05
7.858790000000000000e+05
7.859030000000000000e+05
7.859210000000000000e+05
7.859230000000000000e+05
7.859470000000000000e+05
7.859510000000000000e+05
7.859630000000000000e+05
7.860010000000000000e+05
7.860130000000000000e+05
7.860170000000000000e+05
7.860310000000000000e+05
7.860470000000000000e+05
7.860530000000000000e+05
7.860590000000000000e+05
7.860610000000000000e+05
7.860770000000000000e+05
7.861090000000000000e+05
7.861270000000000000e+05
7.861510000000000000e+05
7.861670000000000000e+05
7.861730000000000000e+05
7.861790000000000000e+05
7.861970000000000000e+05
7.862110000000000000e+05
7.862230000000000000e+05
7.862410000000000000e+05
7.862510000000000000e+05
7.862710000000000000e+05
7.863070000000000000e+05
7.863110000000000000e+05
7.863190000000000000e+05
7.863290000000000000e+05
7.863370000000000000e+05
7.863490000000000000e+05
7.863710000000000000e+05
7.864070000000000000e+05
7.864190000000000000e+05
7.864310000000000000e+05
7.864330000000000000e+05
7.864490000000000000e+05
7.864690000000000000e+05
7.864910000000000000e+05
7.865470000000000000e+05
7.865510000000000000e+05
7.865530000000000000e+05
7.865870000000000000e+05
7.865890000000000000e+05
7.866130000000000000e+05
7.866290000000000000e+05
7.866590000000000000e+05
7.866610000000000000e+05
7.866730000000000000e+05
7.866910000000000000e+05
7.866970000000000000e+05
7.867010000000000000e+05
7.867030000000000000e+05
7.867070000000000000e+05
7.867190000000000000e+05
7.867390000000000000e+05
7.867630000000000000e+05
7.868030000000000000e+05
7.868230000000000000e+05
7.868290000000000000e+05
7.868330000000000000e+05
7.868590000000000000e+05
7.868810000000000000e+05
7.868870000000000000e+05
7.868890000000000000e+05
7.869010000000000000e+05
7.869310000000000000e+05
7.869370000000000000e+05
7.869410000000000000e+05
7.869490000000000000e+05
7.869590000000000000e+05
7.869710000000000000e+05
7.869790000000000000e+05
7.869830000000000000e+05
7.870210000000000000e+05
7.870430000000000000e+05
7.870510000000000000e+05
7.870570000000000000e+05
7.870670000000000000e+05
7.870690000000000000e+05
7.870790000000000000e+05
7.870910000000000000e+05
7.870990000000000000e+05
7.871230000000000000e+05
7.871390000000000000e+05
7.871530000000000000e+05
7.871810000000000000e+05
7.871870000000000000e+05
7.872070000000000000e+05
