7.939270000000000000e+05
7.939310000000000000e+05
7.939390000000000000e+05
7.939570000000000000e+05
7.939670000000000000e+05
7.939790000000000000e+05
7.939810000000000000e+05
7.939990000000000000e+05
7.940090000000000000e+05
7.940110000000000000e+05
7.940230000000000000e+05
7.940330000000000000e+05
7.940390000000000000e+05
7.940410000000000000e+05
7.940630000000000000e+05
7.940710000000000000e+05
7.940770000000000000e+05
7.940890000000000000e+05
7.941110000000000000e+05
7.941130000000000000e+05
7.941190000000000000e+05
7.941370000000000000e+05
7.941410000000000000e+05
7.941490000000000000e+05
7.941530000000000000e+05
7.941610000000000000e+05
7.941730000000000000e+05
7.941790000000000000e+05
7.941910000000000000e+05
7.942010000000000000e+05
7.942030000000000000e+05
7.942070000000000000e+05
7.942210000000000000e+05
7.942310000000000000e+05
7.942390000000000000e+05
7.942490000000000000e+05
7.943270000000000000e+05
7.943410000000000000e+05
7.943630000000000000e+05
7.943830000000000000e+05
7.943890000000000000e+05
7.943990000000000000e+05
7.944070000000000000e+05
7.944130000000000000e+05
7.944490000000000000e+05
7.944710000000000000e+05
7.944730000000000000e+05
7.944770000000000000e+05
7.944830000000000000e+05
7.944910000000000000e+05
7.945090000000000000e+05
7.945310000000000000e+05
7.945370000000000000e+05
7.945430000000000000e+05
7.945510000000000000e+05
7.945570000000000000e+05
7.945690000000000000e+05
7.945790000000000000e+05
7.945870000000000000e+05
7.945930000000000000e+05
7.946410000000000000e+05
7.946530000000000000e+05
7.946570000000000000e+05
7.946590000000000000e+05
7.946690000000000000e+05
7.946930000000000000e+05
7.947110000000000000e+05
7.947410000000000000e+05
7.947430000000000000e+05
7.947490000000000000e+05
7.947790000000000000e+05
7.948310000000000000e+05
7.948790000000000000e+05
7.948810000000000000e+05
7.948870000000000000e+05
7.949210000000000000e+05
7.949230000000000000e+05
7.949530000000000000e+05
7.949570000000000000e+05
7.949930000000000000e+05
7.949990000000000000e+05
7.950010000000000000e+05
7.950070000000000000e+05
7.950230000000000000e+05
7.950710000000000000e+05
7.950770000000000000e+05
7.950790000000000000e+05
7.950830000000000000e+05
7.950970000000000000e+05
7.951010000000000000e+05
7.951030000000000000e+05
7.951210000000000000e+05
7.951270000000000000e+05
7.951390000000000000e+05
7.951490000000000000e+05
7.951610000000000000e+05
7.951870000000000000e+05
7.952030000000000000e+05
7.952110000000000000e+05
7.952170000000000000e+05
