7.978870000000000000e+05
7.978970000000000000e+05
7.979110000000000000e+05
7.979170000000000000e+05
7.979330000000000000e+05
7.979470000000000000e+05
7.979570000000000000e+05
7.979770000000000000e+05
7.979870000000000000e+05
7.980230000000000000e+05
7.980430000000000000e+05
7.980590000000000000e+05
7.980670000000000000e+05
7.980710000000000000e+05
7.980790000000000000e+05
7.980890000000000000e+05
7.980970000000000000e+05
7.981010000000000000e+05
7.981210000000000000e+05
7.981310000000000000e+05
7.981390000000000000e+05
7.981430000000000000e+05
7.981510000000000000e+05
7.981730000000000000e+05
7.981790000000000000e+05
7.981910000000000000e+05
7.981970000000000000e+05
7.981990000000000000e+05
7.982210000000000000e+05
7.982230000000000000e+05
7.982270000000000000e+05
7.982510000000000000e+05
7.982570000000000000e+05
7.982630000000000000e+05
7.982710000000000000e+05
7.982930000000000000e+05
7.983190000000000000e+05
7.983310000000000000e+05
7.983730000000000000e+05
7.983830000000000000e+05
7.983970000000000000e+05
7.984030000000000000e+05
7.984090000000000000e+05
7.984430000000000000e+05
7.984510000000000000e+05
7.984610000000000000e+05
7.984810000000000000e+05
7.984870000000000000e+05
7.985030000000000000e+05
7.985170000000000000e+05
7.985210000000000000e+05
7.985270000000000000e+05
7.985330000000000000e+05
7.985690000000000000e+05
7.985990000000000000e+05
7.986130000000000000e+05
7.986410000000000000e+05
7.986470000000000000e+05
7.986490000000000000e+05
7.986670000000000000e+05
7.986910000000000000e+05
7.986970000000000000e+05
7.987010000000000000e+05
7.987130000000000000e+05
7.987270000000000000e+05
7.987370000000000000e+05
7.987510000000000000e+05
7.987570000000000000e+05
7.987730000000000000e+05
7.987810000000000000e+05
7.987990000000000000e+05
7.988230000000000000e+05
7.988710000000000000e+05
7.988870000000000000e+05
7.989110000000000000e+05
7.989230000000000000e+05
7.989290000000000000e+05
7.989370000000000000e+05
7.989430000000000000e+05
7.989610000000000000e+05
7.990030000000000000e+05
7.990210000000000000e+05
7.990310000000000000e+05
7.990610000000000000e+05
7.990630000000000000e+05
7.990910000000000000e+05
7.990930000000000000e+05
7.991030000000000000e+05
7.991470000000000000e+05
7.991510000000000000e+05
7.991710000000000000e+05
7.992170000000000000e+05
7.992190000000000000e+05
7.992230000000000000e+05
7.992590000000000000e+05
7.992910000000000000e+05
7.993010000000000000e+05
7.993030000000000000e+05
7.993070000000000000e+05
7.993130000000000000e+05
