7.993330000000000000e+05
7.993430000000000000e+05
7.993610000000000000e+05
7.993630000000000000e+05
7.993690000000000000e+05
7.994170000000000000e+05
7.994270000000000000e+05
7.994410000000000000e+05
7.994530000000000000e+05
7.994710000000000000e+05
7.994810000000000000e+05
7.994830000000000000e+05
7.994890000000000000e+05
7.995070000000000000e+05
7.995230000000000000e+05
7.995290000000000000e+05
7.995430000000000000e+05
7.995530000000000000e+05
7.995730000000000000e+05
7.996090000000000000e+05
7.996130000000000000e+05
7.996190000000000000e+05
7.996210000000000000e+05
7.996330000000000000e+05
7.996370000000000000e+05
7.996510000000000000e+05
7.996570000000000000e+05
7.996610000000000000e+05
7.996790000000000000e+05
7.997230000000000000e+05
7.997270000000000000e+05
7.997390000000000000e+05
7.997410000000000000e+05
7.997530000000000000e+05
7.997590000000000000e+05
7.997890000000000000e+05
7.998010000000000000e+05
7.998070000000000000e+05
7.998170000000000000e+05
7.998370000000000000e+05
7.998530000000000000e+05
7.998590000000000000e+05
7.998730000000000000e+05
7.998910000000000000e+05
7.999210000000000000e+05
7.999490000000000000e+05
7.999610000000000000e+05
7.999790000000000000e+05
7.999910000000000000e+05
7.999930000000000000e+05
7.999990000000000000e+05
8.000110000000000000e+05
8.000290000000000000e+05
8.000530000000000000e+05
8.000570000000000000e+05
8.000770000000000000e+05
8.000830000000000000e+05
8.000890000000000000e+05
8.001130000000000000e+05
8.001170000000000000e+05
8.001190000000000000e+05
8.001230000000000000e+05
8.001310000000000000e+05
8.001430000000000000e+05
8.001590000000000000e+05
8.001610000000000000e+05
8.001710000000000000e+05
8.002090000000000000e+05
8.002130000000000000e+05
8.002210000000000000e+05
8.002310000000000000e+05
8.002370000000000000e+05
8.002430000000000000e+05
8.002810000000000000e+05
8.002870000000000000e+05
8.002910000000000000e+05
8.003110000000000000e+05
8.003290000000000000e+05
8.003330000000000000e+05
8.003510000000000000e+05
8.003570000000000000e+05
8.003990000000000000e+05
8.004070000000000000e+05
8.004170000000000000e+05
8.004190000000000000e+05
8.004410000000000000e+05
8.004470000000000000e+05
8.004730000000000000e+05
8.004770000000000000e+05
8.004830000000000000e+05
8.004970000000000000e+05
8.005090000000000000e+05
8.005190000000000000e+05
8.005210000000000000e+05
8.005330000000000000e+05
8.005370000000000000e+05
8.005390000000000000e+05
8.005490000000000000e+05
8.005570000000000000e+05
8.005730000000000000e+05
