8.019730000000000000e+05
8.019890000000000000e+05
8.020070000000000000e+05
8.020190000000000000e+05
8.020270000000000000e+05
8.020310000000000000e+05
8.020370000000000000e+05
8.020730000000000000e+05
8.021030000000000000e+05
8.021210000000000000e+05
8.021270000000000000e+05
8.021290000000000000e+05
8.021330000000000000e+05
8.021410000000000000e+05
8.021470000000000000e+05
8.021590000000000000e+05
8.021630000000000000e+05
8.021770000000000000e+05
8.021810000000000000e+05
8.021830000000000000e+05
8.021890000000000000e+05
8.022310000000000000e+05
8.022530000000000000e+05
8.022790000000000000e+05
8.022830000000000000e+05
8.022970000000000000e+05
8.023310000000000000e+05
8.023390000000000000e+05
8.023570000000000000e+05
8.023870000000000000e+05
8.024210000000000000e+05
8.024410000000000000e+05
8.024530000000000000e+05
8.024630000000000000e+05
8.024710000000000000e+05
8.024990000000000000e+05
8.025110000000000000e+05
8.025230000000000000e+05
8.025310000000000000e+05
8.025730000000000000e+05
8.025830000000000000e+05
8.025890000000000000e+05
8.025970000000000000e+05
8.026030000000000000e+05
8.026090000000000000e+05
8.026430000000000000e+05
8.026490000000000000e+05
8.026510000000000000e+05
8.026610000000000000e+05
8.026670000000000000e+05
8.027090000000000000e+05
8.027210000000000000e+05
8.027290000000000000e+05
8.027330000000000000e+05
8.027510000000000000e+05
8.027590000000000000e+05
8.027770000000000000e+05
8.027830000000000000e+05
8.027870000000000000e+05
8.027930000000000000e+05
8.027990000000000000e+05
8.028110000000000000e+05
8.028290000000000000e+05
8.028310000000000000e+05
8.028730000000000000e+05
8.029090000000000000e+05
8.029130000000000000e+05
8.029330000000000000e+05
8.029510000000000000e+05
8.029690000000000000e+05
8.029790000000000000e+05
8.029870000000000000e+05
8.030270000000000000e+05
8.030410000000000000e+05
8.030530000000000000e+05
8.030570000000000000e+05
8.030590000000000000e+05
8.030870000000000000e+05
8.030930000000000000e+05
8.031190000000000000e+05
8.031410000000000000e+05
8.031710000000000000e+05
8.031890000000000000e+05
8.032070000000000000e+05
8.032270000000000000e+05
8.032370000000000000e+05
8.032510000000000000e+05
8.032690000000000000e+05
8.032730000000000000e+05
8.032870000000000000e+05
8.033110000000000000e+05
8.033230000000000000e+05
8.033330000000000000e+05
8.033470000000000000e+05
8.033590000000000000e+05
8.033890000000000000e+05
8.033930000000000000e+05
8.033990000000000000e+05
8.034170000000000000e+05
8.034410000000000000e+05
