8.034430000000000000e+05
8.034470000000000000e+05
8.034490000000000000e+05
8.034610000000000000e+05
8.034790000000000000e+05
8.034830000000000000e+05
8.034970000000000000e+05
8.035010000000000000e+05
8.035130000000000000e+05
8.035190000000000000e+05
8.035490000000000000e+05
8.035870000000000000e+05
8.035910000000000000e+05
8.036090000000000000e+05
8.036110000000000000e+05
8.036230000000000000e+05
8.036290000000000000e+05
8.036510000000000000e+05
8.036590000000000000e+05
8.036690000000000000e+05
8.036870000000000000e+05
8.037170000000000000e+05
8.037290000000000000e+05
8.037310000000000000e+05
8.037410000000000000e+05
8.037490000000000000e+05
8.038130000000000000e+05
8.038190000000000000e+05
8.038490000000000000e+05
8.038570000000000000e+05
8.038670000000000000e+05
8.038930000000000000e+05
8.038970000000000000e+05
8.039110000000000000e+05
8.039210000000000000e+05
8.039270000000000000e+05
8.039390000000000000e+05
8.039630000000000000e+05
8.039770000000000000e+05
8.039870000000000000e+05
8.039890000000000000e+05
8.040070000000000000e+05
8.040170000000000000e+05
8.040310000000000000e+05
8.040430000000000000e+05
8.040590000000000000e+05
8.040730000000000000e+05
8.040770000000000000e+05
8.040910000000000000e+05
8.041070000000000000e+05
8.041130000000000000e+05
8.041190000000000000e+05
8.041270000000000000e+05
8.041570000000000000e+05
8.041610000000000000e+05
8.041790000000000000e+05
8.041910000000000000e+05
8.041970000000000000e+05
8.042030000000000000e+05
8.042110000000000000e+05
8.042390000000000000e+05
8.042590000000000000e+05
8.042810000000000000e+05
8.042830000000000000e+05
8.043130000000000000e+05
8.043170000000000000e+05
8.043290000000000000e+05
8.043370000000000000e+05
8.043410000000000000e+05
8.043670000000000000e+05
8.043710000000000000e+05
8.043830000000000000e+05
8.044090000000000000e+05
8.044430000000000000e+05
8.044490000000000000e+05
8.044730000000000000e+05
8.044930000000000000e+05
8.044970000000000000e+05
8.045110000000000000e+05
8.045210000000000000e+05
8.045230000000000000e+05
8.045410000000000000e+05
8.045530000000000000e+05
8.045710000000000000e+05
8.045770000000000000e+05
8.045810000000000000e+05
8.045890000000000000e+05
8.046070000000000000e+05
8.046110000000000000e+05
8.046130000000000000e+05
8.046190000000000000e+05
8.046530000000000000e+05
8.046890000000000000e+05
8.046970000000000000e+05
8.047030000000000000e+05
8.047090000000000000e+05
8.047430000000000000e+05
8.047510000000000000e+05
8.047570000000000000e+05
8.047610000000000000e+05
