8.074790000000000000e+05
8.074870000000000000e+05
8.074910000000000000e+05
8.074930000000000000e+05
8.075090000000000000e+05
8.075110000000000000e+05
8.075230000000000000e+05
8.075390000000000000e+05
8.075590000000000000e+05
8.075710000000000000e+05
8.076070000000000000e+05
8.076130000000000000e+05
8.076290000000000000e+05
8.076370000000000000e+05
8.076470000000000000e+05
8.076890000000000000e+05
8.077070000000000000e+05
8.077310000000000000e+05
8.077330000000000000e+05
8.077490000000000000e+05
8.077570000000000000e+05
8.077870000000000000e+05
8.077970000000000000e+05
8.078090000000000000e+05
8.078170000000000000e+05
8.078690000000000000e+05
8.078710000000000000e+05
8.079010000000000000e+05
8.079070000000000000e+05
8.079230000000000000e+05
8.079310000000000000e+05
8.079410000000000000e+05
8.079430000000000000e+05
8.079490000000000000e+05
8.079730000000000000e+05
8.079970000000000000e+05
8.080190000000000000e+05
8.080210000000000000e+05
8.080390000000000000e+05
8.080810000000000000e+05
8.080970000000000000e+05
8.081110000000000000e+05
8.081470000000000000e+05
8.081530000000000000e+05
8.081690000000000000e+05
8.081770000000000000e+05
8.081870000000000000e+05
8.082110000000000000e+05
8.082170000000000000e+05
8.082290000000000000e+05
8.082370000000000000e+05
8.082610000000000000e+05
8.082670000000000000e+05
8.083070000000000000e+05
8.083090000000000000e+05
8.083430000000000000e+05
8.083490000000000000e+05
8.083510000000000000e+05
8.083610000000000000e+05
8.083630000000000000e+05
8.083690000000000000e+05
8.083730000000000000e+05
8.083910000000000000e+05
8.083990000000000000e+05
8.084170000000000000e+05
8.084210000000000000e+05
8.084390000000000000e+05
8.084410000000000000e+05
8.084590000000000000e+05
8.084810000000000000e+05
8.085170000000000000e+05
8.085230000000000000e+05
8.085530000000000000e+05
8.085590000000000000e+05
8.085790000000000000e+05
8.085890000000000000e+05
8.085970000000000000e+05
8.086010000000000000e+05
8.086030000000000000e+05
8.086270000000000000e+05
8.086370000000000000e+05
8.086510000000000000e+05
8.086790000000000000e+05
8.086810000000000000e+05
8.086930000000000000e+05
8.086990000000000000e+05
8.087210000000000000e+05
8.087330000000000000e+05
8.087390000000000000e+05
8.087470000000000000e+05
8.087510000000000000e+05
8.087710000000000000e+05
8.087770000000000000e+05
8.087890000000000000e+05
8.087930000000000000e+05
8.088370000000000000e+05
8.088530000000000000e+05
8.088670000000000000e+05
8.089190000000000000e+05
8.089370000000000000e+05
