8.089570000000000000e+05
8.089610000000000000e+05
8.089810000000000000e+05
8.089910000000000000e+05
8.089930000000000000e+05
8.090230000000000000e+05
8.090410000000000000e+05
8.090510000000000000e+05
8.090630000000000000e+05
8.090870000000000000e+05
8.090930000000000000e+05
8.091010000000000000e+05
8.091410000000000000e+05
8.091430000000000000e+05
8.091470000000000000e+05
8.091730000000000000e+05
8.091770000000000000e+05
8.091890000000000000e+05
8.092010000000000000e+05
8.092030000000000000e+05
8.092130000000000000e+05
8.092310000000000000e+05
8.092390000000000000e+05
8.092430000000000000e+05
8.092610000000000000e+05
8.092690000000000000e+05
8.092730000000000000e+05
8.092970000000000000e+05
8.093090000000000000e+05
8.093230000000000000e+05
8.093390000000000000e+05
8.093570000000000000e+05
8.093590000000000000e+05
8.093770000000000000e+05
8.093830000000000000e+05
8.093990000000000000e+05
8.094010000000000000e+05
8.094070000000000000e+05
8.094230000000000000e+05
8.094370000000000000e+05
8.094430000000000000e+05
8.094470000000000000e+05
8.094530000000000000e+05
8.094610000000000000e+05
8.094910000000000000e+05
8.095070000000000000e+05
8.095210000000000000e+05
8.095270000000000000e+05
8.095630000000000000e+05
8.095690000000000000e+05
8.095790000000000000e+05
8.095810000000000000e+05
8.095870000000000000e+05
8.096030000000000000e+05
8.096290000000000000e+05
8.097010000000000000e+05
8.097070000000000000e+05
8.097190000000000000e+05
8.097290000000000000e+05
8.097370000000000000e+05
8.097410000000000000e+05
8.097470000000000000e+05
8.097490000000000000e+05
8.097590000000000000e+05
8.097710000000000000e+05
8.097790000000000000e+05
8.097970000000000000e+05
8.098010000000000000e+05
8.098030000000000000e+05
8.098210000000000000e+05
8.098270000000000000e+05
8.098330000000000000e+05
8.098390000000000000e+05
8.098430000000000000e+05
8.098690000000000000e+05
8.098910000000000000e+05
8.099030000000000000e+05
8.099090000000000000e+05
8.099170000000000000e+05
8.099290000000000000e+05
8.099810000000000000e+05
8.099830000000000000e+05
8.099930000000000000e+05
8.100130000000000000e+05
8.100230000000000000e+05
8.100490000000000000e+05
8.100530000000000000e+05
8.100590000000000000e+05
8.100710000000000000e+05
8.100790000000000000e+05
8.100910000000000000e+05
8.101090000000000000e+05
8.101370000000000000e+05
8.101490000000000000e+05
8.101510000000000000e+05
8.101910000000000000e+05
8.101930000000000000e+05
8.102090000000000000e+05
8.102230000000000000e+05
8.102390000000000000e+05
