8.156710000000000000e+05
8.156810000000000000e+05
8.156870000000000000e+05
8.156930000000000000e+05
8.157130000000000000e+05
8.157290000000000000e+05
8.158090000000000000e+05
8.158190000000000000e+05
8.158210000000000000e+05
8.158310000000000000e+05
8.158510000000000000e+05
8.158690000000000000e+05
8.158910000000000000e+05
8.158970000000000000e+05
8.159230000000000000e+05
8.159330000000000000e+05
8.159390000000000000e+05
8.159530000000000000e+05
8.159630000000000000e+05
8.159770000000000000e+05
8.159890000000000000e+05
8.160190000000000000e+05
8.160370000000000000e+05
8.160430000000000000e+05
8.160470000000000000e+05
8.160770000000000000e+05
8.160910000000000000e+05
8.161030000000000000e+05
8.161130000000000000e+05
8.161210000000000000e+05
8.161310000000000000e+05
8.161330000000000000e+05
8.161570000000000000e+05
8.161610000000000000e+05
8.161630000000000000e+05
8.161690000000000000e+05
8.161910000000000000e+05
8.162030000000000000e+05
8.162090000000000000e+05
8.162170000000000000e+05
8.162230000000000000e+05
8.162270000000000000e+05
8.162390000000000000e+05
8.162510000000000000e+05
8.162710000000000000e+05
8.163170000000000000e+05
8.163290000000000000e+05
8.163410000000000000e+05
8.163530000000000000e+05
8.163670000000000000e+05
8.163770000000000000e+05
8.164010000000000000e+05
8.164270000000000000e+05
8.164430000000000000e+05
8.164510000000000000e+05
8.164690000000000000e+05
8.164990000000000000e+05
8.165210000000000000e+05
8.165390000000000000e+05
8.165470000000000000e+05
8.165590000000000000e+05
8.165810000000000000e+05
8.165870000000000000e+05
8.165890000000000000e+05
8.165930000000000000e+05
8.166490000000000000e+05
8.166530000000000000e+05
8.166670000000000000e+05
8.166890000000000000e+05
8.166910000000000000e+05
8.167030000000000000e+05
8.167090000000000000e+05
8.167430000000000000e+05
8.167630000000000000e+05
8.167690000000000000e+05
8.167790000000000000e+05
8.168110000000000000e+05
8.168170000000000000e+05
8.168210000000000000e+05
8.168390000000000000e+05
8.168410000000000000e+05
8.168470000000000000e+05
8.168570000000000000e+05
8.168590000000000000e+05
8.168690000000000000e+05
8.168830000000000000e+05
8.168870000000000000e+05
8.168990000000000000e+05
8.169110000000000000e+05
8.169170000000000000e+05
8.169190000000000000e+05
8.169290000000000000e+05
8.169410000000000000e+05
8.169470000000000000e+05
8.169610000000000000e+05
8.169710000000000000e+05
8.170130000000000000e+05
8.170270000000000000e+05
8.170390000000000000e+05
8.170490000000000000e+05
