8.170510000000000000e+05
8.170730000000000000e+05
8.170810000000000000e+05
8.170870000000000000e+05
8.170930000000000000e+05
8.171110000000000000e+05
8.171230000000000000e+05
8.171270000000000000e+05
8.171470000000000000e+05
8.171510000000000000e+05
8.171530000000000000e+05
8.171630000000000000e+05
8.171690000000000000e+05
8.171830000000000000e+05
8.172110000000000000e+05
8.172370000000000000e+05
8.172730000000000000e+05
8.172770000000000000e+05
8.172790000000000000e+05
8.172910000000000000e+05
8.173030000000000000e+05
8.173190000000000000e+05
8.173210000000000000e+05
8.173310000000000000e+05
8.173370000000000000e+05
8.173570000000000000e+05
8.173790000000000000e+05
8.174030000000000000e+05
8.174090000000000000e+05
8.174330000000000000e+05
8.174570000000000000e+05
8.174630000000000000e+05
8.174830000000000000e+05
8.175190000000000000e+05
8.175290000000000000e+05
8.175490000000000000e+05
8.175610000000000000e+05
8.175670000000000000e+05
8.176030000000000000e+05
8.176370000000000000e+05
8.176510000000000000e+05
8.176690000000000000e+05
8.176790000000000000e+05
8.176970000000000000e+05
8.177090000000000000e+05
8.177110000000000000e+05
8.177210000000000000e+05
8.177230000000000000e+05
8.177270000000000000e+05
8.177570000000000000e+05
8.177690000000000000e+05
8.177770000000000000e+05
8.177830000000000000e+05
8.177870000000000000e+05
8.177930000000000000e+05
8.178230000000000000e+05
8.178370000000000000e+05
8.178410000000000000e+05
8.178670000000000000e+05
8.178710000000000000e+05
8.178770000000000000e+05
8.178890000000000000e+05
8.178910000000000000e+05
8.178970000000000000e+05
8.179070000000000000e+05
8.179130000000000000e+05
8.179190000000000000e+05
8.179330000000000000e+05
8.179510000000000000e+05
8.179790000000000000e+05
8.179870000000000000e+05
8.180110000000000000e+05
8.180170000000000000e+05
8.180210000000000000e+05
8.180930000000000000e+05
8.180990000000000000e+05
8.181010000000000000e+05
8.181130000000000000e+05
8.181230000000000000e+05
8.181430000000000000e+05
8.181710000000000000e+05
8.181730000000000000e+05
8.181890000000000000e+05
8.182190000000000000e+05
8.182310000000000000e+05
8.182390000000000000e+05
8.182490000000000000e+05
8.182810000000000000e+05
8.182870000000000000e+05
8.182910000000000000e+05
8.183030000000000000e+05
8.183090000000000000e+05
8.183270000000000000e+05
8.183390000000000000e+05
8.183410000000000000e+05
8.183470000000000000e+05
8.183530000000000000e+05
8.183590000000000000e+05
8.183710000000000000e+05
8.183830000000000000e+05
