8.197810000000000000e+05
8.197870000000000000e+05
8.197990000000000000e+05
8.198110000000000000e+05
8.198230000000000000e+05
8.198270000000000000e+05
8.198290000000000000e+05
8.198530000000000000e+05
8.198990000000000000e+05
8.199110000000000000e+05
8.199130000000000000e+05
8.199370000000000000e+05
8.199430000000000000e+05
8.199770000000000000e+05
8.199890000000000000e+05
8.199910000000000000e+05
8.200370000000000000e+05
8.200510000000000000e+05
8.200670000000000000e+05
8.200730000000000000e+05
8.200930000000000000e+05
8.201090000000000000e+05
8.201170000000000000e+05
8.201290000000000000e+05
8.201330000000000000e+05
8.201630000000000000e+05
8.201770000000000000e+05
8.201870000000000000e+05
8.202010000000000000e+05
8.202130000000000000e+05
8.202230000000000000e+05
8.202310000000000000e+05
8.202410000000000000e+05
8.202430000000000000e+05
8.202470000000000000e+05
8.202710000000000000e+05
8.202730000000000000e+05
8.202790000000000000e+05
8.203190000000000000e+05
8.203210000000000000e+05
8.203310000000000000e+05
8.203330000000000000e+05
8.203430000000000000e+05
8.203490000000000000e+05
8.203610000000000000e+05
8.203670000000000000e+05
8.203990000000000000e+05
8.204090000000000000e+05
8.204110000000000000e+05
8.204270000000000000e+05
8.204290000000000000e+05
8.204410000000000000e+05
8.204590000000000000e+05
8.204810000000000000e+05
8.204890000000000000e+05
8.205370000000000000e+05
8.205410000000000000e+05
8.205590000000000000e+05
8.205770000000000000e+05
8.205970000000000000e+05
8.206090000000000000e+05
8.206190000000000000e+05
8.206270000000000000e+05
8.206370000000000000e+05
8.206430000000000000e+05
8.206490000000000000e+05
8.206570000000000000e+05
8.206790000000000000e+05
8.206810000000000000e+05
8.206910000000000000e+05
8.207110000000000000e+05
8.207230000000000000e+05
8.207330000000000000e+05
8.207470000000000000e+05
8.207530000000000000e+05
8.207590000000000000e+05
8.207630000000000000e+05
8.207890000000000000e+05
8.207930000000000000e+05
8.208370000000000000e+05
8.208730000000000000e+05
8.208910000000000000e+05
8.209010000000000000e+05
8.209070000000000000e+05
8.209090000000000000e+05
8.209210000000000000e+05
8.209270000000000000e+05
8.209570000000000000e+05
8.209690000000000000e+05
8.209910000000000000e+05
8.209970000000000000e+05
8.210030000000000000e+05
8.210270000000000000e+05
8.210390000000000000e+05
8.210530000000000000e+05
8.210570000000000000e+05
8.210630000000000000e+05
8.210690000000000000e+05
8.210810000000000000e+05
8.210890000000000000e+05
