8.237210000000000000e+05
8.237230000000000000e+05
8.237270000000000000e+05
8.237290000000000000e+05
8.237410000000000000e+05
8.237470000000000000e+05
8.237590000000000000e+05
8.237770000000000000e+05
8.237870000000000000e+05
8.237890000000000000e+05
8.237990000000000000e+05
8.238190000000000000e+05
8.238290000000000000e+05
8.238310000000000000e+05
8.238410000000000000e+05
8.238430000000000000e+05
8.238770000000000000e+05
8.239030000000000000e+05
8.239130000000000000e+05
8.239610000000000000e+05
8.239670000000000000e+05
8.239690000000000000e+05
8.239810000000000000e+05
8.239930000000000000e+05
8.239970000000000000e+05
8.240170000000000000e+05
8.240290000000000000e+05
8.240390000000000000e+05
8.240630000000000000e+05
8.240690000000000000e+05
8.240770000000000000e+05
8.240810000000000000e+05
8.240990000000000000e+05
8.241230000000000000e+05
8.241370000000000000e+05
8.241470000000000000e+05
8.241790000000000000e+05
8.241830000000000000e+05
8.241890000000000000e+05
8.241910000000000000e+05
8.242270000000000000e+05
8.242310000000000000e+05
8.242330000000000000e+05
8.242690000000000000e+05
8.242810000000000000e+05
8.242870000000000000e+05
8.243390000000000000e+05
8.243930000000000000e+05
8.243990000000000000e+05
8.244010000000000000e+05
8.244130000000000000e+05
8.244190000000000000e+05
8.244370000000000000e+05
8.244430000000000000e+05
8.244590000000000000e+05
8.244770000000000000e+05
8.244890000000000000e+05
8.244970000000000000e+05
8.245010000000000000e+05
8.245130000000000000e+05
8.245310000000000000e+05
8.245390000000000000e+05
8.245630000000000000e+05
8.245910000000000000e+05
8.246090000000000000e+05
8.246410000000000000e+05
8.246470000000000000e+05
8.246510000000000000e+05
8.246690000000000000e+05
8.246710000000000000e+05
8.246830000000000000e+05
8.246990000000000000e+05
8.247010000000000000e+05
8.247230000000000000e+05
8.247410000000000000e+05
8.247490000000000000e+05
8.247530000000000000e+05
8.247730000000000000e+05
8.247770000000000000e+05
8.247790000000000000e+05
8.248010000000000000e+05
8.248210000000000000e+05
8.248330000000000000e+05
8.248430000000000000e+05
8.248610000000000000e+05
8.248930000000000000e+05
8.248990000000000000e+05
8.249110000000000000e+05
8.249210000000000000e+05
8.249330000000000000e+05
8.249390000000000000e+05
8.249470000000000000e+05
8.249510000000000000e+05
8.249770000000000000e+05
8.249810000000000000e+05
8.249830000000000000e+05
8.250010000000000000e+05
8.250070000000000000e+05
8.250170000000000000e+05
8.250290000000000000e+05
