8.250470000000000000e+05
8.250490000000000000e+05
8.250590000000000000e+05
8.250670000000000000e+05
8.250730000000000000e+05
8.251010000000000000e+05
8.251070000000000000e+05
8.251090000000000000e+05
8.251310000000000000e+05
8.251610000000000000e+05
8.251910000000000000e+05
8.251930000000000000e+05
8.251990000000000000e+05
8.252030000000000000e+05
8.252290000000000000e+05
8.252410000000000000e+05
8.252470000000000000e+05
8.252590000000000000e+05
8.252770000000000000e+05
8.252810000000000000e+05
8.252830000000000000e+05
8.252870000000000000e+05
8.253010000000000000e+05
8.253290000000000000e+05
8.253370000000000000e+05
8.253430000000000000e+05
8.253470000000000000e+05
8.253530000000000000e+05
8.253610000000000000e+05
8.253890000000000000e+05
8.253970000000000000e+05
8.254030000000000000e+05
8.254130000000000000e+05
8.254210000000000000e+05
8.254390000000000000e+05
8.254430000000000000e+05
8.254670000000000000e+05
8.254790000000000000e+05
8.254910000000000000e+05
8.255090000000000000e+05
8.255270000000000000e+05
8.255330000000000000e+05
8.255470000000000000e+05
8.255510000000000000e+05
8.255530000000000000e+05
8.255770000000000000e+05
8.255930000000000000e+05
8.256110000000000000e+05
8.256130000000000000e+05
8.256370000000000000e+05
8.256470000000000000e+05
8.256610000000000000e+05
8.256790000000000000e+05
8.256890000000000000e+05
8.256970000000000000e+05
8.257010000000000000e+05
8.257090000000000000e+05
8.257330000000000000e+05
8.257390000000000000e+05
8.257490000000000000e+05
8.257630000000000000e+05
8.257790000000000000e+05
8.257910000000000000e+05
8.258210000000000000e+05
8.258270000000000000e+05
8.258290000000000000e+05
8.258570000000000000e+05
8.258830000000000000e+05
8.258890000000000000e+05
8.259190000000000000e+05
8.259470000000000000e+05
8.259590000000000000e+05
8.259610000000000000e+05
8.259710000000000000e+05
8.259830000000000000e+05
8.259910000000000000e+05
8.259970000000000000e+05
8.260190000000000000e+05
8.260370000000000000e+05
8.260390000000000000e+05
8.260510000000000000e+05
8.260610000000000000e+05
8.260690000000000000e+05
8.260870000000000000e+05
8.260930000000000000e+05
8.260970000000000000e+05
8.261290000000000000e+05
8.261510000000000000e+05
8.261530000000000000e+05
8.261690000000000000e+05
8.261710000000000000e+05
8.261930000000000000e+05
8.262010000000000000e+05
8.262110000000000000e+05
8.262710000000000000e+05
8.262830000000000000e+05
8.262890000000000000e+05
8.263030000000000000e+05
8.263130000000000000e+05
8.263330000000000000e+05
