8.263390000000000000e+05
8.263490000000000000e+05
8.263510000000000000e+05
8.263630000000000000e+05
8.263790000000000000e+05
8.263810000000000000e+05
8.263910000000000000e+05
8.263930000000000000e+05
8.264030000000000000e+05
8.264110000000000000e+05
8.264530000000000000e+05
8.264770000000000000e+05
8.264930000000000000e+05
8.264990000000000000e+05
8.265410000000000000e+05
8.265490000000000000e+05
8.265590000000000000e+05
8.265610000000000000e+05
8.265710000000000000e+05
8.265830000000000000e+05
8.266030000000000000e+05
8.266070000000000000e+05
8.266130000000000000e+05
8.266210000000000000e+05
8.266630000000000000e+05
8.266670000000000000e+05
8.266690000000000000e+05
8.266730000000000000e+05
8.266810000000000000e+05
8.266970000000000000e+05
8.266990000000000000e+05
8.267110000000000000e+05
8.267170000000000000e+05
8.267230000000000000e+05
8.267290000000000000e+05
8.267530000000000000e+05
8.267590000000000000e+05
8.267830000000000000e+05
8.267990000000000000e+05
8.268070000000000000e+05
8.268110000000000000e+05
8.268310000000000000e+05
8.268490000000000000e+05
8.268670000000000000e+05
8.268790000000000000e+05
8.268830000000000000e+05
8.269070000000000000e+05
8.269210000000000000e+05
8.269270000000000000e+05
8.269390000000000000e+05
8.269570000000000000e+05
8.269630000000000000e+05
8.269670000000000000e+05
8.269790000000000000e+05
8.269970000000000000e+05
8.270090000000000000e+05
8.270230000000000000e+05
8.270390000000000000e+05
8.270410000000000000e+05
8.270630000000000000e+05
8.270870000000000000e+05
8.271290000000000000e+05
8.271310000000000000e+05
8.271430000000000000e+05
8.271470000000000000e+05
8.271610000000000000e+05
8.272130000000000000e+05
8.272270000000000000e+05
8.272310000000000000e+05
8.272510000000000000e+05
8.272690000000000000e+05
8.272930000000000000e+05
8.273030000000000000e+05
8.273110000000000000e+05
8.273270000000000000e+05
8.273470000000000000e+05
8.273690000000000000e+05
8.273890000000000000e+05
8.274170000000000000e+05
8.274230000000000000e+05
8.274290000000000000e+05
8.274430000000000000e+05
8.274470000000000000e+05
8.274610000000000000e+05
8.274730000000000000e+05
8.275010000000000000e+05
8.275210000000000000e+05
8.275370000000000000e+05
8.275390000000000000e+05
8.275490000000000000e+05
8.275810000000000000e+05
8.275910000000000000e+05
8.275990000000000000e+05
8.276330000000000000e+05
8.276390000000000000e+05
8.276770000000000000e+05
8.276810000000000000e+05
8.276930000000000000e+05
8.276990000000000000e+05
8.277190000000000000e+05
