8.305030000000000000e+05
8.305130000000000000e+05
8.305490000000000000e+05
8.305510000000000000e+05
8.305610000000000000e+05
8.305670000000000000e+05
8.305790000000000000e+05
8.305870000000000000e+05
8.305910000000000000e+05
8.305970000000000000e+05
8.306170000000000000e+05
8.306390000000000000e+05
8.306570000000000000e+05
8.306770000000000000e+05
8.306930000000000000e+05
8.307190000000000000e+05
8.307290000000000000e+05
8.307410000000000000e+05
8.307430000000000000e+05
8.307770000000000000e+05
8.307890000000000000e+05
8.308010000000000000e+05
8.308270000000000000e+05
8.308330000000000000e+05
8.308390000000000000e+05
8.308490000000000000e+05
8.308610000000000000e+05
8.308730000000000000e+05
8.308870000000000000e+05
8.308910000000000000e+05
8.308990000000000000e+05
8.309110000000000000e+05
8.309230000000000000e+05
8.309390000000000000e+05
8.309570000000000000e+05
8.309810000000000000e+05
8.309890000000000000e+05
8.310230000000000000e+05
8.310310000000000000e+05
8.310370000000000000e+05
8.310430000000000000e+05
8.310670000000000000e+05
8.310710000000000000e+05
8.310730000000000000e+05
8.310910000000000000e+05
8.311090000000000000e+05
8.311390000000000000e+05
8.311610000000000000e+05
8.311630000000000000e+05
8.311670000000000000e+05
8.311910000000000000e+05
8.312170000000000000e+05
8.312210000000000000e+05
8.312390000000000000e+05
8.312530000000000000e+05
8.312870000000000000e+05
8.313010000000000000e+05
8.313230000000000000e+05
8.313290000000000000e+05
8.313610000000000000e+05
8.313670000000000000e+05
8.313710000000000000e+05
8.313730000000000000e+05
8.314070000000000000e+05
8.314090000000000000e+05
8.314310000000000000e+05
8.314330000000000000e+05
8.314370000000000000e+05
8.314430000000000000e+05
8.314610000000000000e+05
8.315030000000000000e+05
8.315290000000000000e+05
8.315390000000000000e+05
8.315410000000000000e+05
8.315470000000000000e+05
8.315530000000000000e+05
8.315590000000000000e+05
8.315830000000000000e+05
8.315870000000000000e+05
8.315990000000000000e+05
8.316170000000000000e+05
8.316190000000000000e+05
8.316310000000000000e+05
8.316430000000000000e+05
8.316470000000000000e+05
8.316530000000000000e+05
8.316590000000000000e+05
8.316610000000000000e+05
8.316790000000000000e+05
8.316830000000000000e+05
8.316970000000000000e+05
8.317070000000000000e+05
8.317090000000000000e+05
8.317130000000000000e+05
8.317310000000000000e+05
8.317390000000000000e+05
8.317510000000000000e+05
8.317570000000000000e+05
8.317690000000000000e+05
8.317810000000000000e+05
