8.330330000000000000e+05
8.330470000000000000e+05
8.330570000000000000e+05
8.330990000000000000e+05
8.331010000000000000e+05
8.331170000000000000e+05
8.331710000000000000e+05
8.331770000000000000e+05
8.331790000000000000e+05
8.331910000000000000e+05
8.331970000000000000e+05
8.332010000000000000e+05
8.332190000000000000e+05
8.332510000000000000e+05
8.332690000000000000e+05
8.332810000000000000e+05
8.332930000000000000e+05
8.332990000000000000e+05
8.333090000000000000e+05
8.333470000000000000e+05
8.333530000000000000e+05
8.333630000000000000e+05
8.333770000000000000e+05
8.333890000000000000e+05
8.334290000000000000e+05
8.334490000000000000e+05
8.334530000000000000e+05
8.334610000000000000e+05
8.334670000000000000e+05
8.334770000000000000e+05
8.334790000000000000e+05
8.334910000000000000e+05
8.335090000000000000e+05
8.335370000000000000e+05
8.335570000000000000e+05
8.335630000000000000e+05
8.335930000000000000e+05
8.335970000000000000e+05
8.336170000000000000e+05
8.336330000000000000e+05
8.336590000000000000e+05
8.336690000000000000e+05
8.336890000000000000e+05
8.337110000000000000e+05
8.337130000000000000e+05
8.337170000000000000e+05
8.337190000000000000e+05
8.337370000000000000e+05
8.337470000000000000e+05
8.337590000000000000e+05
8.337830000000000000e+05
8.338010000000000000e+05
8.338210000000000000e+05
8.338390000000000000e+05
8.338430000000000000e+05
8.338570000000000000e+05
8.338730000000000000e+05
8.338870000000000000e+05
8.338930000000000000e+05
8.338970000000000000e+05
8.339230000000000000e+05
8.339270000000000000e+05
8.339330000000000000e+05
8.339470000000000000e+05
8.339770000000000000e+05
8.339990000000000000e+05
8.340070000000000000e+05
8.340130000000000000e+05
8.340230000000000000e+05
8.340590000000000000e+05
8.341070000000000000e+05
8.341310000000000000e+05
8.341330000000000000e+05
8.341370000000000000e+05
8.341430000000000000e+05
8.341490000000000000e+05
8.341510000000000000e+05
8.341810000000000000e+05
8.341990000000000000e+05
8.342210000000000000e+05
8.342570000000000000e+05
8.342590000000000000e+05
8.342690000000000000e+05
8.342770000000000000e+05
8.342830000000000000e+05
8.342870000000000000e+05
8.342990000000000000e+05
8.343110000000000000e+05
8.343410000000000000e+05
8.343670000000000000e+05
8.344330000000000000e+05
8.344390000000000000e+05
8.344690000000000000e+05
8.344870000000000000e+05
8.344970000000000000e+05
8.345030000000000000e+05
8.345110000000000000e+05
8.345230000000000000e+05
8.345270000000000000e+05
8.345690000000000000e+05
