8.359570000000000000e+05
8.359730000000000000e+05
8.359790000000000000e+05
8.359870000000000000e+05
8.359930000000000000e+05
8.359970000000000000e+05
8.360470000000000000e+05
8.360630000000000000e+05
8.360710000000000000e+05
8.361070000000000000e+05
8.361170000000000000e+05
8.361310000000000000e+05
8.361370000000000000e+05
8.361490000000000000e+05
8.361530000000000000e+05
8.361590000000000000e+05
8.361610000000000000e+05
8.361830000000000000e+05
8.361890000000000000e+05
8.361910000000000000e+05
8.362030000000000000e+05
8.362190000000000000e+05
8.362330000000000000e+05
8.362390000000000000e+05
8.362430000000000000e+05
8.362670000000000000e+05
8.362910000000000000e+05
8.362990000000000000e+05
8.363170000000000000e+05
8.363270000000000000e+05
8.363470000000000000e+05
8.363510000000000000e+05
8.363690000000000000e+05
8.363770000000000000e+05
8.363870000000000000e+05
8.364130000000000000e+05
8.364490000000000000e+05
8.364710000000000000e+05
8.364770000000000000e+05
8.364910000000000000e+05
8.364970000000000000e+05
8.365010000000000000e+05
8.365090000000000000e+05
8.365670000000000000e+05
8.365690000000000000e+05
8.365730000000000000e+05
8.366090000000000000e+05
8.366110000000000000e+05
8.366230000000000000e+05
8.366570000000000000e+05
8.366630000000000000e+05
8.366770000000000000e+05
8.366830000000000000e+05
8.366990000000000000e+05
8.367010000000000000e+05
8.367070000000000000e+05
8.367130000000000000e+05
8.367290000000000000e+05
8.367470000000000000e+05
8.367490000000000000e+05
8.367530000000000000e+05
8.367610000000000000e+05
8.367890000000000000e+05
8.368070000000000000e+05
8.368210000000000000e+05
8.368330000000000000e+05
8.368390000000000000e+05
8.368610000000000000e+05
8.368630000000000000e+05
8.368730000000000000e+05
8.368790000000000000e+05
8.368810000000000000e+05
8.369170000000000000e+05
8.369210000000000000e+05
8.369390000000000000e+05
8.369510000000000000e+05
8.369710000000000000e+05
8.370170000000000000e+05
8.370430000000000000e+05
8.370470000000000000e+05
8.370590000000000000e+05
8.370710000000000000e+05
8.370730000000000000e+05
8.370770000000000000e+05
8.370790000000000000e+05
8.371070000000000000e+05
8.371130000000000000e+05
8.371390000000000000e+05
8.371490000000000000e+05
8.371570000000000000e+05
8.371910000000000000e+05
8.372030000000000000e+05
8.372570000000000000e+05
8.372710000000000000e+05
8.372830000000000000e+05
8.372930000000000000e+05
8.373070000000000000e+05
8.373130000000000000e+05
8.373590000000000000e+05
8.373670000000000000e+05
