8.373730000000000000e+05
8.373770000000000000e+05
8.373790000000000000e+05
8.374090000000000000e+05
8.374130000000000000e+05
8.374390000000000000e+05
8.374510000000000000e+05
8.374610000000000000e+05
8.374670000000000000e+05
8.374970000000000000e+05
8.375030000000000000e+05
8.375090000000000000e+05
8.375210000000000000e+05
8.375330000000000000e+05
8.375830000000000000e+05
8.376010000000000000e+05
8.376110000000000000e+05
8.376190000000000000e+05
8.376310000000000000e+05
8.376590000000000000e+05
8.376670000000000000e+05
8.376730000000000000e+05
8.376770000000000000e+05
8.376790000000000000e+05
8.377210000000000000e+05
8.377310000000000000e+05
8.377370000000000000e+05
8.377730000000000000e+05
8.377790000000000000e+05
8.377970000000000000e+05
8.378170000000000000e+05
8.378330000000000000e+05
8.378470000000000000e+05
8.378530000000000000e+05
8.378870000000000000e+05
8.379230000000000000e+05
8.379290000000000000e+05
8.379310000000000000e+05
8.379370000000000000e+05
8.379430000000000000e+05
8.379790000000000000e+05
8.380030000000000000e+05
8.380210000000000000e+05
8.380370000000000000e+05
8.380390000000000000e+05
8.380430000000000000e+05
8.380630000000000000e+05
8.380690000000000000e+05
8.380910000000000000e+05
8.380930000000000000e+05
8.380990000000000000e+05
8.381330000000000000e+05
8.381390000000000000e+05
8.381410000000000000e+05
8.381530000000000000e+05
8.381570000000000000e+05
8.381690000000000000e+05
8.381710000000000000e+05
8.381930000000000000e+05
8.382070000000000000e+05
8.382470000000000000e+05
8.382490000000000000e+05
8.383490000000000000e+05
8.383510000000000000e+05
8.383630000000000000e+05
8.383670000000000000e+05
8.383790000000000000e+05
8.383910000000000000e+05
8.383930000000000000e+05
8.383990000000000000e+05
8.384030000000000000e+05
8.384210000000000000e+05
8.384290000000000000e+05
8.384410000000000000e+05
8.384470000000000000e+05
8.384590000000000000e+05
8.384630000000000000e+05
8.384710000000000000e+05
8.384830000000000000e+05
8.385170000000000000e+05
8.385470000000000000e+05
8.385530000000000000e+05
8.385610000000000000e+05
8.385710000000000000e+05
8.385830000000000000e+05
8.385890000000000000e+05
8.385970000000000000e+05
8.386010000000000000e+05
8.386090000000000000e+05
8.386130000000000000e+05
8.386310000000000000e+05
8.386330000000000000e+05
8.386570000000000000e+05
8.386670000000000000e+05
8.386870000000000000e+05
8.386930000000000000e+05
8.387110000000000000e+05
8.387510000000000000e+05
8.387570000000000000e+05
8.387690000000000000e+05
