8.387710000000000000e+05
8.387770000000000000e+05
8.387810000000000000e+05
8.388070000000000000e+05
8.388130000000000000e+05
8.388370000000000000e+05
8.388530000000000000e+05
8.388890000000000000e+05
8.388970000000000000e+05
8.389090000000000000e+05
8.389130000000000000e+05
8.389190000000000000e+05
8.389270000000000000e+05
8.389310000000000000e+05
8.389390000000000000e+05
8.389490000000000000e+05
8.389510000000000000e+05
8.389630000000000000e+05
8.389690000000000000e+05
8.389910000000000000e+05
8.389930000000000000e+05
8.390090000000000000e+05
8.390290000000000000e+05
8.390510000000000000e+05
8.390710000000000000e+05
8.390870000000000000e+05
8.391170000000000000e+05
8.391310000000000000e+05
8.391610000000000000e+05
8.392030000000000000e+05
8.392070000000000000e+05
8.392210000000000000e+05
8.392270000000000000e+05
8.392610000000000000e+05
8.392690000000000000e+05
8.393030000000000000e+05
8.393230000000000000e+05
8.393270000000000000e+05
8.393510000000000000e+05
8.393530000000000000e+05
8.393690000000000000e+05
8.393810000000000000e+05
8.394130000000000000e+05
8.394290000000000000e+05
8.394370000000000000e+05
8.394410000000000000e+05
8.394530000000000000e+05
8.394590000000000000e+05
8.394710000000000000e+05
8.394730000000000000e+05
8.394830000000000000e+05
8.394910000000000000e+05
8.394970000000000000e+05
8.395190000000000000e+05
8.395390000000000000e+05
8.395510000000000000e+05
8.395630000000000000e+05
8.395990000000000000e+05
8.396030000000000000e+05
8.396090000000000000e+05
8.396110000000000000e+05
8.396170000000000000e+05
8.396210000000000000e+05
8.396330000000000000e+05
8.396510000000000000e+05
8.396530000000000000e+05
8.396690000000000000e+05
8.396930000000000000e+05
8.397230000000000000e+05
8.397310000000000000e+05
8.397670000000000000e+05
8.397710000000000000e+05
8.397910000000000000e+05
8.398010000000000000e+05
8.398090000000000000e+05
8.398310000000000000e+05
8.398370000000000000e+05
8.398730000000000000e+05
8.398790000000000000e+05
8.398870000000000000e+05
8.398970000000000000e+05
8.398990000000000000e+05
8.399030000000000000e+05
8.399110000000000000e+05
8.399210000000000000e+05
8.399570000000000000e+05
8.399590000000000000e+05
8.399630000000000000e+05
8.399810000000000000e+05
8.399990000000000000e+05
8.400230000000000000e+05
8.400530000000000000e+05
8.400610000000000000e+05
8.400670000000000000e+05
8.400830000000000000e+05
8.401090000000000000e+05
8.401370000000000000e+05
8.401390000000000000e+05
8.401490000000000000e+05
8.401630000000000000e+05
