8.428690000000000000e+05
8.428790000000000000e+05
8.428870000000000000e+05
8.429230000000000000e+05
8.429390000000000000e+05
8.429510000000000000e+05
8.429570000000000000e+05
8.429690000000000000e+05
8.429770000000000000e+05
8.429810000000000000e+05
8.429870000000000000e+05
8.429930000000000000e+05
8.430430000000000000e+05
8.430670000000000000e+05
8.430790000000000000e+05
8.430910000000000000e+05
8.431030000000000000e+05
8.431130000000000000e+05
8.431270000000000000e+05
8.431310000000000000e+05
8.431370000000000000e+05
8.431730000000000000e+05
8.431790000000000000e+05
8.431810000000000000e+05
8.432090000000000000e+05
8.432110000000000000e+05
8.432290000000000000e+05
8.432530000000000000e+05
8.432570000000000000e+05
8.432890000000000000e+05
8.432990000000000000e+05
8.433010000000000000e+05
8.433070000000000000e+05
8.433310000000000000e+05
8.433470000000000000e+05
8.433610000000000000e+05
8.433710000000000000e+05
8.433770000000000000e+05
8.433790000000000000e+05
8.433830000000000000e+05
8.433970000000000000e+05
8.434430000000000000e+05
8.434490000000000000e+05
8.434570000000000000e+05
8.434610000000000000e+05
8.434730000000000000e+05
8.434870000000000000e+05
8.434970000000000000e+05
8.435030000000000000e+05
8.435270000000000000e+05
8.435390000000000000e+05
8.435530000000000000e+05
8.435590000000000000e+05
8.435870000000000000e+05
8.435890000000000000e+05
8.436070000000000000e+05
8.436130000000000000e+05
8.436290000000000000e+05
8.436430000000000000e+05
8.436490000000000000e+05
8.436770000000000000e+05
8.436790000000000000e+05
8.437010000000000000e+05
8.437370000000000000e+05
8.437570000000000000e+05
8.437630000000000000e+05
8.437790000000000000e+05
8.437810000000000000e+05
8.437930000000000000e+05
8.437970000000000000e+05
8.438110000000000000e+05
8.438230000000000000e+05
8.438330000000000000e+05
8.438410000000000000e+05
8.438810000000000000e+05
8.438830000000000000e+05
8.438890000000000000e+05
8.439010000000000000e+05
8.439070000000000000e+05
8.439110000000000000e+05
8.440010000000000000e+05
8.440130000000000000e+05
8.440430000000000000e+05
8.440610000000000000e+05
8.440690000000000000e+05
8.440870000000000000e+05
8.440930000000000000e+05
8.441110000000000000e+05
8.441170000000000000e+05
8.441210000000000000e+05
8.441270000000000000e+05
8.441390000000000000e+05
8.441410000000000000e+05
8.441530000000000000e+05
8.441570000000000000e+05
8.441630000000000000e+05
8.441830000000000000e+05
8.441870000000000000e+05
8.441990000000000000e+05
8.442010000000000000e+05
