8.456530000000000000e+05
8.456570000000000000e+05
8.456590000000000000e+05
8.456830000000000000e+05
8.457170000000000000e+05
8.457230000000000000e+05
8.457290000000000000e+05
8.457490000000000000e+05
8.457530000000000000e+05
8.457710000000000000e+05
8.457770000000000000e+05
8.458090000000000000e+05
8.458330000000000000e+05
8.458490000000000000e+05
8.458630000000000000e+05
8.458790000000000000e+05
8.458810000000000000e+05
8.458930000000000000e+05
8.459090000000000000e+05
8.459210000000000000e+05
8.459270000000000000e+05
8.459410000000000000e+05
8.459510000000000000e+05
8.459690000000000000e+05
8.459810000000000000e+05
8.459830000000000000e+05
8.459870000000000000e+05
8.459890000000000000e+05
8.460370000000000000e+05
8.460590000000000000e+05
8.460610000000000000e+05
8.460670000000000000e+05
8.461130000000000000e+05
8.461370000000000000e+05
8.461490000000000000e+05
8.461610000000000000e+05
8.461790000000000000e+05
8.461870000000000000e+05
8.462170000000000000e+05
8.462290000000000000e+05
8.462330000000000000e+05
8.462470000000000000e+05
8.462590000000000000e+05
8.462710000000000000e+05
8.463230000000000000e+05
8.463410000000000000e+05
8.463430000000000000e+05
8.463530000000000000e+05
8.463590000000000000e+05
8.463610000000000000e+05
8.463830000000000000e+05
8.463890000000000000e+05
8.463970000000000000e+05
8.464010000000000000e+05
8.464030000000000000e+05
8.464070000000000000e+05
8.464210000000000000e+05
8.464270000000000000e+05
8.464370000000000000e+05
8.464570000000000000e+05
8.464870000000000000e+05
8.464930000000000000e+05
8.464990000000000000e+05
8.465290000000000000e+05
8.465630000000000000e+05
8.465770000000000000e+05
8.465890000000000000e+05
8.466470000000000000e+05
8.466610000000000000e+05
8.466670000000000000e+05
8.466730000000000000e+05
8.466890000000000000e+05
8.467210000000000000e+05
8.467330000000000000e+05
8.467390000000000000e+05
8.467490000000000000e+05
8.467510000000000000e+05
8.467570000000000000e+05
8.467790000000000000e+05
8.468230000000000000e+05
8.468410000000000000e+05
8.468510000000000000e+05
8.468690000000000000e+05
8.468710000000000000e+05
8.468770000000000000e+05
8.469130000000000000e+05
8.469170000000000000e+05
8.469190000000000000e+05
8.469310000000000000e+05
8.469430000000000000e+05
8.469490000000000000e+05
8.469530000000000000e+05
8.469610000000000000e+05
8.469730000000000000e+05
8.469770000000000000e+05
8.469830000000000000e+05
8.469970000000000000e+05
8.470090000000000000e+05
8.470310000000000000e+05
8.470370000000000000e+05
