8.484290000000000000e+05
8.484430000000000000e+05
8.484610000000000000e+05
8.484670000000000000e+05
8.484730000000000000e+05
8.484890000000000000e+05
8.485310000000000000e+05
8.485370000000000000e+05
8.485570000000000000e+05
8.485670000000000000e+05
8.485790000000000000e+05
8.485910000000000000e+05
8.485930000000000000e+05
8.485990000000000000e+05
8.486110000000000000e+05
8.486290000000000000e+05
8.486330000000000000e+05
8.486470000000000000e+05
8.486510000000000000e+05
8.486710000000000000e+05
8.486810000000000000e+05
8.486990000000000000e+05
8.487070000000000000e+05
8.487130000000000000e+05
8.487370000000000000e+05
8.487470000000000000e+05
8.487610000000000000e+05
8.487790000000000000e+05
8.487890000000000000e+05
8.487910000000000000e+05
8.487970000000000000e+05
8.488030000000000000e+05
8.488070000000000000e+05
8.488390000000000000e+05
8.488430000000000000e+05
8.488490000000000000e+05
8.488510000000000000e+05
8.488570000000000000e+05
8.488790000000000000e+05
8.488930000000000000e+05
8.489090000000000000e+05
8.489210000000000000e+05
8.489230000000000000e+05
8.489270000000000000e+05
8.489330000000000000e+05
8.489410000000000000e+05
8.489590000000000000e+05
8.489830000000000000e+05
8.489930000000000000e+05
8.490190000000000000e+05
8.490470000000000000e+05
8.490490000000000000e+05
8.490610000000000000e+05
8.490830000000000000e+05
8.490970000000000000e+05
8.491030000000000000e+05
8.491190000000000000e+05
8.491270000000000000e+05
8.491310000000000000e+05
8.491430000000000000e+05
8.491610000000000000e+05
8.491790000000000000e+05
8.491970000000000000e+05
8.492030000000000000e+05
8.492170000000000000e+05
8.492210000000000000e+05
8.492230000000000000e+05
8.492410000000000000e+05
8.492530000000000000e+05
8.492710000000000000e+05
8.493010000000000000e+05
8.493110000000000000e+05
8.493470000000000000e+05
8.493490000000000000e+05
8.493530000000000000e+05
8.493830000000000000e+05
8.493910000000000000e+05
8.494190000000000000e+05
8.494270000000000000e+05
8.494610000000000000e+05
8.494670000000000000e+05
8.494810000000000000e+05
8.495230000000000000e+05
8.495330000000000000e+05
8.495390000000000000e+05
8.495710000000000000e+05
8.495810000000000000e+05
8.495870000000000000e+05
8.495930000000000000e+05
8.495990000000000000e+05
8.496010000000000000e+05
8.496490000000000000e+05
8.496910000000000000e+05
8.497010000000000000e+05
8.497030000000000000e+05
8.497210000000000000e+05
8.497270000000000000e+05
8.497310000000000000e+05
8.497330000000000000e+05
8.497430000000000000e+05
