8.511710000000000000e+05
8.511770000000000000e+05
8.511970000000000000e+05
8.512030000000000000e+05
8.512090000000000000e+05
8.512310000000000000e+05
8.512390000000000000e+05
8.512510000000000000e+05
8.512610000000000000e+05
8.512670000000000000e+05
8.512730000000000000e+05
8.512930000000000000e+05
8.512970000000000000e+05
8.513030000000000000e+05
8.513210000000000000e+05
8.513270000000000000e+05
8.513510000000000000e+05
8.513590000000000000e+05
8.513630000000000000e+05
8.513810000000000000e+05
8.513870000000000000e+05
8.513930000000000000e+05
8.514010000000000000e+05
8.514130000000000000e+05
8.514190000000000000e+05
8.514230000000000000e+05
8.514490000000000000e+05
8.514710000000000000e+05
8.514910000000000000e+05
8.515070000000000000e+05
8.515190000000000000e+05
8.515370000000000000e+05
8.515490000000000000e+05
8.515690000000000000e+05
8.515730000000000000e+05
8.515970000000000000e+05
8.516030000000000000e+05
8.516230000000000000e+05
8.516330000000000000e+05
8.516390000000000000e+05
8.516470000000000000e+05
8.516590000000000000e+05
8.516710000000000000e+05
8.516770000000000000e+05
8.516890000000000000e+05
8.517230000000000000e+05
8.517310000000000000e+05
8.517490000000000000e+05
8.517610000000000000e+05
8.517970000000000000e+05
8.518010000000000000e+05
8.518030000000000000e+05
8.518130000000000000e+05
8.518210000000000000e+05
8.518310000000000000e+05
8.518390000000000000e+05
8.518430000000000000e+05
8.518630000000000000e+05
8.518810000000000000e+05
8.518910000000000000e+05
8.518990000000000000e+05
8.519530000000000000e+05
8.519570000000000000e+05
8.519710000000000000e+05
8.520110000000000000e+05
8.520130000000000000e+05
8.520310000000000000e+05
8.520370000000000000e+05
8.520790000000000000e+05
8.521010000000000000e+05
8.521210000000000000e+05
8.521390000000000000e+05
8.521430000000000000e+05
8.521490000000000000e+05
8.521510000000000000e+05
8.521670000000000000e+05
8.521790000000000000e+05
8.521910000000000000e+05
8.521970000000000000e+05
8.521990000000000000e+05
8.522110000000000000e+05
8.522330000000000000e+05
8.522390000000000000e+05
8.522530000000000000e+05
8.522590000000000000e+05
8.522630000000000000e+05
8.522870000000000000e+05
8.522890000000000000e+05
8.523010000000000000e+05
8.523230000000000000e+05
8.523470000000000000e+05
8.523670000000000000e+05
8.523910000000000000e+05
8.524090000000000000e+05
8.524270000000000000e+05
8.524370000000000000e+05
8.524570000000000000e+05
8.524630000000000000e+05
8.525210000000000000e+05
8.525570000000000000e+05
