8.525590000000000000e+05
8.525630000000000000e+05
8.525690000000000000e+05
8.525810000000000000e+05
8.525830000000000000e+05
8.525890000000000000e+05
8.526130000000000000e+05
8.526170000000000000e+05
8.526230000000000000e+05
8.526410000000000000e+05
8.526610000000000000e+05
8.526710000000000000e+05
8.526730000000000000e+05
8.526890000000000000e+05
8.527490000000000000e+05
8.527510000000000000e+05
8.527570000000000000e+05
8.527630000000000000e+05
8.527690000000000000e+05
8.527930000000000000e+05
8.527990000000000000e+05
8.528090000000000000e+05
8.528270000000000000e+05
8.528290000000000000e+05
8.528330000000000000e+05
8.528470000000000000e+05
8.528510000000000000e+05
8.528570000000000000e+05
8.528710000000000000e+05
8.528810000000000000e+05
8.528890000000000000e+05
8.528930000000000000e+05
8.529130000000000000e+05
8.529370000000000000e+05
8.529530000000000000e+05
8.529590000000000000e+05
8.529890000000000000e+05
8.529970000000000000e+05
8.530070000000000000e+05
8.530310000000000000e+05
8.530330000000000000e+05
8.530490000000000000e+05
8.530570000000000000e+05
8.530790000000000000e+05
8.530910000000000000e+05
8.531030000000000000e+05
8.531230000000000000e+05
8.531330000000000000e+05
8.531590000000000000e+05
8.531870000000000000e+05
8.531890000000000000e+05
8.532110000000000000e+05
8.532170000000000000e+05
8.532410000000000000e+05
8.532830000000000000e+05
8.532890000000000000e+05
8.532910000000000000e+05
8.533190000000000000e+05
8.533390000000000000e+05
8.533570000000000000e+05
8.533870000000000000e+05
8.534030000000000000e+05
8.534270000000000000e+05
8.534290000000000000e+05
8.534390000000000000e+05
8.534770000000000000e+05
8.534810000000000000e+05
8.534930000000000000e+05
8.535290000000000000e+05
8.535430000000000000e+05
8.535470000000000000e+05
8.535710000000000000e+05
8.535770000000000000e+05
8.535970000000000000e+05
8.536370000000000000e+05
8.536630000000000000e+05
8.536670000000000000e+05
8.536690000000000000e+05
8.536870000000000000e+05
8.536930000000000000e+05
8.537030000000000000e+05
8.537170000000000000e+05
8.537330000000000000e+05
8.537390000000000000e+05
8.537590000000000000e+05
8.537630000000000000e+05
8.537930000000000000e+05
8.537990000000000000e+05
8.538070000000000000e+05
8.538130000000000000e+05
8.538190000000000000e+05
8.538230000000000000e+05
8.538370000000000000e+05
8.538430000000000000e+05
8.538730000000000000e+05
8.538890000000000000e+05
8.539010000000000000e+05
8.539030000000000000e+05
8.539130000000000000e+05
8.539330000000000000e+05
