8.553730000000000000e+05
8.553770000000000000e+05
8.553910000000000000e+05
8.553970000000000000e+05
8.554010000000000000e+05
8.554190000000000000e+05
8.554270000000000000e+05
8.554310000000000000e+05
8.554610000000000000e+05
8.554670000000000000e+05
8.554990000000000000e+05
8.555110000000000000e+05
8.555210000000000000e+05
8.555270000000000000e+05
8.555810000000000000e+05
8.556010000000000000e+05
8.556070000000000000e+05
8.556190000000000000e+05
8.556410000000000000e+05
8.556670000000000000e+05
8.556710000000000000e+05
8.556830000000000000e+05
8.556970000000000000e+05
8.557090000000000000e+05
8.557130000000000000e+05
8.557190000000000000e+05
8.557210000000000000e+05
8.557270000000000000e+05
8.557310000000000000e+05
8.557330000000000000e+05
8.557370000000000000e+05
8.557390000000000000e+05
8.557810000000000000e+05
8.557870000000000000e+05
8.558210000000000000e+05
8.558510000000000000e+05
8.558570000000000000e+05
8.558630000000000000e+05
8.558870000000000000e+05
8.558890000000000000e+05
8.559010000000000000e+05
8.559190000000000000e+05
8.559230000000000000e+05
8.559370000000000000e+05
8.559470000000000000e+05
8.559830000000000000e+05
8.559890000000000000e+05
8.559970000000000000e+05
8.560210000000000000e+05
8.560430000000000000e+05
8.560570000000000000e+05
8.560610000000000000e+05
8.560730000000000000e+05
8.560810000000000000e+05
8.560990000000000000e+05
8.561110000000000000e+05
8.561170000000000000e+05
8.561330000000000000e+05
8.561390000000000000e+05
8.561470000000000000e+05
8.561530000000000000e+05
8.561690000000000000e+05
8.561810000000000000e+05
8.561870000000000000e+05
8.562130000000000000e+05
8.562370000000000000e+05
8.562410000000000000e+05
8.562490000000000000e+05
8.562770000000000000e+05
8.562790000000000000e+05
8.563010000000000000e+05
8.563090000000000000e+05
8.563330000000000000e+05
8.563430000000000000e+05
8.563510000000000000e+05
8.563690000000000000e+05
8.563810000000000000e+05
8.563910000000000000e+05
8.563930000000000000e+05
8.564110000000000000e+05
8.564170000000000000e+05
8.564210000000000000e+05
8.564410000000000000e+05
8.564590000000000000e+05
8.564690000000000000e+05
8.564830000000000000e+05
8.564870000000000000e+05
8.565070000000000000e+05
8.565190000000000000e+05
8.565290000000000000e+05
8.565470000000000000e+05
8.565490000000000000e+05
8.565530000000000000e+05
8.565670000000000000e+05
8.565710000000000000e+05
8.566270000000000000e+05
8.566370000000000000e+05
8.566490000000000000e+05
8.566930000000000000e+05
8.566970000000000000e+05
