8.566990000000000000e+05
8.567030000000000000e+05
8.567110000000000000e+05
8.567170000000000000e+05
8.567210000000000000e+05
8.567330000000000000e+05
8.567590000000000000e+05
8.567870000000000000e+05
8.567890000000000000e+05
8.567990000000000000e+05
8.568110000000000000e+05
8.568130000000000000e+05
8.568310000000000000e+05
8.568410000000000000e+05
8.568470000000000000e+05
8.568530000000000000e+05
8.568970000000000000e+05
8.569010000000000000e+05
8.569030000000000000e+05
8.569090000000000000e+05
8.569270000000000000e+05
8.569390000000000000e+05
8.569430000000000000e+05
8.569490000000000000e+05
8.569690000000000000e+05
8.569930000000000000e+05
8.570090000000000000e+05
8.570110000000000000e+05
8.570270000000000000e+05
8.570290000000000000e+05
8.570390000000000000e+05
8.570470000000000000e+05
8.570530000000000000e+05
8.570690000000000000e+05
8.570810000000000000e+05
8.570830000000000000e+05
8.570990000000000000e+05
8.571070000000000000e+05
8.571370000000000000e+05
8.571610000000000000e+05
8.571670000000000000e+05
8.572010000000000000e+05
8.572030000000000000e+05
8.572210000000000000e+05
8.572490000000000000e+05
8.572670000000000000e+05
8.572730000000000000e+05
8.572810000000000000e+05
8.572870000000000000e+05
8.573090000000000000e+05
8.573210000000000000e+05
8.573330000000000000e+05
8.573410000000000000e+05
8.573470000000000000e+05
8.573570000000000000e+05
8.573690000000000000e+05
8.574070000000000000e+05
8.574110000000000000e+05
8.574190000000000000e+05
8.574310000000000000e+05
8.574530000000000000e+05
8.574590000000000000e+05
8.574710000000000000e+05
8.575130000000000000e+05
8.575390000000000000e+05
8.575510000000000000e+05
8.575670000000000000e+05
8.575690000000000000e+05
8.575730000000000000e+05
8.575790000000000000e+05
8.575810000000000000e+05
8.576290000000000000e+05
8.576530000000000000e+05
8.576630000000000000e+05
8.576690000000000000e+05
8.576710000000000000e+05
8.576870000000000000e+05
8.577070000000000000e+05
8.577110000000000000e+05
8.577130000000000000e+05
8.577230000000000000e+05
8.577370000000000000e+05
8.577410000000000000e+05
8.577430000000000000e+05
8.577490000000000000e+05
8.578090000000000000e+05
8.578210000000000000e+05
8.578270000000000000e+05
8.578390000000000000e+05
8.578510000000000000e+05
8.578670000000000000e+05
8.578730000000000000e+05
8.578970000000000000e+05
8.579030000000000000e+05
8.579290000000000000e+05
8.579510000000000000e+05
8.579530000000000000e+05
8.579570000000000000e+05
8.579590000000000000e+05
8.579630000000000000e+05
