8.607890000000000000e+05
8.607910000000000000e+05
8.608090000000000000e+05
8.608130000000000000e+05
8.608190000000000000e+05
8.608430000000000000e+05
8.608610000000000000e+05
8.608870000000000000e+05
8.608910000000000000e+05
8.609110000000000000e+05
8.609170000000000000e+05
8.609210000000000000e+05
8.609270000000000000e+05
8.609290000000000000e+05
8.609390000000000000e+05
8.609410000000000000e+05
8.609570000000000000e+05
8.609690000000000000e+05
8.609710000000000000e+05
8.610010000000000000e+05
8.610130000000000000e+05
8.610190000000000000e+05
8.610310000000000000e+05
8.610370000000000000e+05
8.610430000000000000e+05
8.610530000000000000e+05
8.610590000000000000e+05
8.610790000000000000e+05
8.610830000000000000e+05
8.610890000000000000e+05
8.611090000000000000e+05
8.611210000000000000e+05
8.611310000000000000e+05
8.611390000000000000e+05
8.611630000000000000e+05
8.611670000000000000e+05
8.611910000000000000e+05
8.611990000000000000e+05
8.612210000000000000e+05
8.612390000000000000e+05
8.612930000000000000e+05
8.612990000000000000e+05
8.613170000000000000e+05
8.613470000000000000e+05
8.613530000000000000e+05
8.613610000000000000e+05
8.613910000000000000e+05
8.614330000000000000e+05
8.614370000000000000e+05
8.614390000000000000e+05
8.614910000000000000e+05
8.614930000000000000e+05
8.614990000000000000e+05
8.615410000000000000e+05
8.615470000000000000e+05
8.615510000000000000e+05
8.615590000000000000e+05
8.615630000000000000e+05
8.615710000000000000e+05
8.615890000000000000e+05
8.615990000000000000e+05
8.616130000000000000e+05
8.616170000000000000e+05
8.616470000000000000e+05
8.616590000000000000e+05
8.616910000000000000e+05
8.617010000000000000e+05
8.617030000000000000e+05
8.617190000000000000e+05
8.617330000000000000e+05
8.617390000000000000e+05
8.617430000000000000e+05
8.617610000000000000e+05
8.617970000000000000e+05
8.617990000000000000e+05
8.618030000000000000e+05
8.618230000000000000e+05
8.618290000000000000e+05
8.618530000000000000e+05
8.618570000000000000e+05
8.618710000000000000e+05
8.618770000000000000e+05
8.618810000000000000e+05
8.618990000000000000e+05
8.619010000000000000e+05
8.619070000000000000e+05
8.619290000000000000e+05
8.619370000000000000e+05
8.619410000000000000e+05
8.619470000000000000e+05
8.619770000000000000e+05
8.619790000000000000e+05
8.619970000000000000e+05
8.620090000000000000e+05
8.620130000000000000e+05
8.620310000000000000e+05
8.620330000000000000e+05
8.620610000000000000e+05
8.620670000000000000e+05
8.620970000000000000e+05
