8.634970000000000000e+05
8.635090000000000000e+05
8.635210000000000000e+05
8.635370000000000000e+05
8.635390000000000000e+05
8.635610000000000000e+05
8.635930000000000000e+05
8.636090000000000000e+05
8.636330000000000000e+05
8.636410000000000000e+05
8.636710000000000000e+05
8.636890000000000000e+05
8.636930000000000000e+05
8.637110000000000000e+05
8.637290000000000000e+05
8.637430000000000000e+05
8.637490000000000000e+05
8.637670000000000000e+05
8.637710000000000000e+05
8.637830000000000000e+05
8.638010000000000000e+05
8.638030000000000000e+05
8.638330000000000000e+05
8.638430000000000000e+05
8.638510000000000000e+05
8.638670000000000000e+05
8.638690000000000000e+05
8.638790000000000000e+05
8.638870000000000000e+05
8.638970000000000000e+05
8.638990000000000000e+05
8.639090000000000000e+05
8.639170000000000000e+05
8.639210000000000000e+05
8.639590000000000000e+05
8.639830000000000000e+05
8.640070000000000000e+05
8.640110000000000000e+05
8.640130000000000000e+05
8.640290000000000000e+05
8.640370000000000000e+05
8.640470000000000000e+05
8.640490000000000000e+05
8.640530000000000000e+05
8.640770000000000000e+05
8.640790000000000000e+05
8.640910000000000000e+05
8.641030000000000000e+05
8.641070000000000000e+05
8.641190000000000000e+05
8.641210000000000000e+05
8.641310000000000000e+05
8.641370000000000000e+05
8.641510000000000000e+05
8.641670000000000000e+05
8.641690000000000000e+05
8.641910000000000000e+05
8.642030000000000000e+05
8.642110000000000000e+05
8.642210000000000000e+05
8.642230000000000000e+05
8.642510000000000000e+05
8.642770000000000000e+05
8.642890000000000000e+05
8.642990000000000000e+05
8.643010000000000000e+05
8.643070000000000000e+05
8.643190000000000000e+05
8.643230000000000000e+05
8.643410000000000000e+05
8.643590000000000000e+05
8.643610000000000000e+05
8.643790000000000000e+05
8.644070000000000000e+05
8.644190000000000000e+05
8.644270000000000000e+05
8.644390000000000000e+05
8.644490000000000000e+05
8.644910000000000000e+05
8.645030000000000000e+05
8.645090000000000000e+05
8.645110000000000000e+05
8.645330000000000000e+05
8.645410000000000000e+05
8.645510000000000000e+05
8.645810000000000000e+05
8.645830000000000000e+05
8.645870000000000000e+05
8.646130000000000000e+05
8.646230000000000000e+05
8.646290000000000000e+05
8.646310000000000000e+05
8.646410000000000000e+05
8.646730000000000000e+05
8.646790000000000000e+05
8.646910000000000000e+05
8.647070000000000000e+05
8.647330000000000000e+05
8.647370000000000000e+05
8.647570000000000000e+05
