8.647810000000000000e+05
8.647930000000000000e+05
8.648030000000000000e+05
8.648110000000000000e+05
8.648170000000000000e+05
8.648830000000000000e+05
8.648870000000000000e+05
8.649010000000000000e+05
8.649110000000000000e+05
8.649170000000000000e+05
8.649470000000000000e+05
8.649530000000000000e+05
8.649590000000000000e+05
8.649670000000000000e+05
8.649790000000000000e+05
8.649890000000000000e+05
8.650010000000000000e+05
8.650030000000000000e+05
8.650430000000000000e+05
8.650490000000000000e+05
8.650570000000000000e+05
8.650610000000000000e+05
8.650690000000000000e+05
8.650870000000000000e+05
8.650910000000000000e+05
8.651030000000000000e+05
8.651210000000000000e+05
8.651530000000000000e+05
8.651590000000000000e+05
8.651770000000000000e+05
8.652010000000000000e+05
8.652110000000000000e+05
8.652130000000000000e+05
8.652170000000000000e+05
8.652310000000000000e+05
8.652470000000000000e+05
8.652530000000000000e+05
8.652590000000000000e+05
8.652610000000000000e+05
8.653010000000000000e+05
8.653070000000000000e+05
8.653130000000000000e+05
8.653210000000000000e+05
8.653270000000000000e+05
8.653390000000000000e+05
8.653430000000000000e+05
8.653490000000000000e+05
8.653570000000000000e+05
8.653630000000000000e+05
8.653790000000000000e+05
8.654090000000000000e+05
8.654570000000000000e+05
8.654770000000000000e+05
8.654810000000000000e+05
8.654830000000000000e+05
8.654930000000000000e+05
8.654990000000000000e+05
8.655110000000000000e+05
8.655370000000000000e+05
8.655770000000000000e+05
8.655910000000000000e+05
8.655970000000000000e+05
8.656090000000000000e+05
8.656190000000000000e+05
8.656370000000000000e+05
8.656390000000000000e+05
8.656430000000000000e+05
8.656610000000000000e+05
8.656810000000000000e+05
8.656870000000000000e+05
8.657170000000000000e+05
8.657210000000000000e+05
8.657290000000000000e+05
8.657410000000000000e+05
8.657470000000000000e+05
8.657510000000000000e+05
8.657570000000000000e+05
8.657690000000000000e+05
8.657710000000000000e+05
8.657830000000000000e+05
8.658010000000000000e+05
8.658070000000000000e+05
8.658170000000000000e+05
8.658190000000000000e+05
8.658290000000000000e+05
8.658470000000000000e+05
8.658590000000000000e+05
8.658670000000000000e+05
8.658710000000000000e+05
8.658770000000000000e+05
8.658890000000000000e+05
8.659330000000000000e+05
8.659370000000000000e+05
8.659570000000000000e+05
8.659790000000000000e+05
8.659930000000000000e+05
8.660030000000000000e+05
8.660090000000000000e+05
8.660110000000000000e+05
8.660290000000000000e+05
