8.660510000000000000e+05
8.660530000000000000e+05
8.660570000000000000e+05
8.660810000000000000e+05
8.660830000000000000e+05
8.660870000000000000e+05
8.660930000000000000e+05
8.661010000000000000e+05
8.661190000000000000e+05
8.661230000000000000e+05
8.661610000000000000e+05
8.661830000000000000e+05
8.661970000000000000e+05
8.662130000000000000e+05
8.662210000000000000e+05
8.662310000000000000e+05
8.662790000000000000e+05
8.662930000000000000e+05
8.663090000000000000e+05
8.663110000000000000e+05
8.663290000000000000e+05
8.663530000000000000e+05
8.663890000000000000e+05
8.663990000000000000e+05
8.664170000000000000e+05
8.664310000000000000e+05
8.664430000000000000e+05
8.664610000000000000e+05
8.664710000000000000e+05
8.664770000000000000e+05
8.665130000000000000e+05
8.665190000000000000e+05
8.665730000000000000e+05
8.665810000000000000e+05
8.666230000000000000e+05
8.666290000000000000e+05
8.666390000000000000e+05
8.666410000000000000e+05
8.666530000000000000e+05
8.666830000000000000e+05
8.666890000000000000e+05
8.666930000000000000e+05
8.667070000000000000e+05
8.667130000000000000e+05
8.667170000000000000e+05
8.667370000000000000e+05
8.667430000000000000e+05
8.667590000000000000e+05
8.667770000000000000e+05
8.667830000000000000e+05
8.668190000000000000e+05
8.668430000000000000e+05
8.668490000000000000e+05
8.668510000000000000e+05
8.668570000000000000e+05
8.668690000000000000e+05
8.669090000000000000e+05
8.669170000000000000e+05
8.669270000000000000e+05
8.669330000000000000e+05
8.669410000000000000e+05
8.669530000000000000e+05
8.669630000000000000e+05
8.669690000000000000e+05
8.670010000000000000e+05
8.670070000000000000e+05
8.670110000000000000e+05
8.670230000000000000e+05
8.670370000000000000e+05
8.670590000000000000e+05
8.670670000000000000e+05
8.670790000000000000e+05
8.670910000000000000e+05
8.671210000000000000e+05
8.671310000000000000e+05
8.671430000000000000e+05
8.671510000000000000e+05
8.671610000000000000e+05
8.671730000000000000e+05
8.672030000000000000e+05
8.672110000000000000e+05
8.672270000000000000e+05
8.672330000000000000e+05
8.672530000000000000e+05
8.672570000000000000e+05
8.672590000000000000e+05
8.672630000000000000e+05
8.672710000000000000e+05
8.672810000000000000e+05
8.673010000000000000e+05
8.673190000000000000e+05
8.673370000000000000e+05
8.673430000000000000e+05
8.673710000000000000e+05
8.673890000000000000e+05
8.673970000000000000e+05
8.674010000000000000e+05
8.674090000000000000e+05
8.674130000000000000e+05
8.674310000000000000e+05
