8.674430000000000000e+05
8.674570000000000000e+05
8.674630000000000000e+05
8.674670000000000000e+05
8.674870000000000000e+05
8.675090000000000000e+05
8.675110000000000000e+05
8.675410000000000000e+05
8.675470000000000000e+05
8.675530000000000000e+05
8.675630000000000000e+05
8.675710000000000000e+05
8.675770000000000000e+05
8.675890000000000000e+05
8.676170000000000000e+05
8.676190000000000000e+05
8.676230000000000000e+05
8.676310000000000000e+05
8.676410000000000000e+05
8.676530000000000000e+05
8.676770000000000000e+05
8.676790000000000000e+05
8.676890000000000000e+05
8.677010000000000000e+05
8.677190000000000000e+05
8.677330000000000000e+05
8.677430000000000000e+05
8.677730000000000000e+05
8.677810000000000000e+05
8.677930000000000000e+05
8.678030000000000000e+05
8.678170000000000000e+05
8.678270000000000000e+05
8.678290000000000000e+05
8.678570000000000000e+05
8.678710000000000000e+05
8.678870000000000000e+05
8.679130000000000000e+05
8.679430000000000000e+05
8.679470000000000000e+05
8.679590000000000000e+05
8.679910000000000000e+05
8.680190000000000000e+05
8.680330000000000000e+05
8.680390000000000000e+05
8.680510000000000000e+05
8.680690000000000000e+05
8.680730000000000000e+05
8.680810000000000000e+05
8.681030000000000000e+05
8.681110000000000000e+05
8.681210000000000000e+05
8.681230000000000000e+05
8.681510000000000000e+05
8.681570000000000000e+05
8.681710000000000000e+05
8.681770000000000000e+05
8.681990000000000000e+05
8.682110000000000000e+05
8.682290000000000000e+05
8.682490000000000000e+05
8.682670000000000000e+05
8.682710000000000000e+05
8.682770000000000000e+05
8.682910000000000000e+05
8.683130000000000000e+05
8.683270000000000000e+05
8.683310000000000000e+05
8.683370000000000000e+05
8.683490000000000000e+05
8.683690000000000000e+05
8.683790000000000000e+05
8.683810000000000000e+05
8.683970000000000000e+05
8.684090000000000000e+05
8.684230000000000000e+05
8.684510000000000000e+05
8.684530000000000000e+05
8.684590000000000000e+05
8.684870000000000000e+05
8.684890000000000000e+05
8.684930000000000000e+05
8.685290000000000000e+05
8.685310000000000000e+05
8.685370000000000000e+05
8.685590000000000000e+05
8.685610000000000000e+05
8.685770000000000000e+05
8.685830000000000000e+05
8.686030000000000000e+05
8.686130000000000000e+05
8.686390000000000000e+05
8.686630000000000000e+05
8.686690000000000000e+05
8.686910000000000000e+05
8.686970000000000000e+05
8.687270000000000000e+05
8.687390000000000000e+05
8.687410000000000000e+05
8.687710000000000000e+05
