8.700590000000000000e+05
8.700830000000000000e+05
8.700970000000000000e+05
8.701090000000000000e+05
8.701270000000000000e+05
8.701310000000000000e+05
8.701370000000000000e+05
8.701510000000000000e+05
8.701610000000000000e+05
8.701690000000000000e+05
8.701730000000000000e+05
8.701970000000000000e+05
8.702110000000000000e+05
8.702230000000000000e+05
8.702290000000000000e+05
8.702390000000000000e+05
8.702410000000000000e+05
8.702530000000000000e+05
8.702710000000000000e+05
8.702830000000000000e+05
8.703010000000000000e+05
8.703230000000000000e+05
8.703290000000000000e+05
8.703410000000000000e+05
8.703670000000000000e+05
8.703910000000000000e+05
8.704030000000000000e+05
8.704070000000000000e+05
8.704130000000000000e+05
8.704310000000000000e+05
8.704330000000000000e+05
8.704370000000000000e+05
8.704610000000000000e+05
8.704790000000000000e+05
8.704910000000000000e+05
8.704970000000000000e+05
8.705170000000000000e+05
8.705330000000000000e+05
8.705470000000000000e+05
8.705770000000000000e+05
8.705890000000000000e+05
8.705930000000000000e+05
8.706010000000000000e+05
8.706130000000000000e+05
8.706290000000000000e+05
8.706410000000000000e+05
8.706430000000000000e+05
8.706790000000000000e+05
8.706910000000000000e+05
8.707030000000000000e+05
8.707310000000000000e+05
8.707390000000000000e+05
8.707430000000000000e+05
8.707730000000000000e+05
8.707870000000000000e+05
8.708090000000000000e+05
8.708110000000000000e+05
8.708230000000000000e+05
8.708330000000000000e+05
8.708470000000000000e+05
8.708530000000000000e+05
8.708710000000000000e+05
8.708890000000000000e+05
8.709010000000000000e+05
8.709070000000000000e+05
8.709110000000000000e+05
8.709170000000000000e+05
8.709290000000000000e+05
8.709310000000000000e+05
8.709530000000000000e+05
8.709670000000000000e+05
8.709770000000000000e+05
8.709830000000000000e+05
8.709970000000000000e+05
8.710010000000000000e+05
8.710210000000000000e+05
8.710270000000000000e+05
8.710370000000000000e+05
8.710610000000000000e+05
8.711030000000000000e+05
8.711470000000000000e+05
8.711590000000000000e+05
8.711630000000000000e+05
8.711770000000000000e+05
8.711810000000000000e+05
8.712290000000000000e+05
8.712310000000000000e+05
8.712490000000000000e+05
8.712590000000000000e+05
8.712710000000000000e+05
8.712890000000000000e+05
8.713030000000000000e+05
8.713370000000000000e+05
8.713490000000000000e+05
8.713930000000000000e+05
8.714390000000000000e+05
8.714590000000000000e+05
8.714630000000000000e+05
8.714770000000000000e+05
8.715130000000000000e+05
