8.715170000000000000e+05
8.715310000000000000e+05
8.715530000000000000e+05
8.715710000000000000e+05
8.715890000000000000e+05
8.715970000000000000e+05
8.716130000000000000e+05
8.716210000000000000e+05
8.716390000000000000e+05
8.716430000000000000e+05
8.716490000000000000e+05
8.716570000000000000e+05
8.716790000000000000e+05
8.716810000000000000e+05
8.716870000000000000e+05
8.717270000000000000e+05
8.717630000000000000e+05
8.717710000000000000e+05
8.717890000000000000e+05
8.718170000000000000e+05
8.718230000000000000e+05
8.718370000000000000e+05
8.718670000000000000e+05
8.718830000000000000e+05
8.719010000000000000e+05
8.719190000000000000e+05
8.719310000000000000e+05
8.719570000000000000e+05
8.719630000000000000e+05
8.719730000000000000e+05
8.719870000000000000e+05
8.719930000000000000e+05
8.720170000000000000e+05
8.720230000000000000e+05
8.720330000000000000e+05
8.720410000000000000e+05
8.720570000000000000e+05
8.720710000000000000e+05
8.720770000000000000e+05
8.720890000000000000e+05
8.720990000000000000e+05
8.721070000000000000e+05
8.721290000000000000e+05
8.721410000000000000e+05
8.721430000000000000e+05
8.721490000000000000e+05
8.721590000000000000e+05
8.721610000000000000e+05
8.721730000000000000e+05
8.721770000000000000e+05
8.721890000000000000e+05
8.722030000000000000e+05
8.722270000000000000e+05
8.722310000000000000e+05
8.722370000000000000e+05
8.722430000000000000e+05
8.722510000000000000e+05
8.722570000000000000e+05
8.722690000000000000e+05
8.722810000000000000e+05
8.723170000000000000e+05
8.723230000000000000e+05
8.723510000000000000e+05
8.723530000000000000e+05
8.723690000000000000e+05
8.723810000000000000e+05
8.723830000000000000e+05
8.723870000000000000e+05
8.723930000000000000e+05
8.724110000000000000e+05
8.724190000000000000e+05
8.724290000000000000e+05
8.724370000000000000e+05
8.724410000000000000e+05
8.724530000000000000e+05
8.724710000000000000e+05
8.724770000000000000e+05
8.724790000000000000e+05
8.725330000000000000e+05
8.725490000000000000e+05
8.725610000000000000e+05
8.725630000000000000e+05
8.725670000000000000e+05
8.725870000000000000e+05
8.726090000000000000e+05
8.726110000000000000e+05
8.726210000000000000e+05
8.726230000000000000e+05
8.726470000000000000e+05
8.726570000000000000e+05
8.726590000000000000e+05
8.726710000000000000e+05
8.726870000000000000e+05
8.727310000000000000e+05
8.727370000000000000e+05
8.727470000000000000e+05
8.727490000000000000e+05
8.727610000000000000e+05
8.727890000000000000e+05
8.727910000000000000e+05
