8.728430000000000000e+05
8.728630000000000000e+05
8.729230000000000000e+05
8.729470000000000000e+05
8.729510000000000000e+05
8.729530000000000000e+05
8.729590000000000000e+05
8.729990000000000000e+05
8.730170000000000000e+05
8.730430000000000000e+05
8.730490000000000000e+05
8.730730000000000000e+05
8.730790000000000000e+05
8.730830000000000000e+05
8.730910000000000000e+05
8.731090000000000000e+05
8.731130000000000000e+05
8.731210000000000000e+05
8.731330000000000000e+05
8.731390000000000000e+05
8.731570000000000000e+05
8.732090000000000000e+05
8.732470000000000000e+05
8.732510000000000000e+05
8.732630000000000000e+05
8.732930000000000000e+05
8.733170000000000000e+05
8.733190000000000000e+05
8.733310000000000000e+05
8.733430000000000000e+05
8.733490000000000000e+05
8.733590000000000000e+05
8.734030000000000000e+05
8.734070000000000000e+05
8.734190000000000000e+05
8.734210000000000000e+05
8.734270000000000000e+05
8.734370000000000000e+05
8.734610000000000000e+05
8.734630000000000000e+05
8.734690000000000000e+05
8.734970000000000000e+05
8.735270000000000000e+05
8.735290000000000000e+05
8.735390000000000000e+05
8.735410000000000000e+05
8.735530000000000000e+05
8.735690000000000000e+05
8.735710000000000000e+05
8.736170000000000000e+05
8.736190000000000000e+05
8.736410000000000000e+05
8.736430000000000000e+05
8.736590000000000000e+05
8.736670000000000000e+05
8.736710000000000000e+05
8.736890000000000000e+05
8.737070000000000000e+05
8.737090000000000000e+05
8.737210000000000000e+05
8.737270000000000000e+05
8.737390000000000000e+05
8.737670000000000000e+05
8.737730000000000000e+05
8.737810000000000000e+05
8.737870000000000000e+05
8.738630000000000000e+05
8.738770000000000000e+05
8.739130000000000000e+05
8.739590000000000000e+05
8.739790000000000000e+05
8.739890000000000000e+05
8.739910000000000000e+05
8.740010000000000000e+05
8.740090000000000000e+05
8.740370000000000000e+05
8.740630000000000000e+05
8.740870000000000000e+05
8.740910000000000000e+05
8.740990000000000000e+05
8.741030000000000000e+05
8.741090000000000000e+05
8.741170000000000000e+05
8.741210000000000000e+05
8.741270000000000000e+05
8.741510000000000000e+05
8.741930000000000000e+05
8.742130000000000000e+05
8.742170000000000000e+05
8.742290000000000000e+05
8.742490000000000000e+05
8.742670000000000000e+05
8.742710000000000000e+05
8.742770000000000000e+05
8.743010000000000000e+05
8.743030000000000000e+05
8.743310000000000000e+05
8.743370000000000000e+05
8.743430000000000000e+05
8.743510000000000000e+05
