8.756470000000000000e+05
8.756590000000000000e+05
8.756630000000000000e+05
8.756810000000000000e+05
8.756830000000000000e+05
8.756890000000000000e+05
8.757010000000000000e+05
8.757110000000000000e+05
8.757170000000000000e+05
8.757310000000000000e+05
8.757410000000000000e+05
8.757590000000000000e+05
8.757610000000000000e+05
8.757730000000000000e+05
8.757790000000000000e+05
8.757830000000000000e+05
8.758030000000000000e+05
8.758210000000000000e+05
8.758370000000000000e+05
8.758510000000000000e+05
8.758930000000000000e+05
8.759230000000000000e+05
8.759290000000000000e+05
8.759330000000000000e+05
8.759470000000000000e+05
8.759690000000000000e+05
8.759810000000000000e+05
8.759830000000000000e+05
8.760110000000000000e+05
8.760130000000000000e+05
8.760170000000000000e+05
8.760190000000000000e+05
8.760230000000000000e+05
8.760410000000000000e+05
8.760670000000000000e+05
8.760770000000000000e+05
8.760790000000000000e+05
8.760970000000000000e+05
8.761030000000000000e+05
8.761070000000000000e+05
8.761210000000000000e+05
8.761310000000000000e+05
8.761370000000000000e+05
8.761490000000000000e+05
8.761810000000000000e+05
8.761910000000000000e+05
8.761930000000000000e+05
8.761990000000000000e+05
8.762030000000000000e+05
8.762290000000000000e+05
8.762330000000000000e+05
8.762570000000000000e+05
8.762630000000000000e+05
8.762870000000000000e+05
8.763010000000000000e+05
8.763070000000000000e+05
8.763110000000000000e+05
8.763290000000000000e+05
8.763310000000000000e+05
8.763410000000000000e+05
8.763490000000000000e+05
8.763710000000000000e+05
8.763730000000000000e+05
8.764310000000000000e+05
8.764330000000000000e+05
8.764430000000000000e+05
8.764790000000000000e+05
8.764810000000000000e+05
8.764970000000000000e+05
8.765230000000000000e+05
8.765290000000000000e+05
8.765690000000000000e+05
8.765810000000000000e+05
8.765930000000000000e+05
8.766070000000000000e+05
8.766110000000000000e+05
8.766190000000000000e+05
8.766430000000000000e+05
8.766470000000000000e+05
8.766530000000000000e+05
8.766610000000000000e+05
8.766770000000000000e+05
8.767190000000000000e+05
8.767210000000000000e+05
8.767310000000000000e+05
8.767490000000000000e+05
8.767510000000000000e+05
8.767610000000000000e+05
8.767690000000000000e+05
8.767870000000000000e+05
8.767910000000000000e+05
8.767970000000000000e+05
8.768170000000000000e+05
8.768230000000000000e+05
8.768330000000000000e+05
8.768510000000000000e+05
8.768530000000000000e+05
8.768710000000000000e+05
8.768930000000000000e+05
8.769130000000000000e+05
