8.769290000000000000e+05
8.769470000000000000e+05
8.769710000000000000e+05
8.770030000000000000e+05
8.770270000000000000e+05
8.770430000000000000e+05
8.770570000000000000e+05
8.770730000000000000e+05
8.770910000000000000e+05
8.771090000000000000e+05
8.771110000000000000e+05
8.771170000000000000e+05
8.771330000000000000e+05
8.771690000000000000e+05
8.771810000000000000e+05
8.771870000000000000e+05
8.771990000000000000e+05
8.772130000000000000e+05
8.772230000000000000e+05
8.772370000000000000e+05
8.772670000000000000e+05
8.772910000000000000e+05
8.772970000000000000e+05
8.773010000000000000e+05
8.773130000000000000e+05
8.773210000000000000e+05
8.773330000000000000e+05
8.773430000000000000e+05
8.773510000000000000e+05
8.773610000000000000e+05
8.773670000000000000e+05
8.773790000000000000e+05
8.773970000000000000e+05
8.773990000000000000e+05
8.774030000000000000e+05
8.774110000000000000e+05
8.774230000000000000e+05
8.774630000000000000e+05
8.774690000000000000e+05
8.775310000000000000e+05
8.775430000000000000e+05
8.775670000000000000e+05
8.775730000000000000e+05
8.775770000000000000e+05
8.776010000000000000e+05
8.776090000000000000e+05
8.776190000000000000e+05
8.776210000000000000e+05
8.776510000000000000e+05
8.776610000000000000e+05
8.776990000000000000e+05
8.777390000000000000e+05
8.777710000000000000e+05
8.777830000000000000e+05
8.778170000000000000e+05
8.778230000000000000e+05
8.778370000000000000e+05
8.778430000000000000e+05
8.778530000000000000e+05
8.778670000000000000e+05
8.778710000000000000e+05
8.778730000000000000e+05
8.778790000000000000e+05
8.778830000000000000e+05
8.779070000000000000e+05
8.779090000000000000e+05
8.779370000000000000e+05
8.779390000000000000e+05
8.779490000000000000e+05
8.779970000000000000e+05
8.780110000000000000e+05
8.780210000000000000e+05
8.780230000000000000e+05
8.780390000000000000e+05
8.780410000000000000e+05
8.780770000000000000e+05
8.780830000000000000e+05
8.780890000000000000e+05
8.780990000000000000e+05
8.781070000000000000e+05
8.781130000000000000e+05
8.781310000000000000e+05
8.781470000000000000e+05
8.781530000000000000e+05
8.781590000000000000e+05
8.781670000000000000e+05
8.781730000000000000e+05
8.781830000000000000e+05
8.781910000000000000e+05
8.781970000000000000e+05
8.782010000000000000e+05
8.782210000000000000e+05
8.782390000000000000e+05
8.782790000000000000e+05
8.782870000000000000e+05
8.782910000000000000e+05
8.782990000000000000e+05
8.783090000000000000e+05
8.783590000000000000e+05
8.783770000000000000e+05
