8.783870000000000000e+05
8.784110000000000000e+05
8.784130000000000000e+05
8.784190000000000000e+05
8.784430000000000000e+05
8.784530000000000000e+05
8.784670000000000000e+05
8.784890000000000000e+05
8.785130000000000000e+05
8.785390000000000000e+05
8.785510000000000000e+05
8.785670000000000000e+05
8.785730000000000000e+05
8.785930000000000000e+05
8.785970000000000000e+05
8.786090000000000000e+05
8.786210000000000000e+05
8.786290000000000000e+05
8.786410000000000000e+05
8.786510000000000000e+05
8.786590000000000000e+05
8.786630000000000000e+05
8.786770000000000000e+05
8.786810000000000000e+05
8.786990000000000000e+05
8.787190000000000000e+05
8.787370000000000000e+05
8.787430000000000000e+05
8.787490000000000000e+05
8.787770000000000000e+05
8.787830000000000000e+05
8.787890000000000000e+05
8.787970000000000000e+05
8.788210000000000000e+05
8.788310000000000000e+05
8.788330000000000000e+05
8.788370000000000000e+05
8.788510000000000000e+05
8.788630000000000000e+05
8.788690000000000000e+05
8.788730000000000000e+05
8.788930000000000000e+05
8.789290000000000000e+05
8.789390000000000000e+05
8.789530000000000000e+05
8.789570000000000000e+05
8.789870000000000000e+05
8.789890000000000000e+05
8.790010000000000000e+05
8.790070000000000000e+05
8.790230000000000000e+05
8.790310000000000000e+05
8.790610000000000000e+05
8.790890000000000000e+05
8.790970000000000000e+05
8.791030000000000000e+05
8.791130000000000000e+05
8.791190000000000000e+05
8.791330000000000000e+05
8.791430000000000000e+05
8.791670000000000000e+05
8.791690000000000000e+05
8.791810000000000000e+05
8.791990000000000000e+05
8.792270000000000000e+05
8.792390000000000000e+05
8.792470000000000000e+05
8.792590000000000000e+05
8.792690000000000000e+05
8.792710000000000000e+05
8.792830000000000000e+05
8.792870000000000000e+05
8.792990000000000000e+05
8.793310000000000000e+05
8.793410000000000000e+05
8.793430000000000000e+05
8.793530000000000000e+05
8.793710000000000000e+05
8.793910000000000000e+05
8.794010000000000000e+05
8.794130000000000000e+05
8.794490000000000000e+05
8.794570000000000000e+05
8.794930000000000000e+05
8.795230000000000000e+05
8.795330000000000000e+05
8.795390000000000000e+05
8.795530000000000000e+05
8.795810000000000000e+05
8.795830000000000000e+05
8.796070000000000000e+05
8.796170000000000000e+05
8.796230000000000000e+05
8.796290000000000000e+05
8.796490000000000000e+05
8.796530000000000000e+05
8.796610000000000000e+05
8.796670000000000000e+05
8.796730000000000000e+05
8.796790000000000000e+05
