8.796890000000000000e+05
8.796910000000000000e+05
8.797010000000000000e+05
8.797070000000000000e+05
8.797090000000000000e+05
8.797130000000000000e+05
8.797210000000000000e+05
8.797430000000000000e+05
8.797970000000000000e+05
8.797990000000000000e+05
8.798170000000000000e+05
8.798210000000000000e+05
8.798390000000000000e+05
8.798590000000000000e+05
8.798630000000000000e+05
8.798810000000000000e+05
8.799170000000000000e+05
8.799190000000000000e+05
8.799410000000000000e+05
8.799530000000000000e+05
8.799610000000000000e+05
8.799730000000000000e+05
8.799790000000000000e+05
8.800010000000000000e+05
8.800070000000000000e+05
8.800210000000000000e+05
8.800270000000000000e+05
8.800310000000000000e+05
8.800430000000000000e+05
8.800570000000000000e+05
8.800670000000000000e+05
8.800690000000000000e+05
8.800910000000000000e+05
8.800970000000000000e+05
8.801090000000000000e+05
8.801270000000000000e+05
8.801330000000000000e+05
8.801510000000000000e+05
8.801530000000000000e+05
8.801990000000000000e+05
8.802110000000000000e+05
8.802190000000000000e+05
8.802230000000000000e+05
8.802470000000000000e+05
8.802490000000000000e+05
8.802590000000000000e+05
8.802830000000000000e+05
8.803010000000000000e+05
8.803030000000000000e+05
8.803310000000000000e+05
8.803370000000000000e+05
8.803430000000000000e+05
8.803490000000000000e+05
8.803610000000000000e+05
8.803670000000000000e+05
8.804090000000000000e+05
8.804210000000000000e+05
8.804230000000000000e+05
8.804270000000000000e+05
8.804830000000000000e+05
8.804870000000000000e+05
8.805130000000000000e+05
8.805190000000000000e+05
8.805310000000000000e+05
8.805410000000000000e+05
8.805430000000000000e+05
8.805530000000000000e+05
8.805590000000000000e+05
8.805710000000000000e+05
8.805730000000000000e+05
8.805890000000000000e+05
8.806030000000000000e+05
8.806610000000000000e+05
8.806670000000000000e+05
8.806730000000000000e+05
8.806810000000000000e+05
8.806870000000000000e+05
8.806990000000000000e+05
8.807030000000000000e+05
8.807090000000000000e+05
8.807230000000000000e+05
8.807270000000000000e+05
8.807290000000000000e+05
8.807510000000000000e+05
8.807930000000000000e+05
8.807990000000000000e+05
8.808010000000000000e+05
8.808130000000000000e+05
8.808190000000000000e+05
8.808230000000000000e+05
8.808530000000000000e+05
8.808610000000000000e+05
8.808710000000000000e+05
8.808830000000000000e+05
8.809030000000000000e+05
8.809070000000000000e+05
8.809090000000000000e+05
8.809390000000000000e+05
8.809490000000000000e+05
8.809510000000000000e+05
