8.809610000000000000e+05
8.809810000000000000e+05
8.809930000000000000e+05
8.810030000000000000e+05
8.810090000000000000e+05
8.810170000000000000e+05
8.810290000000000000e+05
8.810570000000000000e+05
8.810710000000000000e+05
8.810770000000000000e+05
8.810990000000000000e+05
8.811190000000000000e+05
8.811410000000000000e+05
8.811430000000000000e+05
8.811470000000000000e+05
8.811590000000000000e+05
8.811710000000000000e+05
8.811730000000000000e+05
8.811910000000000000e+05
8.811970000000000000e+05
8.812070000000000000e+05
8.812190000000000000e+05
8.812330000000000000e+05
8.812490000000000000e+05
8.812690000000000000e+05
8.812730000000000000e+05
8.813110000000000000e+05
8.813170000000000000e+05
8.813270000000000000e+05
8.813330000000000000e+05
8.813510000000000000e+05
8.813570000000000000e+05
8.813690000000000000e+05
8.813930000000000000e+05
8.814070000000000000e+05
8.814110000000000000e+05
8.814170000000000000e+05
8.814370000000000000e+05
8.814490000000000000e+05
8.814710000000000000e+05
8.814730000000000000e+05
8.814770000000000000e+05
8.814790000000000000e+05
8.815090000000000000e+05
8.815270000000000000e+05
8.815330000000000000e+05
8.815370000000000000e+05
8.815390000000000000e+05
8.815910000000000000e+05
8.815970000000000000e+05
8.816110000000000000e+05
8.816410000000000000e+05
8.816630000000000000e+05
8.816690000000000000e+05
8.816810000000000000e+05
8.817070000000000000e+05
8.817110000000000000e+05
8.817290000000000000e+05
8.817430000000000000e+05
8.817790000000000000e+05
8.818130000000000000e+05
8.818330000000000000e+05
8.818490000000000000e+05
8.818970000000000000e+05
8.818990000000000000e+05
8.819110000000000000e+05
8.819170000000000000e+05
8.819390000000000000e+05
8.819530000000000000e+05
8.819630000000000000e+05
8.819830000000000000e+05
8.819870000000000000e+05
8.820170000000000000e+05
8.820190000000000000e+05
8.820290000000000000e+05
8.820310000000000000e+05
8.820470000000000000e+05
8.820610000000000000e+05
8.820670000000000000e+05
8.820710000000000000e+05
8.820830000000000000e+05
8.821030000000000000e+05
8.821390000000000000e+05
8.821570000000000000e+05
8.821690000000000000e+05
8.821730000000000000e+05
8.821790000000000000e+05
8.821870000000000000e+05
8.821990000000000000e+05
8.822390000000000000e+05
8.822410000000000000e+05
8.822470000000000000e+05
8.822510000000000000e+05
8.822530000000000000e+05
8.822630000000000000e+05
8.822890000000000000e+05
8.823130000000000000e+05
8.823590000000000000e+05
8.823670000000000000e+05
8.823770000000000000e+05
