8.837330000000000000e+05
8.837390000000000000e+05
8.837630000000000000e+05
8.837770000000000000e+05
8.837810000000000000e+05
8.837830000000000000e+05
8.838070000000000000e+05
8.838710000000000000e+05
8.838770000000000000e+05
8.838890000000000000e+05
8.839210000000000000e+05
8.839330000000000000e+05
8.839630000000000000e+05
8.839690000000000000e+05
8.839730000000000000e+05
8.839790000000000000e+05
8.839910000000000000e+05
8.840030000000000000e+05
8.840110000000000000e+05
8.840290000000000000e+05
8.840570000000000000e+05
8.840690000000000000e+05
8.840770000000000000e+05
8.840870000000000000e+05
8.841110000000000000e+05
8.841290000000000000e+05
8.841310000000000000e+05
8.841590000000000000e+05
8.841670000000000000e+05
8.841710000000000000e+05
8.841830000000000000e+05
8.842010000000000000e+05
8.842270000000000000e+05
8.842310000000000000e+05
8.842430000000000000e+05
8.842510000000000000e+05
8.842670000000000000e+05
8.842690000000000000e+05
8.842870000000000000e+05
8.842930000000000000e+05
8.843090000000000000e+05
8.843110000000000000e+05
8.843210000000000000e+05
8.843410000000000000e+05
8.843530000000000000e+05
8.843630000000000000e+05
8.843690000000000000e+05
8.843710000000000000e+05
8.844170000000000000e+05
8.844230000000000000e+05
8.844370000000000000e+05
8.844410000000000000e+05
8.844530000000000000e+05
8.844830000000000000e+05
8.844890000000000000e+05
8.844910000000000000e+05
8.844970000000000000e+05
8.845010000000000000e+05
8.845370000000000000e+05
8.845730000000000000e+05
8.845790000000000000e+05
8.845910000000000000e+05
8.845930000000000000e+05
8.846170000000000000e+05
8.846510000000000000e+05
8.846690000000000000e+05
8.846930000000000000e+05
8.846990000000000000e+05
8.847170000000000000e+05
8.847430000000000000e+05
8.847890000000000000e+05
8.847910000000000000e+05
8.848030000000000000e+05
8.848130000000000000e+05
8.848270000000000000e+05
8.848310000000000000e+05
8.848570000000000000e+05
8.848810000000000000e+05
8.848990000000000000e+05
8.849210000000000000e+05
8.849510000000000000e+05
8.849590000000000000e+05
8.849770000000000000e+05
8.849810000000000000e+05
8.849870000000000000e+05
8.849990000000000000e+05
8.850230000000000000e+05
8.850410000000000000e+05
8.850610000000000000e+05
8.850830000000000000e+05
8.850910000000000000e+05
8.850970000000000000e+05
8.851030000000000000e+05
8.851070000000000000e+05
8.851270000000000000e+05
8.851330000000000000e+05
8.851610000000000000e+05
8.851630000000000000e+05
8.851690000000000000e+05
8.851870000000000000e+05
