8.919830000000000000e+05
8.919910000000000000e+05
8.919970000000000000e+05
8.920190000000000000e+05
8.920270000000000000e+05
8.920490000000000000e+05
8.920570000000000000e+05
8.920790000000000000e+05
8.920910000000000000e+05
8.920930000000000000e+05
8.920970000000000000e+05
8.921030000000000000e+05
8.921230000000000000e+05
8.921410000000000000e+05
8.921530000000000000e+05
8.921590000000000000e+05
8.921690000000000000e+05
8.921890000000000000e+05
8.922190000000000000e+05
8.922370000000000000e+05
8.922490000000000000e+05
8.922530000000000000e+05
8.922610000000000000e+05
8.922670000000000000e+05
8.922710000000000000e+05
8.922910000000000000e+05
8.923210000000000000e+05
8.923510000000000000e+05
8.923570000000000000e+05
8.923870000000000000e+05
8.923910000000000000e+05
8.924210000000000000e+05
8.924330000000000000e+05
8.924390000000000000e+05
8.924570000000000000e+05
8.924710000000000000e+05
8.924810000000000000e+05
8.925130000000000000e+05
8.925230000000000000e+05
8.925310000000000000e+05
8.925470000000000000e+05
8.925530000000000000e+05
8.925590000000000000e+05
8.925790000000000000e+05
8.925970000000000000e+05
8.926030000000000000e+05
8.926090000000000000e+05
8.926270000000000000e+05
8.926430000000000000e+05
8.926570000000000000e+05
8.926630000000000000e+05
8.926670000000000000e+05
8.927090000000000000e+05
8.927330000000000000e+05
8.927470000000000000e+05
8.927570000000000000e+05
8.927630000000000000e+05
8.927770000000000000e+05
8.927810000000000000e+05
8.927830000000000000e+05
8.928170000000000000e+05
8.928410000000000000e+05
8.928490000000000000e+05
8.928610000000000000e+05
8.928770000000000000e+05
8.929010000000000000e+05
8.929190000000000000e+05
8.929330000000000000e+05
8.929510000000000000e+05
8.929730000000000000e+05
8.929870000000000000e+05
8.929990000000000000e+05
8.930030000000000000e+05
8.930230000000000000e+05
8.930290000000000000e+05
8.930330000000000000e+05
8.930410000000000000e+05
8.930510000000000000e+05
8.930590000000000000e+05
8.930930000000000000e+05
8.930990000000000000e+05
8.931070000000000000e+05
8.931110000000000000e+05
8.931170000000000000e+05
8.931190000000000000e+05
8.931310000000000000e+05
8.931470000000000000e+05
8.931490000000000000e+05
8.931610000000000000e+05
8.931830000000000000e+05
8.932130000000000000e+05
8.932190000000000000e+05
8.932270000000000000e+05
8.932370000000000000e+05
8.932570000000000000e+05
8.932610000000000000e+05
8.932810000000000000e+05
8.933170000000000000e+05
8.933390000000000000e+05
8.933410000000000000e+05
