8.988130000000000000e+05
8.988190000000000000e+05
8.988230000000000000e+05
8.988530000000000000e+05
8.988670000000000000e+05
8.988730000000000000e+05
8.988890000000000000e+05
8.988970000000000000e+05
8.989210000000000000e+05
8.989270000000000000e+05
8.989510000000000000e+05
8.989810000000000000e+05
8.989870000000000000e+05
8.990090000000000000e+05
8.990510000000000000e+05
8.990570000000000000e+05
8.990690000000000000e+05
8.991230000000000000e+05
8.991490000000000000e+05
8.991530000000000000e+05
8.991590000000000000e+05
8.991610000000000000e+05
8.991770000000000000e+05
8.991790000000000000e+05
8.991830000000000000e+05
8.991890000000000000e+05
8.992090000000000000e+05
8.992210000000000000e+05
8.992330000000000000e+05
8.992370000000000000e+05
8.992630000000000000e+05
8.992730000000000000e+05
8.992910000000000000e+05
8.993090000000000000e+05
8.993210000000000000e+05
8.993870000000000000e+05
8.994010000000000000e+05
8.994130000000000000e+05
8.994290000000000000e+05
8.994470000000000000e+05
8.994670000000000000e+05
8.994730000000000000e+05
8.994770000000000000e+05
8.994910000000000000e+05
8.995190000000000000e+05
8.995310000000000000e+05
8.995370000000000000e+05
8.996110000000000000e+05
8.996170000000000000e+05
8.996590000000000000e+05
8.996710000000000000e+05
8.996810000000000000e+05
8.996870000000000000e+05
8.996930000000000000e+05
8.997110000000000000e+05
8.997190000000000000e+05
8.997490000000000000e+05
8.997530000000000000e+05
8.997610000000000000e+05
8.997790000000000000e+05
8.997910000000000000e+05
8.998070000000000000e+05
8.998310000000000000e+05
8.998490000000000000e+05
8.998510000000000000e+05
8.998630000000000000e+05
8.998810000000000000e+05
8.998910000000000000e+05
8.998930000000000000e+05
8.999030000000000000e+05
8.999170000000000000e+05
8.999390000000000000e+05
8.999710000000000000e+05
8.999810000000000000e+05
9.000010000000000000e+05
9.000070000000000000e+05
9.000190000000000000e+05
9.000370000000000000e+05
9.000610000000000000e+05
9.000890000000000000e+05
9.000910000000000000e+05
9.001030000000000000e+05
9.001210000000000000e+05
9.001390000000000000e+05
9.001430000000000000e+05
9.001490000000000000e+05
9.001570000000000000e+05
9.001610000000000000e+05
9.001690000000000000e+05
9.001870000000000000e+05
9.002170000000000000e+05
9.002330000000000000e+05
9.002410000000000000e+05
9.002530000000000000e+05
9.002590000000000000e+05
9.002830000000000000e+05
9.002870000000000000e+05
9.002930000000000000e+05
9.003070000000000000e+05
9.003290000000000000e+05
