9.003310000000000000e+05
9.003490000000000000e+05
9.003970000000000000e+05
9.004090000000000000e+05
9.004430000000000000e+05
9.004610000000000000e+05
9.004810000000000000e+05
9.004910000000000000e+05
9.005110000000000000e+05
9.005390000000000000e+05
9.005510000000000000e+05
9.005530000000000000e+05
9.005630000000000000e+05
9.005690000000000000e+05
9.005770000000000000e+05
9.005830000000000000e+05
9.005870000000000000e+05
9.005890000000000000e+05
9.005930000000000000e+05
9.006070000000000000e+05
9.006230000000000000e+05
9.006490000000000000e+05
9.006590000000000000e+05
9.006710000000000000e+05
9.006730000000000000e+05
9.006890000000000000e+05
9.007010000000000000e+05
9.007190000000000000e+05
9.007370000000000000e+05
9.007430000000000000e+05
9.007510000000000000e+05
9.007610000000000000e+05
9.007630000000000000e+05
9.007730000000000000e+05
9.007970000000000000e+05
9.008030000000000000e+05
9.008170000000000000e+05
9.008210000000000000e+05
9.008630000000000000e+05
9.008690000000000000e+05
9.009170000000000000e+05
9.009290000000000000e+05
9.009310000000000000e+05
9.009370000000000000e+05
9.009590000000000000e+05
9.009710000000000000e+05
9.009730000000000000e+05
9.009970000000000000e+05
9.010070000000000000e+05
9.010090000000000000e+05
9.010130000000000000e+05
9.010630000000000000e+05
9.010670000000000000e+05
9.010790000000000000e+05
9.010930000000000000e+05
9.010970000000000000e+05
9.011110000000000000e+05
9.011330000000000000e+05
9.011410000000000000e+05
9.011690000000000000e+05
9.011710000000000000e+05
9.011770000000000000e+05
9.011830000000000000e+05
9.011930000000000000e+05
9.012070000000000000e+05
9.012110000000000000e+05
9.012130000000000000e+05
9.012470000000000000e+05
9.012490000000000000e+05
9.012530000000000000e+05
9.012730000000000000e+05
9.012790000000000000e+05
9.013090000000000000e+05
9.013330000000000000e+05
9.013390000000000000e+05
9.013670000000000000e+05
9.013990000000000000e+05
9.014030000000000000e+05
9.014230000000000000e+05
9.014270000000000000e+05
9.014290000000000000e+05
9.014410000000000000e+05
9.014470000000000000e+05
9.014510000000000000e+05
9.014570000000000000e+05
9.014710000000000000e+05
9.014890000000000000e+05
9.014990000000000000e+05
9.015010000000000000e+05
9.015130000000000000e+05
9.015170000000000000e+05
9.015290000000000000e+05
9.015470000000000000e+05
9.015670000000000000e+05
9.015910000000000000e+05
9.016130000000000000e+05
9.016430000000000000e+05
9.016570000000000000e+05
9.016790000000000000e+05
9.016870000000000000e+05
