9.017090000000000000e+05
9.017170000000000000e+05
9.017390000000000000e+05
9.017410000000000000e+05
9.017510000000000000e+05
9.017810000000000000e+05
9.017870000000000000e+05
9.018110000000000000e+05
9.018190000000000000e+05
9.018410000000000000e+05
9.018610000000000000e+05
9.018910000000000000e+05
9.019070000000000000e+05
9.019090000000000000e+05
9.019190000000000000e+05
9.019310000000000000e+05
9.019370000000000000e+05
9.019630000000000000e+05
9.019730000000000000e+05
9.019930000000000000e+05
9.019970000000000000e+05
9.020090000000000000e+05
9.020170000000000000e+05
9.020290000000000000e+05
9.020390000000000000e+05
9.020470000000000000e+05
9.020530000000000000e+05
9.020870000000000000e+05
9.020890000000000000e+05
9.021190000000000000e+05
9.021370000000000000e+05
9.021410000000000000e+05
9.021790000000000000e+05
9.021910000000000000e+05
9.022010000000000000e+05
9.022270000000000000e+05
9.022610000000000000e+05
9.022630000000000000e+05
9.022810000000000000e+05
9.022990000000000000e+05
9.023030000000000000e+05
9.023110000000000000e+05
9.023330000000000000e+05
9.023470000000000000e+05
9.023510000000000000e+05
9.023570000000000000e+05
9.023890000000000000e+05
9.024010000000000000e+05
9.024130000000000000e+05
9.024370000000000000e+05
9.024490000000000000e+05
9.024710000000000000e+05
9.024770000000000000e+05
9.024830000000000000e+05
9.025010000000000000e+05
9.025070000000000000e+05
9.025210000000000000e+05
9.025630000000000000e+05
9.025690000000000000e+05
9.025790000000000000e+05
9.025910000000000000e+05
9.025970000000000000e+05
9.025990000000000000e+05
9.026110000000000000e+05
9.026390000000000000e+05
9.026530000000000000e+05
9.026590000000000000e+05
9.026690000000000000e+05
9.026770000000000000e+05
9.026870000000000000e+05
9.027190000000000000e+05
9.027230000000000000e+05
9.027530000000000000e+05
9.027610000000000000e+05
9.027670000000000000e+05
9.027710000000000000e+05
9.027770000000000000e+05
9.027890000000000000e+05
9.028070000000000000e+05
9.028210000000000000e+05
9.028270000000000000e+05
9.028490000000000000e+05
9.028730000000000000e+05
9.029030000000000000e+05
9.029330000000000000e+05
9.029530000000000000e+05
9.029630000000000000e+05
9.029710000000000000e+05
9.029770000000000000e+05
9.029810000000000000e+05
9.029870000000000000e+05
9.030170000000000000e+05
9.030290000000000000e+05
9.030370000000000000e+05
9.030730000000000000e+05
9.030790000000000000e+05
9.031030000000000000e+05
9.031090000000000000e+05
9.031430000000000000e+05
9.031510000000000000e+05
