9.031630000000000000e+05
9.031790000000000000e+05
9.031970000000000000e+05
9.032110000000000000e+05
9.032230000000000000e+05
9.032510000000000000e+05
9.032570000000000000e+05
9.032690000000000000e+05
9.033110000000000000e+05
9.033230000000000000e+05
9.033370000000000000e+05
9.033470000000000000e+05
9.033590000000000000e+05
9.033670000000000000e+05
9.033890000000000000e+05
9.033910000000000000e+05
9.034030000000000000e+05
9.034070000000000000e+05
9.034210000000000000e+05
9.034430000000000000e+05
9.034490000000000000e+05
9.034510000000000000e+05
9.034570000000000000e+05
9.034790000000000000e+05
9.034930000000000000e+05
9.035270000000000000e+05
9.035410000000000000e+05
9.035470000000000000e+05
9.035630000000000000e+05
9.035690000000000000e+05
9.036070000000000000e+05
9.036130000000000000e+05
9.036410000000000000e+05
9.036490000000000000e+05
9.036730000000000000e+05
9.036770000000000000e+05
9.036910000000000000e+05
9.037010000000000000e+05
9.037090000000000000e+05
9.037510000000000000e+05
9.037570000000000000e+05
9.037610000000000000e+05
9.037810000000000000e+05
9.038030000000000000e+05
9.038270000000000000e+05
9.038410000000000000e+05
9.038710000000000000e+05
9.038830000000000000e+05
9.038990000000000000e+05
9.039130000000000000e+05
9.039190000000000000e+05
9.039490000000000000e+05
9.039670000000000000e+05
9.039790000000000000e+05
9.040190000000000000e+05
9.040270000000000000e+05
9.040490000000000000e+05
9.040670000000000000e+05
9.040690000000000000e+05
9.040730000000000000e+05
9.040870000000000000e+05
9.040930000000000000e+05
9.040970000000000000e+05
9.041030000000000000e+05
9.041170000000000000e+05
9.041210000000000000e+05
9.041470000000000000e+05
9.041570000000000000e+05
9.041810000000000000e+05
9.041930000000000000e+05
9.042010000000000000e+05
9.042070000000000000e+05
9.042170000000000000e+05
9.042190000000000000e+05
9.042610000000000000e+05
9.042830000000000000e+05
9.042890000000000000e+05
9.042970000000000000e+05
9.043030000000000000e+05
9.043570000000000000e+05
9.043610000000000000e+05
9.043690000000000000e+05
9.043990000000000000e+05
9.044410000000000000e+05
9.044590000000000000e+05
9.044830000000000000e+05
9.044890000000000000e+05
9.044990000000000000e+05
9.045110000000000000e+05
9.045130000000000000e+05
9.045170000000000000e+05
9.045230000000000000e+05
9.045310000000000000e+05
9.045590000000000000e+05
9.045730000000000000e+05
9.045770000000000000e+05
9.046010000000000000e+05
9.046190000000000000e+05
9.046270000000000000e+05
9.046330000000000000e+05
