9.085130000000000000e+05
9.085210000000000000e+05
9.085270000000000000e+05
9.085330000000000000e+05
9.085390000000000000e+05
9.085430000000000000e+05
9.085490000000000000e+05
9.085730000000000000e+05
9.085810000000000000e+05
9.085910000000000000e+05
9.085970000000000000e+05
9.086030000000000000e+05
9.086170000000000000e+05
9.086230000000000000e+05
9.086270000000000000e+05
9.086530000000000000e+05
9.086690000000000000e+05
9.086710000000000000e+05
9.087110000000000000e+05
9.087230000000000000e+05
9.087310000000000000e+05
9.087410000000000000e+05
9.087490000000000000e+05
9.087590000000000000e+05
9.087710000000000000e+05
9.087970000000000000e+05
9.088070000000000000e+05
9.088130000000000000e+05
9.088190000000000000e+05
9.088210000000000000e+05
9.088490000000000000e+05
9.088510000000000000e+05
9.088570000000000000e+05
9.088610000000000000e+05
9.088630000000000000e+05
9.088790000000000000e+05
9.088810000000000000e+05
9.088930000000000000e+05
9.089090000000000000e+05
9.089110000000000000e+05
9.089270000000000000e+05
9.089530000000000000e+05
9.089590000000000000e+05
9.089930000000000000e+05
9.090190000000000000e+05
9.090230000000000000e+05
9.090310000000000000e+05
9.090370000000000000e+05
9.090430000000000000e+05
9.090470000000000000e+05
9.090610000000000000e+05
9.090710000000000000e+05
9.090890000000000000e+05
9.090910000000000000e+05
9.091070000000000000e+05
9.091130000000000000e+05
9.091190000000000000e+05
9.091330000000000000e+05
9.091510000000000000e+05
9.091730000000000000e+05
9.092030000000000000e+05
9.092170000000000000e+05
9.092390000000000000e+05
9.092410000000000000e+05
9.092470000000000000e+05
9.092530000000000000e+05
9.092810000000000000e+05
9.092870000000000000e+05
9.092890000000000000e+05
9.092990000000000000e+05
9.093010000000000000e+05
9.093170000000000000e+05
9.093190000000000000e+05
9.093290000000000000e+05
9.093310000000000000e+05
9.093410000000000000e+05
9.093430000000000000e+05
9.093710000000000000e+05
9.093790000000000000e+05
9.093830000000000000e+05
9.094010000000000000e+05
9.094090000000000000e+05
9.094370000000000000e+05
9.094510000000000000e+05
9.094570000000000000e+05
9.094630000000000000e+05
9.094810000000000000e+05
9.095210000000000000e+05
9.095290000000000000e+05
9.095390000000000000e+05
9.095410000000000000e+05
9.095470000000000000e+05
9.095770000000000000e+05
9.095990000000000000e+05
9.096110000000000000e+05
9.096130000000000000e+05
9.096310000000000000e+05
9.096370000000000000e+05
9.096790000000000000e+05
9.096830000000000000e+05
