9.096910000000000000e+05
9.096970000000000000e+05
9.097310000000000000e+05
9.097370000000000000e+05
9.097430000000000000e+05
9.097610000000000000e+05
9.097670000000000000e+05
9.097730000000000000e+05
9.097870000000000000e+05
9.097910000000000000e+05
9.098030000000000000e+05
9.098090000000000000e+05
9.098290000000000000e+05
9.098330000000000000e+05
9.098590000000000000e+05
9.098630000000000000e+05
9.098770000000000000e+05
9.098890000000000000e+05
9.098990000000000000e+05
9.099010000000000000e+05
9.099070000000000000e+05
9.099110000000000000e+05
9.099170000000000000e+05
9.099710000000000000e+05
9.099730000000000000e+05
9.099770000000000000e+05
9.100030000000000000e+05
9.100310000000000000e+05
9.100510000000000000e+05
9.100690000000000000e+05
9.100930000000000000e+05
9.100970000000000000e+05
9.100990000000000000e+05
9.101030000000000000e+05
9.101090000000000000e+05
9.101210000000000000e+05
9.101270000000000000e+05
9.101390000000000000e+05
9.101410000000000000e+05
9.101710000000000000e+05
9.101770000000000000e+05
9.101990000000000000e+05
9.102010000000000000e+05
9.102070000000000000e+05
9.102130000000000000e+05
9.102190000000000000e+05
9.102290000000000000e+05
9.102770000000000000e+05
9.102790000000000000e+05
9.103070000000000000e+05
9.103610000000000000e+05
9.103690000000000000e+05
9.104210000000000000e+05
9.104470000000000000e+05
9.104510000000000000e+05
9.104530000000000000e+05
9.104570000000000000e+05
9.104710000000000000e+05
9.105190000000000000e+05
9.105230000000000000e+05
9.105610000000000000e+05
9.105770000000000000e+05
9.105830000000000000e+05
9.106030000000000000e+05
9.106190000000000000e+05
9.106210000000000000e+05
9.106270000000000000e+05
9.106310000000000000e+05
9.106430000000000000e+05
9.106610000000000000e+05
9.106910000000000000e+05
9.107090000000000000e+05
9.107110000000000000e+05
9.107470000000000000e+05
9.107510000000000000e+05
9.107710000000000000e+05
9.107810000000000000e+05
9.107870000000000000e+05
9.107990000000000000e+05
9.108070000000000000e+05
9.108170000000000000e+05
9.108490000000000000e+05
9.108530000000000000e+05
9.108830000000000000e+05
9.109090000000000000e+05
9.109390000000000000e+05
9.109570000000000000e+05
9.109810000000000000e+05
9.110030000000000000e+05
9.110110000000000000e+05
9.110230000000000000e+05
9.110330000000000000e+05
9.110390000000000000e+05
9.110630000000000000e+05
9.110770000000000000e+05
9.110870000000000000e+05
9.110890000000000000e+05
9.111010000000000000e+05
9.111110000000000000e+05
9.111290000000000000e+05
