9.124630000000000000e+05
9.124670000000000000e+05
9.124690000000000000e+05
9.124810000000000000e+05
9.124870000000000000e+05
9.124910000000000000e+05
9.124970000000000000e+05
9.125110000000000000e+05
9.125210000000000000e+05
9.125230000000000000e+05
9.125330000000000000e+05
9.125390000000000000e+05
9.125590000000000000e+05
9.125810000000000000e+05
9.126310000000000000e+05
9.126470000000000000e+05
9.126490000000000000e+05
9.127270000000000000e+05
9.127630000000000000e+05
9.127730000000000000e+05
9.127970000000000000e+05
9.127990000000000000e+05
9.128090000000000000e+05
9.128230000000000000e+05
9.128290000000000000e+05
9.128390000000000000e+05
9.128510000000000000e+05
9.128530000000000000e+05
9.128590000000000000e+05
9.128690000000000000e+05
9.128710000000000000e+05
9.129110000000000000e+05
9.129290000000000000e+05
9.129410000000000000e+05
9.129530000000000000e+05
9.129590000000000000e+05
9.129710000000000000e+05
9.129730000000000000e+05
9.129790000000000000e+05
9.129910000000000000e+05
9.130130000000000000e+05
9.130270000000000000e+05
9.130370000000000000e+05
9.130390000000000000e+05
9.130630000000000000e+05
9.130670000000000000e+05
9.131030000000000000e+05
9.131390000000000000e+05
9.131510000000000000e+05
9.131770000000000000e+05
9.131830000000000000e+05
9.132170000000000000e+05
9.132470000000000000e+05
9.132590000000000000e+05
9.132790000000000000e+05
9.133090000000000000e+05
9.133210000000000000e+05
9.133270000000000000e+05
9.133310000000000000e+05
9.133370000000000000e+05
9.133730000000000000e+05
9.133970000000000000e+05
9.134170000000000000e+05
9.134210000000000000e+05
9.134330000000000000e+05
9.134410000000000000e+05
9.134470000000000000e+05
9.134570000000000000e+05
9.134830000000000000e+05
9.134870000000000000e+05
9.135130000000000000e+05
9.135710000000000000e+05
9.135730000000000000e+05
9.135790000000000000e+05
9.135890000000000000e+05
9.136370000000000000e+05
9.136390000000000000e+05
9.136870000000000000e+05
9.137090000000000000e+05
9.137230000000000000e+05
9.137390000000000000e+05
9.137530000000000000e+05
9.137710000000000000e+05
9.137990000000000000e+05
9.138110000000000000e+05
9.138530000000000000e+05
9.138730000000000000e+05
9.138890000000000000e+05
9.139070000000000000e+05
9.139210000000000000e+05
9.139330000000000000e+05
9.139430000000000000e+05
9.139810000000000000e+05
9.139990000000000000e+05
9.140210000000000000e+05
9.140270000000000000e+05
9.140410000000000000e+05
9.140470000000000000e+05
9.141170000000000000e+05
9.141310000000000000e+05
