9.154870000000000000e+05
9.155270000000000000e+05
9.155330000000000000e+05
9.155390000000000000e+05
9.155470000000000000e+05
9.155570000000000000e+05
9.155870000000000000e+05
9.155890000000000000e+05
9.156010000000000000e+05
9.156110000000000000e+05
9.156130000000000000e+05
9.156230000000000000e+05
9.156310000000000000e+05
9.156410000000000000e+05
9.156590000000000000e+05
9.156830000000000000e+05
9.156970000000000000e+05
9.157030000000000000e+05
9.157270000000000000e+05
9.157310000000000000e+05
9.157370000000000000e+05
9.157570000000000000e+05
9.157630000000000000e+05
9.157690000000000000e+05
9.157990000000000000e+05
9.158390000000000000e+05
9.158510000000000000e+05
9.158690000000000000e+05
9.158810000000000000e+05
9.159110000000000000e+05
9.159170000000000000e+05
9.159190000000000000e+05
9.159470000000000000e+05
9.159490000000000000e+05
9.159610000000000000e+05
9.159730000000000000e+05
9.159910000000000000e+05
9.160310000000000000e+05
9.160330000000000000e+05
9.160490000000000000e+05
9.160570000000000000e+05
9.160610000000000000e+05
9.160730000000000000e+05
9.160990000000000000e+05
9.161030000000000000e+05
9.161090000000000000e+05
9.161210000000000000e+05
9.161270000000000000e+05
9.161290000000000000e+05
9.161410000000000000e+05
9.161690000000000000e+05
9.161770000000000000e+05
9.161830000000000000e+05
9.161870000000000000e+05
9.161890000000000000e+05
9.162130000000000000e+05
9.162170000000000000e+05
9.162190000000000000e+05
9.162590000000000000e+05
9.162610000000000000e+05
9.162730000000000000e+05
9.162910000000000000e+05
9.163190000000000000e+05
9.163370000000000000e+05
9.163390000000000000e+05
9.163610000000000000e+05
9.163670000000000000e+05
9.163870000000000000e+05
9.164110000000000000e+05
9.164170000000000000e+05
9.164410000000000000e+05
9.164510000000000000e+05
9.164570000000000000e+05
9.164630000000000000e+05
9.164690000000000000e+05
9.164710000000000000e+05
9.164770000000000000e+05
9.165010000000000000e+05
9.165070000000000000e+05
9.165110000000000000e+05
9.165370000000000000e+05
9.165610000000000000e+05
9.165710000000000000e+05
9.165830000000000000e+05
9.166130000000000000e+05
9.166210000000000000e+05
9.166330000000000000e+05
9.166490000000000000e+05
9.166510000000000000e+05
9.166790000000000000e+05
9.167030000000000000e+05
9.167330000000000000e+05
9.167710000000000000e+05
9.167810000000000000e+05
9.167870000000000000e+05
9.168310000000000000e+05
9.168370000000000000e+05
9.168410000000000000e+05
9.168590000000000000e+05
9.168710000000000000e+05
