9.261710000000000000e+05
9.261790000000000000e+05
9.261830000000000000e+05
9.262030000000000000e+05
9.262270000000000000e+05
9.262390000000000000e+05
9.262510000000000000e+05
9.262730000000000000e+05
9.262930000000000000e+05
9.263090000000000000e+05
9.263270000000000000e+05
9.263510000000000000e+05
9.263530000000000000e+05
9.263570000000000000e+05
9.263770000000000000e+05
9.263890000000000000e+05
9.263990000000000000e+05
9.264110000000000000e+05
9.264230000000000000e+05
9.264370000000000000e+05
9.264610000000000000e+05
9.264670000000000000e+05
9.264890000000000000e+05
9.265030000000000000e+05
9.265070000000000000e+05
9.265330000000000000e+05
9.265370000000000000e+05
9.265570000000000000e+05
9.265610000000000000e+05
9.265670000000000000e+05
9.265810000000000000e+05
9.265870000000000000e+05
9.266170000000000000e+05
9.266230000000000000e+05
9.266330000000000000e+05
9.266570000000000000e+05
9.266590000000000000e+05
9.266690000000000000e+05
9.266710000000000000e+05
9.266890000000000000e+05
9.267010000000000000e+05
9.267070000000000000e+05
9.267410000000000000e+05
9.267470000000000000e+05
9.267670000000000000e+05
9.267770000000000000e+05
9.267970000000000000e+05
9.268030000000000000e+05
9.268190000000000000e+05
9.268430000000000000e+05
9.268510000000000000e+05
9.268670000000000000e+05
9.268790000000000000e+05
9.268990000000000000e+05
9.269030000000000000e+05
9.269210000000000000e+05
9.269570000000000000e+05
9.269630000000000000e+05
9.269710000000000000e+05
9.269770000000000000e+05
9.269830000000000000e+05
9.270010000000000000e+05
9.270070000000000000e+05
9.270130000000000000e+05
9.270490000000000000e+05
9.270770000000000000e+05
9.270830000000000000e+05
9.270890000000000000e+05
9.270970000000000000e+05
9.271370000000000000e+05
9.271490000000000000e+05
9.271610000000000000e+05
9.271670000000000000e+05
9.271870000000000000e+05
9.271910000000000000e+05
9.272290000000000000e+05
9.272330000000000000e+05
9.272590000000000000e+05
9.272870000000000000e+05
9.273010000000000000e+05
9.273130000000000000e+05
9.273170000000000000e+05
9.273230000000000000e+05
9.273610000000000000e+05
9.273730000000000000e+05
9.273970000000000000e+05
9.274030000000000000e+05
9.274310000000000000e+05
9.274390000000000000e+05
9.274910000000000000e+05
9.274970000000000000e+05
9.275170000000000000e+05
9.275290000000000000e+05
9.275330000000000000e+05
9.275410000000000000e+05
9.275570000000000000e+05
9.275690000000000000e+05
9.275870000000000000e+05
9.276290000000000000e+05
9.276310000000000000e+05
