9.276430000000000000e+05
9.276490000000000000e+05
9.276530000000000000e+05
9.276710000000000000e+05
9.276770000000000000e+05
9.276830000000000000e+05
9.277090000000000000e+05
9.277270000000000000e+05
9.277430000000000000e+05
9.277630000000000000e+05
9.277690000000000000e+05
9.277790000000000000e+05
9.277910000000000000e+05
9.278030000000000000e+05
9.278210000000000000e+05
9.278330000000000000e+05
9.278410000000000000e+05
9.278470000000000000e+05
9.278530000000000000e+05
9.278630000000000000e+05
9.278690000000000000e+05
9.279610000000000000e+05
9.279670000000000000e+05
9.279730000000000000e+05
9.280010000000000000e+05
9.280430000000000000e+05
9.280510000000000000e+05
9.280630000000000000e+05
9.280790000000000000e+05
9.280970000000000000e+05
9.280990000000000000e+05
9.281110000000000000e+05
9.281390000000000000e+05
9.281410000000000000e+05
9.281530000000000000e+05
9.281570000000000000e+05
9.281590000000000000e+05
9.281630000000000000e+05
9.281770000000000000e+05
9.282230000000000000e+05
9.282310000000000000e+05
9.282530000000000000e+05
9.282670000000000000e+05
9.282710000000000000e+05
9.282730000000000000e+05
9.282890000000000000e+05
9.283070000000000000e+05
9.283130000000000000e+05
9.283310000000000000e+05
9.283370000000000000e+05
9.283510000000000000e+05
9.283990000000000000e+05
9.284090000000000000e+05
9.284230000000000000e+05
9.284270000000000000e+05
9.284290000000000000e+05
9.284530000000000000e+05
9.284570000000000000e+05
9.284630000000000000e+05
9.284690000000000000e+05
9.284710000000000000e+05
9.285130000000000000e+05
9.285470000000000000e+05
9.285590000000000000e+05
9.285610000000000000e+05
9.285970000000000000e+05
9.286070000000000000e+05
9.286190000000000000e+05
9.286210000000000000e+05
9.286370000000000000e+05
9.286430000000000000e+05
9.286490000000000000e+05
9.286510000000000000e+05
9.286610000000000000e+05
9.286790000000000000e+05
9.286990000000000000e+05
9.287030000000000000e+05
9.287690000000000000e+05
9.287710000000000000e+05
9.287870000000000000e+05
9.287930000000000000e+05
9.287990000000000000e+05
9.288130000000000000e+05
9.288170000000000000e+05
9.288190000000000000e+05
9.288490000000000000e+05
9.288590000000000000e+05
9.288710000000000000e+05
9.288830000000000000e+05
9.289030000000000000e+05
9.289130000000000000e+05
9.289270000000000000e+05
9.289330000000000000e+05
9.289790000000000000e+05
9.290030000000000000e+05
9.290090000000000000e+05
9.290110000000000000e+05
9.290230000000000000e+05
9.290290000000000000e+05
9.290510000000000000e+05
