9.290570000000000000e+05
9.290590000000000000e+05
9.290630000000000000e+05
9.290690000000000000e+05
9.290770000000000000e+05
9.290830000000000000e+05
9.290870000000000000e+05
9.291130000000000000e+05
9.291290000000000000e+05
9.291410000000000000e+05
9.291530000000000000e+05
9.291610000000000000e+05
9.291710000000000000e+05
9.291970000000000000e+05
9.292070000000000000e+05
9.292090000000000000e+05
9.292390000000000000e+05
9.292510000000000000e+05
9.292610000000000000e+05
9.292810000000000000e+05
9.292930000000000000e+05
9.293030000000000000e+05
9.293110000000000000e+05
9.293230000000000000e+05
9.293330000000000000e+05
9.293810000000000000e+05
9.293890000000000000e+05
9.293930000000000000e+05
9.293990000000000000e+05
9.294170000000000000e+05
9.294190000000000000e+05
9.294310000000000000e+05
9.294590000000000000e+05
9.294830000000000000e+05
9.294970000000000000e+05
9.295010000000000000e+05
9.295070000000000000e+05
9.295270000000000000e+05
9.295490000000000000e+05
9.295570000000000000e+05
9.295610000000000000e+05
9.295730000000000000e+05
9.295810000000000000e+05
9.295870000000000000e+05
9.296090000000000000e+05
9.296230000000000000e+05
9.296270000000000000e+05
9.296290000000000000e+05
9.296390000000000000e+05
9.296410000000000000e+05
9.296470000000000000e+05
9.296710000000000000e+05
9.296930000000000000e+05
9.297170000000000000e+05
9.297370000000000000e+05
9.297410000000000000e+05
9.297430000000000000e+05
9.297490000000000000e+05
9.297770000000000000e+05
9.297910000000000000e+05
9.298070000000000000e+05
9.298090000000000000e+05
9.298130000000000000e+05
9.298430000000000000e+05
9.298610000000000000e+05
9.298690000000000000e+05
9.298810000000000000e+05
9.298910000000000000e+05
9.298970000000000000e+05
9.299410000000000000e+05
9.299530000000000000e+05
9.299630000000000000e+05
9.299770000000000000e+05
9.299830000000000000e+05
9.300110000000000000e+05
9.300430000000000000e+05
9.300710000000000000e+05
9.300730000000000000e+05
9.300770000000000000e+05
9.300790000000000000e+05
9.300890000000000000e+05
9.301010000000000000e+05
9.301130000000000000e+05
9.301190000000000000e+05
9.301570000000000000e+05
9.301730000000000000e+05
9.301790000000000000e+05
9.301870000000000000e+05
9.301910000000000000e+05
9.301970000000000000e+05
9.301990000000000000e+05
9.302110000000000000e+05
9.302290000000000000e+05
9.302690000000000000e+05
9.302770000000000000e+05
9.302830000000000000e+05
9.302870000000000000e+05
9.302890000000000000e+05
9.303010000000000000e+05
9.303230000000000000e+05
