9.318770000000000000e+05
9.318830000000000000e+05
9.319010000000000000e+05
9.319070000000000000e+05
9.319130000000000000e+05
9.319210000000000000e+05
9.319330000000000000e+05
9.319430000000000000e+05
9.319490000000000000e+05
9.319670000000000000e+05
9.319810000000000000e+05
9.319990000000000000e+05
9.320030000000000000e+05
9.320210000000000000e+05
9.320390000000000000e+05
9.320510000000000000e+05
9.320810000000000000e+05
9.321010000000000000e+05
9.321170000000000000e+05
9.321190000000000000e+05
9.321310000000000000e+05
9.321490000000000000e+05
9.321530000000000000e+05
9.321770000000000000e+05
9.321890000000000000e+05
9.322030000000000000e+05
9.322070000000000000e+05
9.322090000000000000e+05
9.322190000000000000e+05
9.322210000000000000e+05
9.322270000000000000e+05
9.322310000000000000e+05
9.322570000000000000e+05
9.323030000000000000e+05
9.323170000000000000e+05
9.323330000000000000e+05
9.323410000000000000e+05
9.323530000000000000e+05
9.323570000000000000e+05
9.324130000000000000e+05
9.324170000000000000e+05
9.324190000000000000e+05
9.324310000000000000e+05
9.324410000000000000e+05
9.324470000000000000e+05
9.324710000000000000e+05
9.324730000000000000e+05
9.324830000000000000e+05
9.324970000000000000e+05
9.325130000000000000e+05
9.325210000000000000e+05
9.325370000000000000e+05
9.325490000000000000e+05
9.325570000000000000e+05
9.325630000000000000e+05
9.325670000000000000e+05
9.325790000000000000e+05
9.325870000000000000e+05
9.325930000000000000e+05
9.325970000000000000e+05
9.326090000000000000e+05
9.326470000000000000e+05
9.326510000000000000e+05
9.326630000000000000e+05
9.326770000000000000e+05
9.326810000000000000e+05
9.326830000000000000e+05
9.327490000000000000e+05
9.327610000000000000e+05
9.327790000000000000e+05
9.327830000000000000e+05
9.328010000000000000e+05
9.328030000000000000e+05
9.328190000000000000e+05
9.328390000000000000e+05
9.328630000000000000e+05
9.328790000000000000e+05
9.328870000000000000e+05
9.329170000000000000e+05
9.329230000000000000e+05
9.329270000000000000e+05
9.329410000000000000e+05
9.329470000000000000e+05
9.329510000000000000e+05
9.329630000000000000e+05
9.329690000000000000e+05
9.329830000000000000e+05
9.329990000000000000e+05
9.330010000000000000e+05
9.330190000000000000e+05
9.330470000000000000e+05
9.330590000000000000e+05
9.330610000000000000e+05
9.330670000000000000e+05
9.330730000000000000e+05
9.331510000000000000e+05
9.331570000000000000e+05
9.331730000000000000e+05
9.331990000000000000e+05
9.332090000000000000e+05
