9.332170000000000000e+05
9.332210000000000000e+05
9.332410000000000000e+05
9.332590000000000000e+05
9.332630000000000000e+05
9.332690000000000000e+05
9.332930000000000000e+05
9.333010000000000000e+05
9.333130000000000000e+05
9.333190000000000000e+05
9.333290000000000000e+05
9.333490000000000000e+05
9.333890000000000000e+05
9.333970000000000000e+05
9.334030000000000000e+05
9.334070000000000000e+05
9.334210000000000000e+05
9.334330000000000000e+05
9.334630000000000000e+05
9.334790000000000000e+05
9.334970000000000000e+05
9.335230000000000000e+05
9.335510000000000000e+05
9.335530000000000000e+05
9.335630000000000000e+05
9.336010000000000000e+05
9.336070000000000000e+05
9.336130000000000000e+05
9.336430000000000000e+05
9.336490000000000000e+05
9.336710000000000000e+05
9.336770000000000000e+05
9.337030000000000000e+05
9.337070000000000000e+05
9.337390000000000000e+05
9.337610000000000000e+05
9.337810000000000000e+05
9.337870000000000000e+05
9.337970000000000000e+05
9.338090000000000000e+05
9.338110000000000000e+05
9.338170000000000000e+05
9.338390000000000000e+05
9.338470000000000000e+05
9.338510000000000000e+05
9.338530000000000000e+05
9.338830000000000000e+05
9.338930000000000000e+05
9.339230000000000000e+05
9.339310000000000000e+05
9.339430000000000000e+05
9.339490000000000000e+05
9.339530000000000000e+05
9.339670000000000000e+05
9.339730000000000000e+05
9.339790000000000000e+05
9.340010000000000000e+05
9.340090000000000000e+05
9.340330000000000000e+05
9.340390000000000000e+05
9.340490000000000000e+05
9.340510000000000000e+05
9.340570000000000000e+05
9.340670000000000000e+05
9.340690000000000000e+05
9.340790000000000000e+05
9.341110000000000000e+05
9.341170000000000000e+05
9.341210000000000000e+05
9.341270000000000000e+05
9.341510000000000000e+05
9.341590000000000000e+05
9.341870000000000000e+05
9.342230000000000000e+05
9.342290000000000000e+05
9.342430000000000000e+05
9.342530000000000000e+05
9.342590000000000000e+05
9.342770000000000000e+05
9.342910000000000000e+05
9.343010000000000000e+05
9.343190000000000000e+05
9.343430000000000000e+05
9.343870000000000000e+05
9.343930000000000000e+05
9.343990000000000000e+05
9.344030000000000000e+05
9.344290000000000000e+05
9.344410000000000000e+05
9.344630000000000000e+05
9.344690000000000000e+05
9.344810000000000000e+05
9.344870000000000000e+05
9.344890000000000000e+05
9.344990000000000000e+05
9.345170000000000000e+05
9.345230000000000000e+05
9.345370000000000000e+05
9.345430000000000000e+05
9.345470000000000000e+05
