9.358610000000000000e+05
9.358990000000000000e+05
9.359030000000000000e+05
9.359710000000000000e+05
9.359990000000000000e+05
9.360070000000000000e+05
9.360290000000000000e+05
9.360530000000000000e+05
9.360970000000000000e+05
9.361130000000000000e+05
9.361190000000000000e+05
9.361270000000000000e+05
9.361510000000000000e+05
9.361610000000000000e+05
9.361790000000000000e+05
9.361810000000000000e+05
9.361970000000000000e+05
9.362030000000000000e+05
9.362230000000000000e+05
9.362270000000000000e+05
9.362330000000000000e+05
9.362530000000000000e+05
9.362590000000000000e+05
9.362810000000000000e+05
9.362830000000000000e+05
9.363110000000000000e+05
9.363190000000000000e+05
9.363290000000000000e+05
9.363610000000000000e+05
9.363790000000000000e+05
9.363910000000000000e+05
9.364010000000000000e+05
9.364070000000000000e+05
9.364130000000000000e+05
9.364370000000000000e+05
9.364510000000000000e+05
9.364690000000000000e+05
9.364870000000000000e+05
9.364930000000000000e+05
9.364990000000000000e+05
9.365110000000000000e+05
9.365210000000000000e+05
9.365270000000000000e+05
9.365390000000000000e+05
9.365570000000000000e+05
9.365770000000000000e+05
9.365870000000000000e+05
9.365990000000000000e+05
9.366190000000000000e+05
9.366470000000000000e+05
9.366590000000000000e+05
9.366670000000000000e+05
9.366730000000000000e+05
9.366790000000000000e+05
9.366970000000000000e+05
9.367090000000000000e+05
9.367130000000000000e+05
9.367310000000000000e+05
9.367370000000000000e+05
9.367390000000000000e+05
9.367690000000000000e+05
9.367730000000000000e+05
9.367790000000000000e+05
9.367970000000000000e+05
9.368110000000000000e+05
9.368270000000000000e+05
9.368690000000000000e+05
9.368890000000000000e+05
9.369070000000000000e+05
9.369110000000000000e+05
9.369170000000000000e+05
9.369190000000000000e+05
9.369370000000000000e+05
9.369410000000000000e+05
9.369530000000000000e+05
9.369670000000000000e+05
9.370030000000000000e+05
9.370070000000000000e+05
9.370090000000000000e+05
9.370310000000000000e+05
9.370330000000000000e+05
9.370490000000000000e+05
9.370670000000000000e+05
9.371210000000000000e+05
9.371270000000000000e+05
9.371470000000000000e+05
9.371510000000000000e+05
9.371710000000000000e+05
9.371870000000000000e+05
9.372070000000000000e+05
9.372290000000000000e+05
9.372310000000000000e+05
9.372410000000000000e+05
9.372430000000000000e+05
9.372530000000000000e+05
9.373310000000000000e+05
9.373370000000000000e+05
9.373510000000000000e+05
9.373730000000000000e+05
9.373790000000000000e+05
