9.387610000000000000e+05
9.388030000000000000e+05
9.388070000000000000e+05
9.388270000000000000e+05
9.388310000000000000e+05
9.388430000000000000e+05
9.388570000000000000e+05
9.388690000000000000e+05
9.388790000000000000e+05
9.388810000000000000e+05
9.389210000000000000e+05
9.389390000000000000e+05
9.389470000000000000e+05
9.389530000000000000e+05
9.389630000000000000e+05
9.389690000000000000e+05
9.389810000000000000e+05
9.389830000000000000e+05
9.389890000000000000e+05
9.390070000000000000e+05
9.390110000000000000e+05
9.390190000000000000e+05
9.390610000000000000e+05
9.390890000000000000e+05
9.390910000000000000e+05
9.391090000000000000e+05
9.391190000000000000e+05
9.391210000000000000e+05
9.391570000000000000e+05
9.391670000000000000e+05
9.391790000000000000e+05
9.391810000000000000e+05
9.391930000000000000e+05
9.392030000000000000e+05
9.392290000000000000e+05
9.392470000000000000e+05
9.392870000000000000e+05
9.392930000000000000e+05
9.392990000000000000e+05
9.393170000000000000e+05
9.393470000000000000e+05
9.393490000000000000e+05
9.393590000000000000e+05
9.393610000000000000e+05
9.393730000000000000e+05
9.393770000000000000e+05
9.393910000000000000e+05
9.394130000000000000e+05
9.394310000000000000e+05
9.394390000000000000e+05
9.394430000000000000e+05
9.394510000000000000e+05
9.394690000000000000e+05
9.394870000000000000e+05
9.395110000000000000e+05
9.395510000000000000e+05
9.395810000000000000e+05
9.395990000000000000e+05
9.396110000000000000e+05
9.396130000000000000e+05
9.396230000000000000e+05
9.396490000000000000e+05
9.396610000000000000e+05
9.396770000000000000e+05
9.397070000000000000e+05
9.397130000000000000e+05
9.397370000000000000e+05
9.397390000000000000e+05
9.397490000000000000e+05
9.397670000000000000e+05
9.397690000000000000e+05
9.397730000000000000e+05
9.397910000000000000e+05
9.397930000000000000e+05
9.398230000000000000e+05
9.398390000000000000e+05
9.398470000000000000e+05
9.398530000000000000e+05
9.398710000000000000e+05
9.398810000000000000e+05
9.399010000000000000e+05
9.399230000000000000e+05
9.399310000000000000e+05
9.399710000000000000e+05
9.399730000000000000e+05
9.399890000000000000e+05
9.399970000000000000e+05
9.400010000000000000e+05
9.400030000000000000e+05
9.400190000000000000e+05
9.400310000000000000e+05
9.400670000000000000e+05
9.400730000000000000e+05
9.400870000000000000e+05
9.400970000000000000e+05
9.401270000000000000e+05
9.401570000000000000e+05
9.401690000000000000e+05
9.401830000000000000e+05
9.401890000000000000e+05
