9.414910000000000000e+05
9.415030000000000000e+05
9.415090000000000000e+05
9.415130000000000000e+05
9.415190000000000000e+05
9.415370000000000000e+05
9.415570000000000000e+05
9.415610000000000000e+05
9.415730000000000000e+05
9.415930000000000000e+05
9.415990000000000000e+05
9.416090000000000000e+05
9.416170000000000000e+05
9.416410000000000000e+05
9.416530000000000000e+05
9.416630000000000000e+05
9.416690000000000000e+05
9.416710000000000000e+05
9.416830000000000000e+05
9.417010000000000000e+05
9.417230000000000000e+05
9.417370000000000000e+05
9.417410000000000000e+05
9.417470000000000000e+05
9.417530000000000000e+05
9.417710000000000000e+05
9.417910000000000000e+05
9.418130000000000000e+05
9.418390000000000000e+05
9.418610000000000000e+05
9.418790000000000000e+05
9.419030000000000000e+05
9.419110000000000000e+05
9.419290000000000000e+05
9.419330000000000000e+05
9.419470000000000000e+05
9.419710000000000000e+05
9.419810000000000000e+05
9.419890000000000000e+05
9.419990000000000000e+05
9.420130000000000000e+05
9.420170000000000000e+05
9.420310000000000000e+05
9.420370000000000000e+05
9.420410000000000000e+05
9.420430000000000000e+05
9.420490000000000000e+05
9.420610000000000000e+05
9.420790000000000000e+05
9.420910000000000000e+05
9.421010000000000000e+05
9.421130000000000000e+05
9.421430000000000000e+05
9.421630000000000000e+05
9.421670000000000000e+05
9.421690000000000000e+05
9.421870000000000000e+05
9.421990000000000000e+05
9.422170000000000000e+05
9.422230000000000000e+05
9.422470000000000000e+05
9.422570000000000000e+05
9.422690000000000000e+05
9.423010000000000000e+05
9.423110000000000000e+05
9.423130000000000000e+05
9.423170000000000000e+05
9.423410000000000000e+05
9.423670000000000000e+05
9.423710000000000000e+05
9.424010000000000000e+05
9.424330000000000000e+05
9.424370000000000000e+05
9.424390000000000000e+05
9.424490000000000000e+05
9.424790000000000000e+05
9.425090000000000000e+05
9.425210000000000000e+05
9.425270000000000000e+05
9.425410000000000000e+05
9.425690000000000000e+05
9.425770000000000000e+05
9.425830000000000000e+05
9.425930000000000000e+05
9.426070000000000000e+05
9.426370000000000000e+05
9.426530000000000000e+05
9.426590000000000000e+05
9.426610000000000000e+05
9.426910000000000000e+05
9.427090000000000000e+05
9.427190000000000000e+05
9.427270000000000000e+05
9.427490000000000000e+05
9.427630000000000000e+05
9.427790000000000000e+05
9.427870000000000000e+05
9.428110000000000000e+05
9.428270000000000000e+05
9.428470000000000000e+05
