9.428530000000000000e+05
9.428570000000000000e+05
9.428590000000000000e+05
9.428690000000000000e+05
9.428830000000000000e+05
9.428890000000000000e+05
9.428990000000000000e+05
9.429010000000000000e+05
9.429170000000000000e+05
9.429430000000000000e+05
9.429790000000000000e+05
9.429830000000000000e+05
9.430030000000000000e+05
9.430090000000000000e+05
9.430130000000000000e+05
9.430310000000000000e+05
9.430430000000000000e+05
9.430570000000000000e+05
9.430730000000000000e+05
9.430790000000000000e+05
9.430810000000000000e+05
9.430910000000000000e+05
9.430970000000000000e+05
9.431270000000000000e+05
9.431390000000000000e+05
9.431530000000000000e+05
9.431570000000000000e+05
9.431830000000000000e+05
9.431990000000000000e+05
9.432130000000000000e+05
9.432190000000000000e+05
9.432310000000000000e+05
9.432490000000000000e+05
9.432730000000000000e+05
9.432770000000000000e+05
9.432890000000000000e+05
9.433010000000000000e+05
9.433030000000000000e+05
9.433070000000000000e+05
9.433210000000000000e+05
9.433430000000000000e+05
9.433570000000000000e+05
9.433630000000000000e+05
9.433670000000000000e+05
9.433730000000000000e+05
9.433870000000000000e+05
9.434030000000000000e+05
9.434090000000000000e+05
9.434210000000000000e+05
9.434290000000000000e+05
9.434710000000000000e+05
9.434770000000000000e+05
9.434990000000000000e+05
9.435110000000000000e+05
9.435410000000000000e+05
9.435430000000000000e+05
9.435670000000000000e+05
9.435710000000000000e+05
9.435890000000000000e+05
9.436010000000000000e+05
9.436030000000000000e+05
9.436370000000000000e+05
9.436510000000000000e+05
9.436930000000000000e+05
9.436990000000000000e+05
9.437290000000000000e+05
9.437410000000000000e+05
9.437510000000000000e+05
9.437570000000000000e+05
9.437630000000000000e+05
9.437690000000000000e+05
9.437770000000000000e+05
9.437810000000000000e+05
9.437830000000000000e+05
9.437990000000000000e+05
9.438010000000000000e+05
9.438190000000000000e+05
9.438370000000000000e+05
9.438410000000000000e+05
9.438430000000000000e+05
9.438490000000000000e+05
9.438710000000000000e+05
9.439030000000000000e+05
9.439090000000000000e+05
9.439130000000000000e+05
9.439310000000000000e+05
9.439510000000000000e+05
9.439670000000000000e+05
9.440030000000000000e+05
9.440170000000000000e+05
9.440290000000000000e+05
9.440390000000000000e+05
9.440710000000000000e+05
9.440770000000000000e+05
9.441230000000000000e+05
9.441370000000000000e+05
9.441430000000000000e+05
9.441470000000000000e+05
9.441490000000000000e+05
9.441610000000000000e+05
