9.441790000000000000e+05
9.441910000000000000e+05
9.442330000000000000e+05
9.442390000000000000e+05
9.442570000000000000e+05
9.442610000000000000e+05
9.442630000000000000e+05
9.442970000000000000e+05
9.443090000000000000e+05
9.443290000000000000e+05
9.443690000000000000e+05
9.443870000000000000e+05
9.443890000000000000e+05
9.443930000000000000e+05
9.443990000000000000e+05
9.444170000000000000e+05
9.444290000000000000e+05
9.444310000000000000e+05
9.444530000000000000e+05
9.444670000000000000e+05
9.444730000000000000e+05
9.444910000000000000e+05
9.444970000000000000e+05
9.445190000000000000e+05
9.445210000000000000e+05
9.445270000000000000e+05
9.445330000000000000e+05
9.445430000000000000e+05
9.445510000000000000e+05
9.445610000000000000e+05
9.445630000000000000e+05
9.445790000000000000e+05
9.445910000000000000e+05
9.446090000000000000e+05
9.446210000000000000e+05
9.446510000000000000e+05
9.446590000000000000e+05
9.446770000000000000e+05
9.446870000000000000e+05
9.446890000000000000e+05
9.447010000000000000e+05
9.447110000000000000e+05
9.447170000000000000e+05
9.447290000000000000e+05
9.447310000000000000e+05
9.447730000000000000e+05
9.447770000000000000e+05
9.448030000000000000e+05
9.448210000000000000e+05
9.448330000000000000e+05
9.448570000000000000e+05
9.448730000000000000e+05
9.448870000000000000e+05
9.448930000000000000e+05
9.448970000000000000e+05
9.448990000000000000e+05
9.449290000000000000e+05
9.449530000000000000e+05
9.449630000000000000e+05
9.449690000000000000e+05
9.449870000000000000e+05
9.450310000000000000e+05
9.450370000000000000e+05
9.450590000000000000e+05
9.450890000000000000e+05
9.451030000000000000e+05
9.451430000000000000e+05
9.451510000000000000e+05
9.451790000000000000e+05
9.452090000000000000e+05
9.452110000000000000e+05
9.452270000000000000e+05
9.452330000000000000e+05
9.452890000000000000e+05
9.452930000000000000e+05
9.453310000000000000e+05
9.453410000000000000e+05
9.453490000000000000e+05
9.453590000000000000e+05
9.453670000000000000e+05
9.453770000000000000e+05
9.453890000000000000e+05
9.453910000000000000e+05
9.453970000000000000e+05
9.454090000000000000e+05
9.454310000000000000e+05
9.454570000000000000e+05
9.454630000000000000e+05
9.454730000000000000e+05
9.454790000000000000e+05
9.454810000000000000e+05
9.455210000000000000e+05
9.455470000000000000e+05
9.455770000000000000e+05
9.455870000000000000e+05
9.455890000000000000e+05
9.456010000000000000e+05
9.456290000000000000e+05
9.456310000000000000e+05
9.456470000000000000e+05
