9.456710000000000000e+05
9.456730000000000000e+05
9.456770000000000000e+05
9.457010000000000000e+05
9.457310000000000000e+05
9.457330000000000000e+05
9.457390000000000000e+05
9.457670000000000000e+05
9.457870000000000000e+05
9.457990000000000000e+05
9.458090000000000000e+05
9.458110000000000000e+05
9.458170000000000000e+05
9.458230000000000000e+05
9.458510000000000000e+05
9.458810000000000000e+05
9.458830000000000000e+05
9.458870000000000000e+05
9.458990000000000000e+05
9.459070000000000000e+05
9.459290000000000000e+05
9.459370000000000000e+05
9.459410000000000000e+05
9.459430000000000000e+05
9.459490000000000000e+05
9.459610000000000000e+05
9.459830000000000000e+05
9.460030000000000000e+05
9.460210000000000000e+05
9.460310000000000000e+05
9.460370000000000000e+05
9.460790000000000000e+05
9.460810000000000000e+05
9.460910000000000000e+05
9.460930000000000000e+05
9.461090000000000000e+05
9.461110000000000000e+05
9.461230000000000000e+05
9.461330000000000000e+05
9.461630000000000000e+05
9.461770000000000000e+05
9.461930000000000000e+05
9.462070000000000000e+05
9.462230000000000000e+05
9.462490000000000000e+05
9.462730000000000000e+05
9.462910000000000000e+05
9.463070000000000000e+05
9.463270000000000000e+05
9.463310000000000000e+05
9.463670000000000000e+05
9.463690000000000000e+05
9.463910000000000000e+05
9.463970000000000000e+05
9.464110000000000000e+05
9.464170000000000000e+05
9.464530000000000000e+05
9.464590000000000000e+05
9.464690000000000000e+05
9.464870000000000000e+05
9.464890000000000000e+05
9.465070000000000000e+05
9.465110000000000000e+05
9.465130000000000000e+05
9.465490000000000000e+05
9.465730000000000000e+05
9.465790000000000000e+05
9.466070000000000000e+05
9.466610000000000000e+05
9.466630000000000000e+05
9.466670000000000000e+05
9.466690000000000000e+05
9.466810000000000000e+05
9.466970000000000000e+05
9.467170000000000000e+05
9.467270000000000000e+05
9.467330000000000000e+05
9.467410000000000000e+05
9.467530000000000000e+05
9.467690000000000000e+05
9.467830000000000000e+05
9.468010000000000000e+05
9.468190000000000000e+05
9.468230000000000000e+05
9.468530000000000000e+05
9.468590000000000000e+05
9.468610000000000000e+05
9.468730000000000000e+05
9.468770000000000000e+05
9.469010000000000000e+05
9.469190000000000000e+05
9.469310000000000000e+05
9.469430000000000000e+05
9.469490000000000000e+05
9.469610000000000000e+05
9.469690000000000000e+05
9.469870000000000000e+05
9.469930000000000000e+05
9.469970000000000000e+05
9.470270000000000000e+05
