9.470330000000000000e+05
9.470830000000000000e+05
9.471190000000000000e+05
9.471290000000000000e+05
9.471370000000000000e+05
9.471710000000000000e+05
9.471830000000000000e+05
9.471970000000000000e+05
9.472030000000000000e+05
9.472390000000000000e+05
9.472630000000000000e+05
9.472990000000000000e+05
9.473270000000000000e+05
9.473410000000000000e+05
9.473510000000000000e+05
9.473570000000000000e+05
9.473690000000000000e+05
9.473770000000000000e+05
9.473810000000000000e+05
9.473830000000000000e+05
9.473890000000000000e+05
9.474070000000000000e+05
9.474110000000000000e+05
9.474130000000000000e+05
9.474170000000000000e+05
9.474230000000000000e+05
9.474310000000000000e+05
9.474490000000000000e+05
9.474830000000000000e+05
9.475010000000000000e+05
9.475090000000000000e+05
9.475390000000000000e+05
9.475610000000000000e+05
9.475790000000000000e+05
9.476030000000000000e+05
9.476210000000000000e+05
9.476270000000000000e+05
9.476410000000000000e+05
9.476470000000000000e+05
9.476510000000000000e+05
9.476590000000000000e+05
9.477070000000000000e+05
9.477110000000000000e+05
9.477190000000000000e+05
9.477290000000000000e+05
9.477410000000000000e+05
9.477430000000000000e+05
9.477470000000000000e+05
9.477530000000000000e+05
9.477730000000000000e+05
9.477830000000000000e+05
9.478030000000000000e+05
9.478190000000000000e+05
9.478330000000000000e+05
9.478510000000000000e+05
9.478570000000000000e+05
9.478610000000000000e+05
9.478730000000000000e+05
9.478930000000000000e+05
9.479110000000000000e+05
9.479170000000000000e+05
9.479270000000000000e+05
9.479590000000000000e+05
9.479630000000000000e+05
9.479870000000000000e+05
9.480070000000000000e+05
9.480190000000000000e+05
9.480290000000000000e+05
9.480410000000000000e+05
9.480490000000000000e+05
9.480530000000000000e+05
9.480610000000000000e+05
9.480670000000000000e+05
9.480890000000000000e+05
9.480910000000000000e+05
9.481330000000000000e+05
9.481390000000000000e+05
9.481490000000000000e+05
9.481510000000000000e+05
9.481690000000000000e+05
9.481730000000000000e+05
9.481870000000000000e+05
9.482470000000000000e+05
9.482530000000000000e+05
9.482630000000000000e+05
9.482810000000000000e+05
9.482870000000000000e+05
9.482930000000000000e+05
9.483170000000000000e+05
9.483310000000000000e+05
9.483490000000000000e+05
9.483770000000000000e+05
9.483910000000000000e+05
9.484010000000000000e+05
9.484030000000000000e+05
9.484070000000000000e+05
9.484270000000000000e+05
9.484390000000000000e+05
9.484430000000000000e+05
9.484490000000000000e+05
