9.484570000000000000e+05
9.484690000000000000e+05
9.484870000000000000e+05
9.485170000000000000e+05
9.485330000000000000e+05
9.485470000000000000e+05
9.485510000000000000e+05
9.485570000000000000e+05
9.485810000000000000e+05
9.485930000000000000e+05
9.486590000000000000e+05
9.486710000000000000e+05
9.487070000000000000e+05
9.487130000000000000e+05
9.487210000000000000e+05
9.487490000000000000e+05
9.487670000000000000e+05
9.487970000000000000e+05
9.487990000000000000e+05
9.488390000000000000e+05
9.488470000000000000e+05
9.488530000000000000e+05
9.488770000000000000e+05
9.488870000000000000e+05
9.489010000000000000e+05
9.489070000000000000e+05
9.489290000000000000e+05
9.489430000000000000e+05
9.489470000000000000e+05
9.489710000000000000e+05
9.489730000000000000e+05
9.489890000000000000e+05
9.490010000000000000e+05
9.490190000000000000e+05
9.490210000000000000e+05
9.490330000000000000e+05
9.490370000000000000e+05
9.490430000000000000e+05
9.490510000000000000e+05
9.491110000000000000e+05
9.491210000000000000e+05
9.491290000000000000e+05
9.491470000000000000e+05
9.491530000000000000e+05
9.491590000000000000e+05
9.491710000000000000e+05
9.492110000000000000e+05
9.492130000000000000e+05
9.492410000000000000e+05
9.492430000000000000e+05
9.492530000000000000e+05
9.492610000000000000e+05
9.493030000000000000e+05
9.493070000000000000e+05
9.493810000000000000e+05
9.493870000000000000e+05
9.493910000000000000e+05
9.494090000000000000e+05
9.494230000000000000e+05
9.494270000000000000e+05
9.494390000000000000e+05
9.494410000000000000e+05
9.494510000000000000e+05
9.494530000000000000e+05
9.494710000000000000e+05
9.494770000000000000e+05
9.495130000000000000e+05
9.495170000000000000e+05
9.495230000000000000e+05
9.495670000000000000e+05
9.495830000000000000e+05
9.495890000000000000e+05
9.496070000000000000e+05
9.496090000000000000e+05
9.496210000000000000e+05
9.496310000000000000e+05
9.496330000000000000e+05
9.496430000000000000e+05
9.496490000000000000e+05
9.496510000000000000e+05
9.496670000000000000e+05
9.496730000000000000e+05
9.496870000000000000e+05
9.496910000000000000e+05
9.496990000000000000e+05
9.497330000000000000e+05
9.497590000000000000e+05
9.497710000000000000e+05
9.497770000000000000e+05
9.497890000000000000e+05
9.498110000000000000e+05
9.498490000000000000e+05
9.498530000000000000e+05
9.498890000000000000e+05
9.498910000000000000e+05
9.499030000000000000e+05
9.499310000000000000e+05
9.499370000000000000e+05
9.499390000000000000e+05
9.499510000000000000e+05
