9.499570000000000000e+05
9.499610000000000000e+05
9.499670000000000000e+05
9.499730000000000000e+05
9.499790000000000000e+05
9.499870000000000000e+05
9.499970000000000000e+05
9.500090000000000000e+05
9.500230000000000000e+05
9.500290000000000000e+05
9.500390000000000000e+05
9.500410000000000000e+05
9.500710000000000000e+05
9.500830000000000000e+05
9.500990000000000000e+05
9.501110000000000000e+05
9.501490000000000000e+05
9.501610000000000000e+05
9.501770000000000000e+05
9.501790000000000000e+05
9.502070000000000000e+05
9.502210000000000000e+05
9.502270000000000000e+05
9.502310000000000000e+05
9.502330000000000000e+05
9.502390000000000000e+05
9.502510000000000000e+05
9.502690000000000000e+05
9.502810000000000000e+05
9.503290000000000000e+05
9.503330000000000000e+05
9.503470000000000000e+05
9.503570000000000000e+05
9.503630000000000000e+05
9.503930000000000000e+05
9.504010000000000000e+05
9.504230000000000000e+05
9.504470000000000000e+05
9.504590000000000000e+05
9.504610000000000000e+05
9.504730000000000000e+05
9.504790000000000000e+05
9.504830000000000000e+05
9.504970000000000000e+05
9.505010000000000000e+05
9.505070000000000000e+05
9.505190000000000000e+05
9.505270000000000000e+05
9.505310000000000000e+05
9.505570000000000000e+05
9.505690000000000000e+05
9.506110000000000000e+05
9.506170000000000000e+05
9.506330000000000000e+05
9.506390000000000000e+05
9.506470000000000000e+05
9.506710000000000000e+05
9.506810000000000000e+05
9.506890000000000000e+05
9.506930000000000000e+05
9.506990000000000000e+05
9.507170000000000000e+05
9.507230000000000000e+05
9.507370000000000000e+05
9.507430000000000000e+05
9.507530000000000000e+05
9.507830000000000000e+05
9.507910000000000000e+05
9.508090000000000000e+05
9.508130000000000000e+05
9.508190000000000000e+05
9.508370000000000000e+05
9.508390000000000000e+05
9.508670000000000000e+05
9.508690000000000000e+05
9.508790000000000000e+05
9.509210000000000000e+05
9.509270000000000000e+05
9.509330000000000000e+05
9.509470000000000000e+05
9.509530000000000000e+05
9.509590000000000000e+05
9.509930000000000000e+05
9.510010000000000000e+05
9.510190000000000000e+05
9.510230000000000000e+05
9.510290000000000000e+05
9.510470000000000000e+05
9.510530000000000000e+05
9.510590000000000000e+05
9.510610000000000000e+05
9.510790000000000000e+05
9.510890000000000000e+05
9.510910000000000000e+05
9.511010000000000000e+05
9.511070000000000000e+05
9.511090000000000000e+05
9.511310000000000000e+05
9.511510000000000000e+05
9.511610000000000000e+05
