9.511930000000000000e+05
9.512210000000000000e+05
9.512590000000000000e+05
9.512770000000000000e+05
9.512810000000000000e+05
9.512830000000000000e+05
9.512990000000000000e+05
9.513310000000000000e+05
9.513410000000000000e+05
9.513430000000000000e+05
9.513610000000000000e+05
9.513670000000000000e+05
9.513730000000000000e+05
9.513890000000000000e+05
9.514070000000000000e+05
9.514130000000000000e+05
9.514270000000000000e+05
9.514370000000000000e+05
9.514490000000000000e+05
9.514690000000000000e+05
9.514790000000000000e+05
9.514910000000000000e+05
9.514970000000000000e+05
9.515530000000000000e+05
9.515570000000000000e+05
9.515710000000000000e+05
9.515810000000000000e+05
9.515830000000000000e+05
9.515890000000000000e+05
9.516230000000000000e+05
9.516370000000000000e+05
9.516410000000000000e+05
9.516470000000000000e+05
9.516490000000000000e+05
9.516590000000000000e+05
9.516890000000000000e+05
9.516970000000000000e+05
9.517490000000000000e+05
9.517810000000000000e+05
9.517870000000000000e+05
9.517910000000000000e+05
9.518030000000000000e+05
9.518290000000000000e+05
9.518510000000000000e+05
9.518590000000000000e+05
9.518870000000000000e+05
9.518930000000000000e+05
9.519110000000000000e+05
9.519410000000000000e+05
9.519430000000000000e+05
9.519590000000000000e+05
9.519670000000000000e+05
9.519970000000000000e+05
9.520010000000000000e+05
9.520090000000000000e+05
9.520370000000000000e+05
9.520570000000000000e+05
9.520730000000000000e+05
9.520870000000000000e+05
9.520970000000000000e+05
9.521110000000000000e+05
9.521170000000000000e+05
9.521230000000000000e+05
9.521290000000000000e+05
9.521410000000000000e+05
9.521510000000000000e+05
9.521630000000000000e+05
9.521690000000000000e+05
9.521830000000000000e+05
9.521990000000000000e+05
9.522070000000000000e+05
9.522190000000000000e+05
9.522290000000000000e+05
9.522470000000000000e+05
9.522530000000000000e+05
9.522770000000000000e+05
9.522790000000000000e+05
9.522910000000000000e+05
9.522970000000000000e+05
9.523130000000000000e+05
9.523490000000000000e+05
9.523630000000000000e+05
9.523790000000000000e+05
9.523810000000000000e+05
9.523970000000000000e+05
9.524230000000000000e+05
9.524290000000000000e+05
9.524390000000000000e+05
9.524810000000000000e+05
9.524870000000000000e+05
9.525070000000000000e+05
9.525130000000000000e+05
9.525410000000000000e+05
9.525470000000000000e+05
9.525590000000000000e+05
9.525730000000000000e+05
9.525830000000000000e+05
9.525970000000000000e+05
9.526190000000000000e+05
9.526490000000000000e+05
