9.540670000000000000e+05
9.540970000000000000e+05
9.541030000000000000e+05
9.541310000000000000e+05
9.541330000000000000e+05
9.541390000000000000e+05
9.541570000000000000e+05
9.541670000000000000e+05
9.541810000000000000e+05
9.542030000000000000e+05
9.542090000000000000e+05
9.542210000000000000e+05
9.542290000000000000e+05
9.542530000000000000e+05
9.542570000000000000e+05
9.542590000000000000e+05
9.542630000000000000e+05
9.542690000000000000e+05
9.542770000000000000e+05
9.542870000000000000e+05
9.543070000000000000e+05
9.543190000000000000e+05
9.543230000000000000e+05
9.543670000000000000e+05
9.543770000000000000e+05
9.543790000000000000e+05
9.543910000000000000e+05
9.544090000000000000e+05
9.544330000000000000e+05
9.544510000000000000e+05
9.544610000000000000e+05
9.544690000000000000e+05
9.544910000000000000e+05
9.544970000000000000e+05
9.545090000000000000e+05
9.545170000000000000e+05
9.545390000000000000e+05
9.545710000000000000e+05
9.545990000000000000e+05
9.546190000000000000e+05
9.546230000000000000e+05
9.546410000000000000e+05
9.546490000000000000e+05
9.546710000000000000e+05
9.546770000000000000e+05
9.546970000000000000e+05
9.547130000000000000e+05
9.547190000000000000e+05
9.547270000000000000e+05
9.547430000000000000e+05
9.547570000000000000e+05
9.547630000000000000e+05
9.548270000000000000e+05
9.548290000000000000e+05
9.548470000000000000e+05
9.548510000000000000e+05
9.548530000000000000e+05
9.548570000000000000e+05
9.548690000000000000e+05
9.548710000000000000e+05
9.549110000000000000e+05
9.549170000000000000e+05
9.549230000000000000e+05
9.549290000000000000e+05
9.549710000000000000e+05
9.549730000000000000e+05
9.549770000000000000e+05
9.549790000000000000e+05
9.549910000000000000e+05
9.550370000000000000e+05
9.550390000000000000e+05
9.550510000000000000e+05
9.550610000000000000e+05
9.550630000000000000e+05
9.550910000000000000e+05
9.550930000000000000e+05
9.551030000000000000e+05
9.551270000000000000e+05
9.551390000000000000e+05
9.551470000000000000e+05
9.551530000000000000e+05
9.551830000000000000e+05
9.551930000000000000e+05
9.552110000000000000e+05
9.552170000000000000e+05
9.552230000000000000e+05
9.552430000000000000e+05
9.552610000000000000e+05
9.552670000000000000e+05
9.552710000000000000e+05
9.552770000000000000e+05
9.553070000000000000e+05
9.553090000000000000e+05
9.553130000000000000e+05
9.553190000000000000e+05
9.553330000000000000e+05
9.553370000000000000e+05
9.553630000000000000e+05
9.553790000000000000e+05
9.553910000000000000e+05
