9.554330000000000000e+05
9.554390000000000000e+05
9.554410000000000000e+05
9.554570000000000000e+05
9.554690000000000000e+05
9.554770000000000000e+05
9.554810000000000000e+05
9.554830000000000000e+05
9.555010000000000000e+05
9.555110000000000000e+05
9.555410000000000000e+05
9.556010000000000000e+05
9.556070000000000000e+05
9.556130000000000000e+05
9.556490000000000000e+05
9.556570000000000000e+05
9.556930000000000000e+05
9.556970000000000000e+05
9.557090000000000000e+05
9.557110000000000000e+05
9.557270000000000000e+05
9.557290000000000000e+05
9.557690000000000000e+05
9.557770000000000000e+05
9.557810000000000000e+05
9.557930000000000000e+05
9.558070000000000000e+05
9.558130000000000000e+05
9.558190000000000000e+05
9.558410000000000000e+05
9.558530000000000000e+05
9.558790000000000000e+05
9.558830000000000000e+05
9.558910000000000000e+05
9.559010000000000000e+05
9.559190000000000000e+05
9.559370000000000000e+05
9.559390000000000000e+05
9.559510000000000000e+05
9.559570000000000000e+05
9.559630000000000000e+05
9.559670000000000000e+05
9.559870000000000000e+05
9.559910000000000000e+05
9.559930000000000000e+05
9.560030000000000000e+05
9.560510000000000000e+05
9.560570000000000000e+05
9.560830000000000000e+05
9.561070000000000000e+05
9.561130000000000000e+05
9.561190000000000000e+05
9.561430000000000000e+05
9.561470000000000000e+05
9.561770000000000000e+05
9.562310000000000000e+05
9.562370000000000000e+05
9.562610000000000000e+05
9.562690000000000000e+05
9.562730000000000000e+05
9.562810000000000000e+05
9.563030000000000000e+05
9.563110000000000000e+05
9.563410000000000000e+05
9.563530000000000000e+05
9.563570000000000000e+05
9.563770000000000000e+05
9.563830000000000000e+05
9.563870000000000000e+05
9.563930000000000000e+05
9.563990000000000000e+05
9.564010000000000000e+05
9.564290000000000000e+05
9.564770000000000000e+05
9.565030000000000000e+05
9.565130000000000000e+05
9.565210000000000000e+05
9.565690000000000000e+05
9.565870000000000000e+05
9.566170000000000000e+05
9.566330000000000000e+05
9.566890000000000000e+05
9.566990000000000000e+05
9.567130000000000000e+05
9.567230000000000000e+05
9.567490000000000000e+05
9.567590000000000000e+05
9.567890000000000000e+05
9.568010000000000000e+05
9.568310000000000000e+05
9.568430000000000000e+05
9.568490000000000000e+05
9.568610000000000000e+05
9.568810000000000000e+05
9.569030000000000000e+05
9.569090000000000000e+05
9.569290000000000000e+05
9.569410000000000000e+05
9.569510000000000000e+05
9.569530000000000000e+05
