9.597730000000000000e+05
9.597790000000000000e+05
9.598010000000000000e+05
9.598090000000000000e+05
9.598310000000000000e+05
9.598630000000000000e+05
9.598670000000000000e+05
9.598690000000000000e+05
9.598730000000000000e+05
9.598790000000000000e+05
9.598870000000000000e+05
9.599110000000000000e+05
9.599210000000000000e+05
9.599270000000000000e+05
9.599410000000000000e+05
9.599470000000000000e+05
9.599530000000000000e+05
9.599690000000000000e+05
9.600170000000000000e+05
9.600190000000000000e+05
9.600310000000000000e+05
9.600490000000000000e+05
9.600530000000000000e+05
9.600590000000000000e+05
9.600770000000000000e+05
9.601190000000000000e+05
9.601210000000000000e+05
9.601310000000000000e+05
9.601370000000000000e+05
9.601390000000000000e+05
9.601510000000000000e+05
9.601730000000000000e+05
9.601910000000000000e+05
9.601990000000000000e+05
9.602170000000000000e+05
9.602290000000000000e+05
9.602510000000000000e+05
9.602590000000000000e+05
9.602930000000000000e+05
9.602990000000000000e+05
9.603290000000000000e+05
9.603310000000000000e+05
9.603410000000000000e+05
9.603530000000000000e+05
9.603730000000000000e+05
9.603830000000000000e+05
9.603890000000000000e+05
9.604190000000000000e+05
9.604670000000000000e+05
9.604930000000000000e+05
9.604970000000000000e+05
9.604990000000000000e+05
9.605210000000000000e+05
9.605230000000000000e+05
9.605270000000000000e+05
9.605690000000000000e+05
9.605810000000000000e+05
9.605870000000000000e+05
9.605930000000000000e+05
9.606010000000000000e+05
9.606370000000000000e+05
9.606430000000000000e+05
9.606470000000000000e+05
9.606490000000000000e+05
9.606670000000000000e+05
9.606770000000000000e+05
9.606910000000000000e+05
9.607030000000000000e+05
9.607090000000000000e+05
9.607370000000000000e+05
9.607630000000000000e+05
9.607930000000000000e+05
9.608030000000000000e+05
9.608090000000000000e+05
9.608290000000000000e+05
9.608330000000000000e+05
9.608630000000000000e+05
9.608890000000000000e+05
9.609310000000000000e+05
9.609370000000000000e+05
9.609410000000000000e+05
9.609610000000000000e+05
9.609770000000000000e+05
9.609830000000000000e+05
9.609890000000000000e+05
9.609910000000000000e+05
9.610030000000000000e+05
9.610210000000000000e+05
9.610330000000000000e+05
9.610630000000000000e+05
9.610670000000000000e+05
9.610690000000000000e+05
9.610730000000000000e+05
9.610870000000000000e+05
9.610910000000000000e+05
9.610970000000000000e+05
9.610990000000000000e+05
9.611090000000000000e+05
9.611170000000000000e+05
9.611230000000000000e+05
