9.624470000000000000e+05
9.624590000000000000e+05
9.624610000000000000e+05
9.624710000000000000e+05
9.624770000000000000e+05
9.624970000000000000e+05
9.625030000000000000e+05
9.625090000000000000e+05
9.625370000000000000e+05
9.625430000000000000e+05
9.625610000000000000e+05
9.625690000000000000e+05
9.625870000000000000e+05
9.626030000000000000e+05
9.626090000000000000e+05
9.626170000000000000e+05
9.626230000000000000e+05
9.626270000000000000e+05
9.626530000000000000e+05
9.626690000000000000e+05
9.626710000000000000e+05
9.626770000000000000e+05
9.626810000000000000e+05
9.626830000000000000e+05
9.627370000000000000e+05
9.627430000000000000e+05
9.627470000000000000e+05
9.627790000000000000e+05
9.627830000000000000e+05
9.627890000000000000e+05
9.627910000000000000e+05
9.628070000000000000e+05
9.628370000000000000e+05
9.628390000000000000e+05
9.628610000000000000e+05
9.628670000000000000e+05
9.628690000000000000e+05
9.629030000000000000e+05
9.629090000000000000e+05
9.629110000000000000e+05
9.629210000000000000e+05
9.629590000000000000e+05
9.629630000000000000e+05
9.629710000000000000e+05
9.629930000000000000e+05
9.630190000000000000e+05
9.630310000000000000e+05
9.630430000000000000e+05
9.630470000000000000e+05
9.630970000000000000e+05
9.631030000000000000e+05
9.631210000000000000e+05
9.631430000000000000e+05
9.631630000000000000e+05
9.631730000000000000e+05
9.631810000000000000e+05
9.631870000000000000e+05
9.631910000000000000e+05
9.632110000000000000e+05
9.632230000000000000e+05
9.632270000000000000e+05
9.632390000000000000e+05
9.632410000000000000e+05
9.632530000000000000e+05
9.632830000000000000e+05
9.632990000000000000e+05
9.633010000000000000e+05
9.633110000000000000e+05
9.633230000000000000e+05
9.633310000000000000e+05
9.633410000000000000e+05
9.633430000000000000e+05
9.633490000000000000e+05
9.633670000000000000e+05
9.633790000000000000e+05
9.633970000000000000e+05
9.634190000000000000e+05
9.634270000000000000e+05
9.634610000000000000e+05
9.634810000000000000e+05
9.634910000000000000e+05
9.634970000000000000e+05
9.634990000000000000e+05
9.635590000000000000e+05
9.635810000000000000e+05
9.636010000000000000e+05
9.636070000000000000e+05
9.636290000000000000e+05
9.636430000000000000e+05
9.636530000000000000e+05
9.636590000000000000e+05
9.636670000000000000e+05
9.636890000000000000e+05
9.636910000000000000e+05
9.637010000000000000e+05
9.637070000000000000e+05
9.637090000000000000e+05
9.637190000000000000e+05
9.637310000000000000e+05
9.637510000000000000e+05
