9.664810000000000000e+05
9.664910000000000000e+05
9.664990000000000000e+05
9.665090000000000000e+05
9.665210000000000000e+05
9.665270000000000000e+05
9.665470000000000000e+05
9.665570000000000000e+05
9.665830000000000000e+05
9.666130000000000000e+05
9.666170000000000000e+05
9.666190000000000000e+05
9.666310000000000000e+05
9.666530000000000000e+05
9.666590000000000000e+05
9.666610000000000000e+05
9.666770000000000000e+05
9.667270000000000000e+05
9.667510000000000000e+05
9.667810000000000000e+05
9.668030000000000000e+05
9.668170000000000000e+05
9.668630000000000000e+05
9.668690000000000000e+05
9.668710000000000000e+05
9.668830000000000000e+05
9.668930000000000000e+05
9.669070000000000000e+05
9.669130000000000000e+05
9.669190000000000000e+05
9.669230000000000000e+05
9.669370000000000000e+05
9.669610000000000000e+05
9.669710000000000000e+05
9.669910000000000000e+05
9.669970000000000000e+05
9.670030000000000000e+05
9.670190000000000000e+05
9.670490000000000000e+05
9.670610000000000000e+05
9.671110000000000000e+05
9.671290000000000000e+05
9.671390000000000000e+05
9.671710000000000000e+05
9.672010000000000000e+05
9.672290000000000000e+05
9.672590000000000000e+05
9.672610000000000000e+05
9.672890000000000000e+05
9.672970000000000000e+05
9.673190000000000000e+05
9.673210000000000000e+05
9.673270000000000000e+05
9.673330000000000000e+05
9.673490000000000000e+05
9.673610000000000000e+05
9.673630000000000000e+05
9.673910000000000000e+05
9.673970000000000000e+05
9.674270000000000000e+05
9.674290000000000000e+05
9.674410000000000000e+05
9.674510000000000000e+05
9.674590000000000000e+05
9.674810000000000000e+05
9.674930000000000000e+05
9.675010000000000000e+05
9.675070000000000000e+05
9.675110000000000000e+05
9.675290000000000000e+05
9.675670000000000000e+05
9.675830000000000000e+05
9.676070000000000000e+05
9.676270000000000000e+05
9.676630000000000000e+05
9.676670000000000000e+05
9.676930000000000000e+05
9.676990000000000000e+05
9.677090000000000000e+05
9.677210000000000000e+05
9.677390000000000000e+05
9.677510000000000000e+05
9.677530000000000000e+05
9.677630000000000000e+05
9.677810000000000000e+05
9.677870000000000000e+05
9.678190000000000000e+05
9.678230000000000000e+05
9.678310000000000000e+05
9.678430000000000000e+05
9.678470000000000000e+05
9.678590000000000000e+05
9.678730000000000000e+05
9.678770000000000000e+05
9.679030000000000000e+05
9.679190000000000000e+05
9.679310000000000000e+05
9.679370000000000000e+05
9.679510000000000000e+05
9.679610000000000000e+05
