9.679790000000000000e+05
9.679990000000000000e+05
9.680030000000000000e+05
9.680170000000000000e+05
9.680210000000000000e+05
9.680270000000000000e+05
9.680410000000000000e+05
9.680630000000000000e+05
9.680890000000000000e+05
9.681010000000000000e+05
9.681110000000000000e+05
9.681130000000000000e+05
9.681170000000000000e+05
9.681370000000000000e+05
9.681410000000000000e+05
9.681470000000000000e+05
9.681590000000000000e+05
9.681730000000000000e+05
9.681970000000000000e+05
9.682130000000000000e+05
9.682370000000000000e+05
9.682390000000000000e+05
9.682510000000000000e+05
9.682630000000000000e+05
9.682670000000000000e+05
9.682730000000000000e+05
9.682910000000000000e+05
9.682990000000000000e+05
9.683110000000000000e+05
9.683210000000000000e+05
9.683290000000000000e+05
9.683330000000000000e+05
9.683530000000000000e+05
9.683770000000000000e+05
9.683810000000000000e+05
9.683890000000000000e+05
9.684190000000000000e+05
9.684230000000000000e+05
9.684310000000000000e+05
9.684370000000000000e+05
9.684590000000000000e+05
9.684670000000000000e+05
9.684790000000000000e+05
9.685010000000000000e+05
9.685030000000000000e+05
9.685190000000000000e+05
9.685210000000000000e+05
9.685370000000000000e+05
9.685570000000000000e+05
9.685670000000000000e+05
9.685730000000000000e+05
9.685930000000000000e+05
9.686410000000000000e+05
9.686470000000000000e+05
9.686590000000000000e+05
9.686630000000000000e+05
9.686890000000000000e+05
9.686990000000000000e+05
9.687130000000000000e+05
9.687290000000000000e+05
9.687310000000000000e+05
9.687610000000000000e+05
9.688010000000000000e+05
9.688090000000000000e+05
9.688190000000000000e+05
9.688270000000000000e+05
9.688310000000000000e+05
9.688570000000000000e+05
9.688790000000000000e+05
9.688970000000000000e+05
9.689090000000000000e+05
9.689110000000000000e+05
9.689170000000000000e+05
9.689390000000000000e+05
9.689590000000000000e+05
9.689630000000000000e+05
9.689710000000000000e+05
9.690110000000000000e+05
9.690370000000000000e+05
9.690410000000000000e+05
9.690490000000000000e+05
9.690710000000000000e+05
9.690830000000000000e+05
9.690970000000000000e+05
9.691090000000000000e+05
9.691130000000000000e+05
9.691310000000000000e+05
9.691390000000000000e+05
9.691670000000000000e+05
9.691790000000000000e+05
9.691810000000000000e+05
9.692330000000000000e+05
9.692390000000000000e+05
9.692530000000000000e+05
9.692570000000000000e+05
9.692590000000000000e+05
9.692710000000000000e+05
9.693010000000000000e+05
9.693410000000000000e+05
9.693430000000000000e+05
