9.693470000000000000e+05
9.693590000000000000e+05
9.693770000000000000e+05
9.694030000000000000e+05
9.694070000000000000e+05
9.694210000000000000e+05
9.694310000000000000e+05
9.694330000000000000e+05
9.694430000000000000e+05
9.694570000000000000e+05
9.694610000000000000e+05
9.694670000000000000e+05
9.694810000000000000e+05
9.694970000000000000e+05
9.695030000000000000e+05
9.695090000000000000e+05
9.695330000000000000e+05
9.695590000000000000e+05
9.695690000000000000e+05
9.695930000000000000e+05
9.695990000000000000e+05
9.696370000000000000e+05
9.696410000000000000e+05
9.696670000000000000e+05
9.696710000000000000e+05
9.696770000000000000e+05
9.696790000000000000e+05
9.697130000000000000e+05
9.697190000000000000e+05
9.697210000000000000e+05
9.697430000000000000e+05
9.697570000000000000e+05
9.697630000000000000e+05
9.697670000000000000e+05
9.697910000000000000e+05
9.697970000000000000e+05
9.698090000000000000e+05
9.698210000000000000e+05
9.698510000000000000e+05
9.698630000000000000e+05
9.698690000000000000e+05
9.698770000000000000e+05
9.698890000000000000e+05
9.699070000000000000e+05
9.699110000000000000e+05
9.699190000000000000e+05
9.699230000000000000e+05
9.699290000000000000e+05
9.699770000000000000e+05
9.699890000000000000e+05
9.700270000000000000e+05
9.700310000000000000e+05
9.700430000000000000e+05
9.700510000000000000e+05
9.700610000000000000e+05
9.700630000000000000e+05
9.700690000000000000e+05
9.700870000000000000e+05
9.700910000000000000e+05
9.701110000000000000e+05
9.701330000000000000e+05
9.701470000000000000e+05
9.702010000000000000e+05
9.702130000000000000e+05
9.702170000000000000e+05
9.702190000000000000e+05
9.702310000000000000e+05
9.702370000000000000e+05
9.702470000000000000e+05
9.702590000000000000e+05
9.702610000000000000e+05
9.702670000000000000e+05
9.702790000000000000e+05
9.702970000000000000e+05
9.703030000000000000e+05
9.703130000000000000e+05
9.703510000000000000e+05
9.703910000000000000e+05
9.704210000000000000e+05
9.704230000000000000e+05
9.704330000000000000e+05
9.704410000000000000e+05
9.704470000000000000e+05
9.704570000000000000e+05
9.704690000000000000e+05
9.704810000000000000e+05
9.704930000000000000e+05
9.705370000000000000e+05
9.705490000000000000e+05
9.705610000000000000e+05
9.705730000000000000e+05
9.705830000000000000e+05
9.706030000000000000e+05
9.706330000000000000e+05
9.706430000000000000e+05
9.706570000000000000e+05
9.706670000000000000e+05
9.706870000000000000e+05
9.706990000000000000e+05
9.707210000000000000e+05
