9.733210000000000000e+05
9.733310000000000000e+05
9.733330000000000000e+05
9.733670000000000000e+05
9.733730000000000000e+05
9.733870000000000000e+05
9.733970000000000000e+05
9.734090000000000000e+05
9.734110000000000000e+05
9.734210000000000000e+05
9.734390000000000000e+05
9.734590000000000000e+05
9.734870000000000000e+05
9.735230000000000000e+05
9.735290000000000000e+05
9.735370000000000000e+05
9.735470000000000000e+05
9.735610000000000000e+05
9.735910000000000000e+05
9.735970000000000000e+05
9.736310000000000000e+05
9.736570000000000000e+05
9.736690000000000000e+05
9.736810000000000000e+05
9.736910000000000000e+05
9.737270000000000000e+05
9.737570000000000000e+05
9.737590000000000000e+05
9.737810000000000000e+05
9.737870000000000000e+05
9.737890000000000000e+05
9.738010000000000000e+05
9.738130000000000000e+05
9.738230000000000000e+05
9.738370000000000000e+05
9.738530000000000000e+05
9.738910000000000000e+05
9.738970000000000000e+05
9.739010000000000000e+05
9.739190000000000000e+05
9.739570000000000000e+05
9.740030000000000000e+05
9.740090000000000000e+05
9.740330000000000000e+05
9.740410000000000000e+05
9.740530000000000000e+05
9.740630000000000000e+05
9.740890000000000000e+05
9.741070000000000000e+05
9.741230000000000000e+05
9.741370000000000000e+05
9.741430000000000000e+05
9.741470000000000000e+05
9.741590000000000000e+05
9.741610000000000000e+05
9.741670000000000000e+05
9.741770000000000000e+05
9.741790000000000000e+05
9.741890000000000000e+05
9.742130000000000000e+05
9.742490000000000000e+05
9.742610000000000000e+05
9.742690000000000000e+05
9.742730000000000000e+05
9.742790000000000000e+05
9.742930000000000000e+05
9.743170000000000000e+05
9.743290000000000000e+05
9.743590000000000000e+05
9.743830000000000000e+05
9.743870000000000000e+05
9.744010000000000000e+05
9.744110000000000000e+05
9.744170000000000000e+05
9.744190000000000000e+05
9.744310000000000000e+05
9.744370000000000000e+05
9.744430000000000000e+05
9.744590000000000000e+05
9.744730000000000000e+05
9.744890000000000000e+05
9.744970000000000000e+05
9.745070000000000000e+05
9.745130000000000000e+05
9.745310000000000000e+05
9.745370000000000000e+05
9.745390000000000000e+05
9.745510000000000000e+05
9.745570000000000000e+05
9.745630000000000000e+05
9.745810000000000000e+05
9.745910000000000000e+05
9.745990000000000000e+05
9.746510000000000000e+05
9.746530000000000000e+05
9.746570000000000000e+05
9.747070000000000000e+05
9.747110000000000000e+05
9.747130000000000000e+05
9.747370000000000000e+05
