9.747470000000000000e+05
9.747490000000000000e+05
9.747610000000000000e+05
9.747730000000000000e+05
9.748030000000000000e+05
9.748190000000000000e+05
9.748210000000000000e+05
9.748370000000000000e+05
9.748490000000000000e+05
9.748610000000000000e+05
9.748630000000000000e+05
9.748670000000000000e+05
9.748730000000000000e+05
9.748790000000000000e+05
9.748870000000000000e+05
9.748910000000000000e+05
9.749230000000000000e+05
9.749270000000000000e+05
9.749570000000000000e+05
9.749590000000000000e+05
9.749690000000000000e+05
9.749710000000000000e+05
9.749770000000000000e+05
9.749830000000000000e+05
9.749890000000000000e+05
9.749990000000000000e+05
9.750110000000000000e+05
9.750170000000000000e+05
9.750490000000000000e+05
9.750530000000000000e+05
9.750710000000000000e+05
9.750830000000000000e+05
9.750890000000000000e+05
9.751330000000000000e+05
9.751510000000000000e+05
9.751570000000000000e+05
9.751810000000000000e+05
9.751870000000000000e+05
9.751930000000000000e+05
9.751990000000000000e+05
9.752170000000000000e+05
9.752570000000000000e+05
9.752590000000000000e+05
9.752630000000000000e+05
9.752770000000000000e+05
9.752810000000000000e+05
9.752870000000000000e+05
9.753130000000000000e+05
9.753230000000000000e+05
9.753430000000000000e+05
9.753670000000000000e+05
9.753790000000000000e+05
9.753830000000000000e+05
9.753890000000000000e+05
9.754210000000000000e+05
9.754270000000000000e+05
9.754330000000000000e+05
9.754390000000000000e+05
9.754630000000000000e+05
9.754930000000000000e+05
9.754970000000000000e+05
9.755090000000000000e+05
9.755210000000000000e+05
9.755230000000000000e+05
9.755510000000000000e+05
9.755530000000000000e+05
9.755810000000000000e+05
9.755990000000000000e+05
9.756190000000000000e+05
9.756290000000000000e+05
9.756430000000000000e+05
9.756490000000000000e+05
9.756610000000000000e+05
9.756710000000000000e+05
9.756910000000000000e+05
9.757010000000000000e+05
9.757310000000000000e+05
9.757390000000000000e+05
9.757430000000000000e+05
9.757970000000000000e+05
9.758030000000000000e+05
9.758110000000000000e+05
9.758230000000000000e+05
9.758270000000000000e+05
9.758470000000000000e+05
9.758570000000000000e+05
9.758690000000000000e+05
9.758830000000000000e+05
9.758990000000000000e+05
9.759010000000000000e+05
9.759070000000000000e+05
9.759410000000000000e+05
9.759430000000000000e+05
9.759670000000000000e+05
9.759770000000000000e+05
9.759910000000000000e+05
9.760090000000000000e+05
9.760130000000000000e+05
9.760330000000000000e+05
9.760390000000000000e+05
