9.760910000000000000e+05
9.760930000000000000e+05
9.761030000000000000e+05
9.761090000000000000e+05
9.761170000000000000e+05
9.761270000000000000e+05
9.761470000000000000e+05
9.761770000000000000e+05
9.761870000000000000e+05
9.761930000000000000e+05
9.762110000000000000e+05
9.762310000000000000e+05
9.762530000000000000e+05
9.762710000000000000e+05
9.762790000000000000e+05
9.763010000000000000e+05
9.763030000000000000e+05
9.763070000000000000e+05
9.763090000000000000e+05
9.763510000000000000e+05
9.763690000000000000e+05
9.764030000000000000e+05
9.764110000000000000e+05
9.764390000000000000e+05
9.764470000000000000e+05
9.764530000000000000e+05
9.764570000000000000e+05
9.764710000000000000e+05
9.764770000000000000e+05
9.764830000000000000e+05
9.764890000000000000e+05
9.765010000000000000e+05
9.765130000000000000e+05
9.765370000000000000e+05
9.765530000000000000e+05
9.765590000000000000e+05
9.765610000000000000e+05
9.765710000000000000e+05
9.766010000000000000e+05
9.766070000000000000e+05
9.766210000000000000e+05
9.766370000000000000e+05
9.766390000000000000e+05
9.766430000000000000e+05
9.766690000000000000e+05
9.766990000000000000e+05
9.767090000000000000e+05
9.767210000000000000e+05
9.767270000000000000e+05
9.767770000000000000e+05
9.767990000000000000e+05
9.768170000000000000e+05
9.768230000000000000e+05
9.768490000000000000e+05
9.768530000000000000e+05
9.768830000000000000e+05
9.769090000000000000e+05
9.769190000000000000e+05
9.769330000000000000e+05
9.769510000000000000e+05
9.769570000000000000e+05
9.769910000000000000e+05
9.770210000000000000e+05
9.770230000000000000e+05
9.770470000000000000e+05
9.770570000000000000e+05
9.770690000000000000e+05
9.770870000000000000e+05
9.771070000000000000e+05
9.771470000000000000e+05
9.771490000000000000e+05
9.771670000000000000e+05
9.771830000000000000e+05
9.771910000000000000e+05
9.772030000000000000e+05
9.772090000000000000e+05
9.772330000000000000e+05
9.772390000000000000e+05
9.772430000000000000e+05
9.772570000000000000e+05
9.772690000000000000e+05
9.772990000000000000e+05
9.773230000000000000e+05
9.773510000000000000e+05
9.773570000000000000e+05
9.773590000000000000e+05
9.773630000000000000e+05
9.773690000000000000e+05
9.774070000000000000e+05
9.774110000000000000e+05
9.774130000000000000e+05
9.774370000000000000e+05
9.774470000000000000e+05
9.775070000000000000e+05
9.775130000000000000e+05
9.775210000000000000e+05
9.775390000000000000e+05
9.775670000000000000e+05
9.775910000000000000e+05
9.775930000000000000e+05
