9.776090000000000000e+05
9.776110000000000000e+05
9.776290000000000000e+05
9.776710000000000000e+05
9.776810000000000000e+05
9.776930000000000000e+05
9.777190000000000000e+05
9.777230000000000000e+05
9.777470000000000000e+05
9.777610000000000000e+05
9.777910000000000000e+05
9.778030000000000000e+05
9.778130000000000000e+05
9.778190000000000000e+05
9.778310000000000000e+05
9.778490000000000000e+05
9.778610000000000000e+05
9.778810000000000000e+05
9.778970000000000000e+05
9.779230000000000000e+05
9.779270000000000000e+05
9.779710000000000000e+05
9.780010000000000000e+05
9.780070000000000000e+05
9.780110000000000000e+05
9.780170000000000000e+05
9.780310000000000000e+05
9.780370000000000000e+05
9.780410000000000000e+05
9.780490000000000000e+05
9.780530000000000000e+05
9.780670000000000000e+05
9.780710000000000000e+05
9.780730000000000000e+05
9.780770000000000000e+05
9.780790000000000000e+05
9.780910000000000000e+05
9.781130000000000000e+05
9.781490000000000000e+05
9.781510000000000000e+05
9.781570000000000000e+05
9.781790000000000000e+05
9.781810000000000000e+05
9.782030000000000000e+05
9.782090000000000000e+05
9.782170000000000000e+05
9.782230000000000000e+05
9.782330000000000000e+05
9.782390000000000000e+05
9.782690000000000000e+05
9.782770000000000000e+05
9.782830000000000000e+05
9.782870000000000000e+05
9.783230000000000000e+05
9.783370000000000000e+05
9.783430000000000000e+05
9.783470000000000000e+05
9.783490000000000000e+05
9.783590000000000000e+05
9.783890000000000000e+05
9.784030000000000000e+05
9.784130000000000000e+05
9.784270000000000000e+05
9.784490000000000000e+05
9.784570000000000000e+05
9.784630000000000000e+05
9.784730000000000000e+05
9.784790000000000000e+05
9.784910000000000000e+05
9.785110000000000000e+05
9.785210000000000000e+05
9.785410000000000000e+05
9.785690000000000000e+05
9.785990000000000000e+05
9.786110000000000000e+05
9.786170000000000000e+05
9.786190000000000000e+05
9.786430000000000000e+05
9.786470000000000000e+05
9.786830000000000000e+05
9.786890000000000000e+05
9.786970000000000000e+05
9.787130000000000000e+05
9.787270000000000000e+05
9.787430000000000000e+05
9.787490000000000000e+05
9.787730000000000000e+05
9.787970000000000000e+05
9.787990000000000000e+05
9.788210000000000000e+05
9.788390000000000000e+05
9.788510000000000000e+05
9.788530000000000000e+05
9.788630000000000000e+05
9.788710000000000000e+05
9.788830000000000000e+05
9.789070000000000000e+05
9.789170000000000000e+05
9.789310000000000000e+05
9.789470000000000000e+05
