9.805030000000000000e+05
9.805490000000000000e+05
9.805570000000000000e+05
9.805790000000000000e+05
9.805870000000000000e+05
9.805910000000000000e+05
9.805930000000000000e+05
9.805990000000000000e+05
9.806210000000000000e+05
9.806410000000000000e+05
9.806770000000000000e+05
9.806870000000000000e+05
9.806890000000000000e+05
9.807110000000000000e+05
9.807170000000000000e+05
9.807190000000000000e+05
9.807290000000000000e+05
9.807310000000000000e+05
9.807730000000000000e+05
9.808010000000000000e+05
9.808030000000000000e+05
9.808270000000000000e+05
9.808310000000000000e+05
9.808510000000000000e+05
9.808870000000000000e+05
9.808930000000000000e+05
9.808970000000000000e+05
9.808990000000000000e+05
9.809090000000000000e+05
9.809110000000000000e+05
9.809210000000000000e+05
9.809570000000000000e+05
9.809630000000000000e+05
9.809990000000000000e+05
9.810110000000000000e+05
9.810170000000000000e+05
9.810230000000000000e+05
9.810370000000000000e+05
9.810490000000000000e+05
9.810610000000000000e+05
9.810670000000000000e+05
9.810730000000000000e+05
9.810770000000000000e+05
9.810910000000000000e+05
9.811330000000000000e+05
9.811370000000000000e+05
9.811390000000000000e+05
9.811510000000000000e+05
9.811730000000000000e+05
9.811870000000000000e+05
9.811990000000000000e+05
9.812090000000000000e+05
9.812210000000000000e+05
9.812410000000000000e+05
9.812630000000000000e+05
9.812710000000000000e+05
9.812830000000000000e+05
9.812870000000000000e+05
9.812890000000000000e+05
9.813010000000000000e+05
9.813110000000000000e+05
9.813190000000000000e+05
9.813730000000000000e+05
9.813770000000000000e+05
9.813910000000000000e+05
9.813970000000000000e+05
9.814190000000000000e+05
9.814370000000000000e+05
9.814390000000000000e+05
9.814430000000000000e+05
9.814510000000000000e+05
9.814670000000000000e+05
9.814730000000000000e+05
9.814810000000000000e+05
9.814930000000000000e+05
9.815170000000000000e+05
9.815230000000000000e+05
9.815270000000000000e+05
9.815690000000000000e+05
9.815770000000000000e+05
9.815870000000000000e+05
9.815990000000000000e+05
9.816010000000000000e+05
9.816230000000000000e+05
9.816370000000000000e+05
9.816530000000000000e+05
9.816830000000000000e+05
9.816910000000000000e+05
9.816970000000000000e+05
9.817030000000000000e+05
9.817070000000000000e+05
9.817130000000000000e+05
9.817310000000000000e+05
9.817690000000000000e+05
9.817970000000000000e+05
9.818090000000000000e+05
9.818110000000000000e+05
9.818170000000000000e+05
9.818230000000000000e+05
9.818870000000000000e+05
