9.833170000000000000e+05
9.833270000000000000e+05
9.833290000000000000e+05
9.833470000000000000e+05
9.833630000000000000e+05
9.833710000000000000e+05
9.833770000000000000e+05
9.834070000000000000e+05
9.834290000000000000e+05
9.834310000000000000e+05
9.834410000000000000e+05
9.834430000000000000e+05
9.834470000000000000e+05
9.834490000000000000e+05
9.834610000000000000e+05
9.834910000000000000e+05
9.835130000000000000e+05
9.835190000000000000e+05
9.835270000000000000e+05
9.835310000000000000e+05
9.835330000000000000e+05
9.835570000000000000e+05
9.835790000000000000e+05
9.835810000000000000e+05
9.835970000000000000e+05
9.836170000000000000e+05
9.836590000000000000e+05
9.836990000000000000e+05
9.837010000000000000e+05
9.837370000000000000e+05
9.837710000000000000e+05
9.837770000000000000e+05
9.837830000000000000e+05
9.837890000000000000e+05
9.837910000000000000e+05
9.838030000000000000e+05
9.838090000000000000e+05
9.838130000000000000e+05
9.838190000000000000e+05
9.838490000000000000e+05
9.838610000000000000e+05
9.838630000000000000e+05
9.838810000000000000e+05
9.839110000000000000e+05
9.839230000000000000e+05
9.839290000000000000e+05
9.839510000000000000e+05
9.839870000000000000e+05
9.839930000000000000e+05
9.840070000000000000e+05
9.840170000000000000e+05
9.840370000000000000e+05
9.840470000000000000e+05
9.840590000000000000e+05
9.840830000000000000e+05
9.840910000000000000e+05
9.841190000000000000e+05
9.841210000000000000e+05
9.841270000000000000e+05
9.841490000000000000e+05
9.841670000000000000e+05
9.841990000000000000e+05
9.842110000000000000e+05
9.842410000000000000e+05
9.842530000000000000e+05
9.842990000000000000e+05
9.843010000000000000e+05
9.843070000000000000e+05
9.843230000000000000e+05
9.843290000000000000e+05
9.843370000000000000e+05
9.843410000000000000e+05
9.843490000000000000e+05
9.843530000000000000e+05
9.843590000000000000e+05
9.843670000000000000e+05
9.843830000000000000e+05
9.843910000000000000e+05
9.843970000000000000e+05
9.844070000000000000e+05
9.844130000000000000e+05
9.844210000000000000e+05
9.844270000000000000e+05
9.844370000000000000e+05
9.844570000000000000e+05
9.844610000000000000e+05
9.844810000000000000e+05
9.844910000000000000e+05
9.844970000000000000e+05
9.845390000000000000e+05
9.845410000000000000e+05
9.845630000000000000e+05
9.845830000000000000e+05
9.845870000000000000e+05
9.845930000000000000e+05
9.846110000000000000e+05
9.846170000000000000e+05
9.846670000000000000e+05
9.846890000000000000e+05
9.847010000000000000e+05
