9.847030000000000000e+05
9.847070000000000000e+05
9.847330000000000000e+05
9.847490000000000000e+05
9.847570000000000000e+05
9.847610000000000000e+05
9.848170000000000000e+05
9.848470000000000000e+05
9.848530000000000000e+05
9.848590000000000000e+05
9.848770000000000000e+05
9.848810000000000000e+05
9.849110000000000000e+05
9.849130000000000000e+05
9.849170000000000000e+05
9.849230000000000000e+05
9.849310000000000000e+05
9.849470000000000000e+05
9.849590000000000000e+05
9.850030000000000000e+05
9.850070000000000000e+05
9.850130000000000000e+05
9.850270000000000000e+05
9.850570000000000000e+05
9.850630000000000000e+05
9.850790000000000000e+05
9.850970000000000000e+05
9.851090000000000000e+05
9.851210000000000000e+05
9.851290000000000000e+05
9.851510000000000000e+05
9.851770000000000000e+05
9.851810000000000000e+05
9.852130000000000000e+05
9.852190000000000000e+05
9.852530000000000000e+05
9.852770000000000000e+05
9.852790000000000000e+05
9.852910000000000000e+05
9.853010000000000000e+05
9.853070000000000000e+05
9.853310000000000000e+05
9.853390000000000000e+05
9.853510000000000000e+05
9.853790000000000000e+05
9.853990000000000000e+05
9.854030000000000000e+05
9.854170000000000000e+05
9.854330000000000000e+05
9.854470000000000000e+05
9.854510000000000000e+05
9.854630000000000000e+05
9.854710000000000000e+05
9.854830000000000000e+05
9.854870000000000000e+05
9.854930000000000000e+05
9.854990000000000000e+05
9.855190000000000000e+05
9.855290000000000000e+05
9.855310000000000000e+05
9.855470000000000000e+05
9.855710000000000000e+05
9.855970000000000000e+05
9.856010000000000000e+05
9.856130000000000000e+05
9.856310000000000000e+05
9.856390000000000000e+05
9.856570000000000000e+05
9.856670000000000000e+05
9.856790000000000000e+05
9.857030000000000000e+05
9.857090000000000000e+05
9.857230000000000000e+05
9.857290000000000000e+05
9.857410000000000000e+05
9.857590000000000000e+05
9.857810000000000000e+05
9.857830000000000000e+05
9.857990000000000000e+05
9.858070000000000000e+05
9.858190000000000000e+05
9.858670000000000000e+05
9.858710000000000000e+05
9.858770000000000000e+05
9.859030000000000000e+05
9.859210000000000000e+05
9.859370000000000000e+05
9.859510000000000000e+05
9.859690000000000000e+05
9.859730000000000000e+05
9.859790000000000000e+05
9.859810000000000000e+05
9.859910000000000000e+05
9.859930000000000000e+05
9.859970000000000000e+05
9.860230000000000000e+05
9.860470000000000000e+05
9.860530000000000000e+05
9.860710000000000000e+05
9.861010000000000000e+05
