9.889090000000000000e+05
9.889370000000000000e+05
9.889510000000000000e+05
9.889630000000000000e+05
9.889790000000000000e+05
9.890110000000000000e+05
9.890290000000000000e+05
9.890590000000000000e+05
9.890710000000000000e+05
9.890810000000000000e+05
9.890990000000000000e+05
9.891190000000000000e+05
9.891230000000000000e+05
9.891710000000000000e+05
9.891730000000000000e+05
9.892310000000000000e+05
9.892390000000000000e+05
9.892490000000000000e+05
9.892510000000000000e+05
9.892790000000000000e+05
9.892930000000000000e+05
9.893090000000000000e+05
9.893210000000000000e+05
9.893230000000000000e+05
9.893270000000000000e+05
9.893410000000000000e+05
9.893470000000000000e+05
9.893530000000000000e+05
9.893770000000000000e+05
9.893810000000000000e+05
9.894110000000000000e+05
9.894190000000000000e+05
9.894230000000000000e+05
9.894410000000000000e+05
9.894670000000000000e+05
9.894770000000000000e+05
9.894790000000000000e+05
9.895070000000000000e+05
9.895330000000000000e+05
9.895570000000000000e+05
9.895610000000000000e+05
9.895790000000000000e+05
9.895810000000000000e+05
9.896230000000000000e+05
9.896290000000000000e+05
9.896410000000000000e+05
9.896470000000000000e+05
9.896630000000000000e+05
9.896710000000000000e+05
9.896870000000000000e+05
9.897190000000000000e+05
9.897430000000000000e+05
9.897490000000000000e+05
9.897530000000000000e+05
9.897610000000000000e+05
9.897770000000000000e+05
9.897830000000000000e+05
9.897970000000000000e+05
9.898030000000000000e+05
9.898270000000000000e+05
9.898310000000000000e+05
9.898370000000000000e+05
9.898390000000000000e+05
9.898690000000000000e+05
9.898730000000000000e+05
9.898870000000000000e+05
9.899090000000000000e+05
9.899170000000000000e+05
9.899210000000000000e+05
9.899290000000000000e+05
9.899390000000000000e+05
9.899510000000000000e+05
9.899590000000000000e+05
9.899710000000000000e+05
9.899770000000000000e+05
9.899810000000000000e+05
9.899990000000000000e+05
9.900010000000000000e+05
9.900130000000000000e+05
9.900230000000000000e+05
9.900370000000000000e+05
9.900430000000000000e+05
9.900530000000000000e+05
9.901370000000000000e+05
9.901510000000000000e+05
9.901630000000000000e+05
9.901690000000000000e+05
9.901790000000000000e+05
9.901810000000000000e+05
9.902110000000000000e+05
9.902390000000000000e+05
9.902590000000000000e+05
9.902770000000000000e+05
9.902810000000000000e+05
9.902870000000000000e+05
9.902890000000000000e+05
9.902930000000000000e+05
9.903070000000000000e+05
9.903130000000000000e+05
9.903230000000000000e+05
