9.903290000000000000e+05
9.903310000000000000e+05
9.903490000000000000e+05
9.903590000000000000e+05
9.903610000000000000e+05
9.903710000000000000e+05
9.903770000000000000e+05
9.903830000000000000e+05
9.903890000000000000e+05
9.903970000000000000e+05
9.904630000000000000e+05
9.904690000000000000e+05
9.904870000000000000e+05
9.904970000000000000e+05
9.905030000000000000e+05
9.905110000000000000e+05
9.905230000000000000e+05
9.905290000000000000e+05
9.905470000000000000e+05
9.905590000000000000e+05
9.905890000000000000e+05
9.905930000000000000e+05
9.905990000000000000e+05
9.906310000000000000e+05
9.906370000000000000e+05
9.906430000000000000e+05
9.906730000000000000e+05
9.907070000000000000e+05
9.907190000000000000e+05
9.907330000000000000e+05
9.907610000000000000e+05
9.907670000000000000e+05
9.907970000000000000e+05
9.907990000000000000e+05
9.908090000000000000e+05
9.908410000000000000e+05
9.908510000000000000e+05
9.908810000000000000e+05
9.908870000000000000e+05
9.908890000000000000e+05
9.908930000000000000e+05
9.909170000000000000e+05
9.909230000000000000e+05
9.909530000000000000e+05
9.909610000000000000e+05
9.909670000000000000e+05
9.909730000000000000e+05
9.909890000000000000e+05
9.910090000000000000e+05
9.910270000000000000e+05
9.910310000000000000e+05
9.910370000000000000e+05
9.910430000000000000e+05
9.910570000000000000e+05
9.910630000000000000e+05
9.910690000000000000e+05
9.910730000000000000e+05
9.910790000000000000e+05
9.910910000000000000e+05
9.911270000000000000e+05
9.911290000000000000e+05
9.911470000000000000e+05
9.911710000000000000e+05
9.911810000000000000e+05
9.911870000000000000e+05
9.912010000000000000e+05
9.912170000000000000e+05
9.912230000000000000e+05
9.912290000000000000e+05
9.912610000000000000e+05
9.912730000000000000e+05
9.913130000000000000e+05
9.913270000000000000e+05
9.913430000000000000e+05
9.913570000000000000e+05
9.913810000000000000e+05
9.913870000000000000e+05
9.914090000000000000e+05
9.914270000000000000e+05
9.914290000000000000e+05
9.914470000000000000e+05
9.914530000000000000e+05
9.914830000000000000e+05
9.914930000000000000e+05
9.914990000000000000e+05
9.915110000000000000e+05
9.915310000000000000e+05
9.915410000000000000e+05
9.915470000000000000e+05
9.915670000000000000e+05
9.915790000000000000e+05
9.916030000000000000e+05
9.916070000000000000e+05
9.916190000000000000e+05
9.916210000000000000e+05
9.916330000000000000e+05
9.916430000000000000e+05
9.916510000000000000e+05
9.916630000000000000e+05
9.916930000000000000e+05
