9.917030000000000000e+05
9.917170000000000000e+05
9.917230000000000000e+05
9.917330000000000000e+05
9.917410000000000000e+05
9.917510000000000000e+05
9.917770000000000000e+05
9.918110000000000000e+05
9.918170000000000000e+05
9.918670000000000000e+05
9.918710000000000000e+05
9.918730000000000000e+05
9.918830000000000000e+05
9.918890000000000000e+05
9.919010000000000000e+05
9.919090000000000000e+05
9.919270000000000000e+05
9.919310000000000000e+05
9.919430000000000000e+05
9.919510000000000000e+05
9.919570000000000000e+05
9.919610000000000000e+05
9.919730000000000000e+05
9.919790000000000000e+05
9.919810000000000000e+05
9.919870000000000000e+05
9.919990000000000000e+05
9.920110000000000000e+05
9.920210000000000000e+05
9.920230000000000000e+05
9.920510000000000000e+05
9.920870000000000000e+05
9.921110000000000000e+05
9.921130000000000000e+05
9.921290000000000000e+05
9.921410000000000000e+05
9.921530000000000000e+05
9.921790000000000000e+05
9.921830000000000000e+05
9.922190000000000000e+05
9.922310000000000000e+05
9.922490000000000000e+05
9.922630000000000000e+05
9.922670000000000000e+05
9.922690000000000000e+05
9.922810000000000000e+05
9.923090000000000000e+05
9.923170000000000000e+05
9.923570000000000000e+05
9.923590000000000000e+05
9.923630000000000000e+05
9.923710000000000000e+05
9.923930000000000000e+05
9.924170000000000000e+05
9.924290000000000000e+05
9.924370000000000000e+05
9.924410000000000000e+05
9.924490000000000000e+05
9.924610000000000000e+05
9.925130000000000000e+05
9.925210000000000000e+05
9.925390000000000000e+05
9.925490000000000000e+05
9.925610000000000000e+05
9.925910000000000000e+05
9.926030000000000000e+05
9.926090000000000000e+05
9.926230000000000000e+05
9.926330000000000000e+05
9.926590000000000000e+05
9.926890000000000000e+05
9.927010000000000000e+05
9.927070000000000000e+05
9.927230000000000000e+05
9.927370000000000000e+05
9.927770000000000000e+05
9.928010000000000000e+05
9.928090000000000000e+05
9.928190000000000000e+05
9.928430000000000000e+05
9.928570000000000000e+05
9.928610000000000000e+05
9.928630000000000000e+05
9.928670000000000000e+05
9.928910000000000000e+05
9.929030000000000000e+05
9.929170000000000000e+05
9.929230000000000000e+05
9.929410000000000000e+05
9.929470000000000000e+05
9.929630000000000000e+05
9.929830000000000000e+05
9.930010000000000000e+05
9.930110000000000000e+05
9.930370000000000000e+05
9.930490000000000000e+05
9.930530000000000000e+05
9.930790000000000000e+05
9.931030000000000000e+05
9.931070000000000000e+05
