9.945490000000000000e+05
9.945590000000000000e+05
9.945610000000000000e+05
9.945710000000000000e+05
9.945790000000000000e+05
9.945830000000000000e+05
9.946030000000000000e+05
9.946210000000000000e+05
9.946570000000000000e+05
9.946630000000000000e+05
9.946670000000000000e+05
9.946910000000000000e+05
9.946990000000000000e+05
9.947090000000000000e+05
9.947110000000000000e+05
9.947170000000000000e+05
9.947230000000000000e+05
9.947510000000000000e+05
9.947690000000000000e+05
9.947930000000000000e+05
9.948110000000000000e+05
9.948130000000000000e+05
9.948170000000000000e+05
9.948310000000000000e+05
9.948370000000000000e+05
9.948530000000000000e+05
9.948670000000000000e+05
9.948710000000000000e+05
9.948790000000000000e+05
9.949010000000000000e+05
9.949070000000000000e+05
9.949130000000000000e+05
9.949270000000000000e+05
9.949330000000000000e+05
9.949490000000000000e+05
9.949630000000000000e+05
9.949910000000000000e+05
9.949970000000000000e+05
9.950090000000000000e+05
9.950230000000000000e+05
9.950510000000000000e+05
9.950530000000000000e+05
9.950810000000000000e+05
9.951170000000000000e+05
9.951190000000000000e+05
9.951470000000000000e+05
9.951670000000000000e+05
9.951730000000000000e+05
9.952190000000000000e+05
9.952270000000000000e+05
9.952370000000000000e+05
9.952430000000000000e+05
9.952730000000000000e+05
9.953030000000000000e+05
9.953270000000000000e+05
9.953290000000000000e+05
9.953390000000000000e+05
9.953410000000000000e+05
9.953470000000000000e+05
9.953630000000000000e+05
9.953690000000000000e+05
9.953770000000000000e+05
9.953810000000000000e+05
9.953870000000000000e+05
9.953990000000000000e+05
9.954310000000000000e+05
9.954430000000000000e+05
9.954470000000000000e+05
9.954610000000000000e+05
9.954710000000000000e+05
9.955130000000000000e+05
9.955310000000000000e+05
9.955390000000000000e+05
9.955490000000000000e+05
9.955510000000000000e+05
9.955670000000000000e+05
9.955730000000000000e+05
9.955870000000000000e+05
9.955910000000000000e+05
9.955930000000000000e+05
9.956110000000000000e+05
9.956230000000000000e+05
9.956410000000000000e+05
9.956510000000000000e+05
9.956630000000000000e+05
9.956690000000000000e+05
9.956770000000000000e+05
9.956990000000000000e+05
9.957130000000000000e+05
9.957190000000000000e+05
9.957370000000000000e+05
9.957470000000000000e+05
9.957830000000000000e+05
9.957910000000000000e+05
9.958010000000000000e+05
9.958330000000000000e+05
9.958810000000000000e+05
9.958870000000000000e+05
9.959030000000000000e+05
9.959090000000000000e+05
