9.959270000000000000e+05
9.959410000000000000e+05
9.959570000000000000e+05
9.959590000000000000e+05
9.959830000000000000e+05
9.959870000000000000e+05
9.959890000000000000e+05
9.960010000000000000e+05
9.960110000000000000e+05
9.960190000000000000e+05
9.960490000000000000e+05
9.960670000000000000e+05
9.961030000000000000e+05
9.961090000000000000e+05
9.961190000000000000e+05
9.961430000000000000e+05
9.961570000000000000e+05
9.961610000000000000e+05
9.961670000000000000e+05
9.961690000000000000e+05
9.961730000000000000e+05
9.961870000000000000e+05
9.961970000000000000e+05
9.962090000000000000e+05
9.962110000000000000e+05
9.962530000000000000e+05
9.962570000000000000e+05
9.962630000000000000e+05
9.962710000000000000e+05
9.962930000000000000e+05
9.963010000000000000e+05
9.963110000000000000e+05
9.963230000000000000e+05
9.963290000000000000e+05
9.963610000000000000e+05
9.963670000000000000e+05
9.964030000000000000e+05
9.964070000000000000e+05
9.964090000000000000e+05
9.964310000000000000e+05
9.964610000000000000e+05
9.964870000000000000e+05
9.965110000000000000e+05
9.965290000000000000e+05
9.965390000000000000e+05
9.965510000000000000e+05
9.965630000000000000e+05
9.965710000000000000e+05
9.965990000000000000e+05
9.966010000000000000e+05
9.966170000000000000e+05
9.966290000000000000e+05
9.966310000000000000e+05
9.966370000000000000e+05
9.966470000000000000e+05
9.966490000000000000e+05
9.966890000000000000e+05
9.967030000000000000e+05
9.967390000000000000e+05
9.967630000000000000e+05
9.967810000000000000e+05
9.968030000000000000e+05
9.968110000000000000e+05
9.968410000000000000e+05
9.968470000000000000e+05
9.968570000000000000e+05
9.968590000000000000e+05
9.968710000000000000e+05
9.968810000000000000e+05
9.968830000000000000e+05
9.968870000000000000e+05
9.968990000000000000e+05
9.969530000000000000e+05
9.969670000000000000e+05
9.969730000000000000e+05
9.969790000000000000e+05
9.970010000000000000e+05
9.970130000000000000e+05
9.970190000000000000e+05
9.970210000000000000e+05
9.970370000000000000e+05
9.970430000000000000e+05
9.970570000000000000e+05
9.970690000000000000e+05
9.970810000000000000e+05
9.970910000000000000e+05
9.970970000000000000e+05
9.970990000000000000e+05
9.971030000000000000e+05
9.971090000000000000e+05
9.971110000000000000e+05
9.971210000000000000e+05
9.971230000000000000e+05
9.971410000000000000e+05
9.971470000000000000e+05
9.971510000000000000e+05
9.971530000000000000e+05
9.971630000000000000e+05
9.972010000000000000e+05
9.972070000000000000e+05
