9.972190000000000000e+05
9.972470000000000000e+05
9.972590000000000000e+05
9.972670000000000000e+05
9.972730000000000000e+05
9.972790000000000000e+05
9.973070000000000000e+05
9.973090000000000000e+05
9.973190000000000000e+05
9.973270000000000000e+05
9.973330000000000000e+05
9.973430000000000000e+05
9.973570000000000000e+05
9.973690000000000000e+05
9.973790000000000000e+05
9.973910000000000000e+05
9.974270000000000000e+05
9.974330000000000000e+05
9.974390000000000000e+05
9.974530000000000000e+05
9.974630000000000000e+05
9.975110000000000000e+05
9.975410000000000000e+05
9.975470000000000000e+05
9.975530000000000000e+05
9.975730000000000000e+05
9.975830000000000000e+05
9.975890000000000000e+05
9.975970000000000000e+05
9.976090000000000000e+05
9.976270000000000000e+05
9.976370000000000000e+05
9.976490000000000000e+05
9.976510000000000000e+05
9.976630000000000000e+05
9.976810000000000000e+05
9.976930000000000000e+05
9.976990000000000000e+05
9.977270000000000000e+05
9.977390000000000000e+05
9.977410000000000000e+05
9.977510000000000000e+05
9.977690000000000000e+05
9.977830000000000000e+05
9.977930000000000000e+05
9.978070000000000000e+05
9.978110000000000000e+05
9.978130000000000000e+05
9.978770000000000000e+05
9.978790000000000000e+05
9.978890000000000000e+05
9.978910000000000000e+05
9.978970000000000000e+05
9.979330000000000000e+05
9.979490000000000000e+05
9.979610000000000000e+05
9.979630000000000000e+05
9.979730000000000000e+05
9.979910000000000000e+05
9.980090000000000000e+05
9.980170000000000000e+05
9.980270000000000000e+05
9.980290000000000000e+05
9.980690000000000000e+05
9.980710000000000000e+05
9.980770000000000000e+05
9.980830000000000000e+05
9.981110000000000000e+05
9.981170000000000000e+05
9.981470000000000000e+05
9.981610000000000000e+05
9.981670000000000000e+05
9.981970000000000000e+05
9.982010000000000000e+05
9.982130000000000000e+05
9.982190000000000000e+05
9.982370000000000000e+05
9.982430000000000000e+05
9.982730000000000000e+05
9.982810000000000000e+05
9.982870000000000000e+05
9.983110000000000000e+05
9.983290000000000000e+05
9.983530000000000000e+05
9.983770000000000000e+05
9.983810000000000000e+05
9.983990000000000000e+05
9.984110000000000000e+05
9.984190000000000000e+05
9.984230000000000000e+05
9.984290000000000000e+05
9.984430000000000000e+05
9.984710000000000000e+05
9.984970000000000000e+05
9.985130000000000000e+05
9.985270000000000000e+05
9.985370000000000000e+05
9.985390000000000000e+05
9.985510000000000000e+05
9.985610000000000000e+05
