9.986170000000000000e+05
9.986230000000000000e+05
9.986290000000000000e+05
9.986330000000000000e+05
9.986510000000000000e+05
9.986530000000000000e+05
9.986810000000000000e+05
9.986870000000000000e+05
9.986890000000000000e+05
9.987170000000000000e+05
9.987370000000000000e+05
9.987430000000000000e+05
9.987490000000000000e+05
9.987590000000000000e+05
9.987790000000000000e+05
9.988130000000000000e+05
9.988190000000000000e+05
9.988310000000000000e+05
9.988390000000000000e+05
9.988430000000000000e+05
9.988570000000000000e+05
9.988610000000000000e+05
9.988970000000000000e+05
9.989090000000000000e+05
9.989170000000000000e+05
9.989270000000000000e+05
9.989410000000000000e+05
9.989470000000000000e+05
9.989510000000000000e+05
9.989570000000000000e+05
9.989690000000000000e+05
9.989830000000000000e+05
9.989890000000000000e+05
9.990070000000000000e+05
9.990230000000000000e+05
9.990290000000000000e+05
9.990430000000000000e+05
9.990490000000000000e+05
9.990670000000000000e+05
9.990830000000000000e+05
9.990910000000000000e+05
9.991010000000000000e+05
9.991330000000000000e+05
9.991490000000000000e+05
9.991690000000000000e+05
9.991810000000000000e+05
9.991990000000000000e+05
9.992170000000000000e+05
9.992210000000000000e+05
9.992330000000000000e+05
9.992390000000000000e+05
9.992690000000000000e+05
9.992870000000000000e+05
9.993070000000000000e+05
9.993290000000000000e+05
9.993310000000000000e+05
9.993590000000000000e+05
9.993710000000000000e+05
9.993770000000000000e+05
9.993890000000000000e+05
9.994310000000000000e+05
9.994330000000000000e+05
9.994370000000000000e+05
9.994510000000000000e+05
9.994910000000000000e+05
9.994990000000000000e+05
9.995210000000000000e+05
9.995290000000000000e+05
9.995410000000000000e+05
9.995530000000000000e+05
9.995630000000000000e+05
9.995990000000000000e+05
9.996110000000000000e+05
9.996130000000000000e+05
9.996230000000000000e+05
9.996310000000000000e+05
9.996530000000000000e+05
9.996670000000000000e+05
9.996710000000000000e+05
9.996830000000000000e+05
9.997210000000000000e+05
9.997270000000000000e+05
9.997490000000000000e+05
9.997630000000000000e+05
9.997690000000000000e+05
9.997730000000000000e+05
9.998090000000000000e+05
9.998530000000000000e+05
9.998630000000000000e+05
9.998830000000000000e+05
9.999070000000000000e+05
9.999170000000000000e+05
9.999310000000000000e+05
9.999530000000000000e+05
9.999590000000000000e+05
9.999610000000000000e+05
9.999790000000000000e+05
9.999830000000000000e+05
1.000003000000000000e+06
1.000033000000000000e+06
